raw_title,raw_description,price,currency,without_dds,offer_type,property_type,city,neighborhood,contact_info,agency,agency_url,details_url,num_photos,date_time_added,search_url,site,total_offers,ref_no,time,price_per_m2,area,floor,fingerprint_hash
"Земеделска земя, 5330m²","Категория 4, Нива",61950.0,ЛЕВА,False, продажба,земя,,,,,,,8,,,homesbg,,,днес,,,,ded584ff5ee6aff2b54520d047fdf39c
"Земеделска земя, 5000m²","Категория 4, Нива",100000.0,EUR,False, продажба,земя,,,,,,,2,,,homesbg,,,вчера,,,,0ae14a5e4b0019a5026d473f87f54b4a
"Земеделска земя, 1713m²","Категория 4, Овощна градина",20000.0,ЛЕВА,False, продажба,земя,,,,,,,10,,,homesbg,,,вчера,,,,acd207c8ddf40cc2e93a5b7cba16511c
"Земеделска земя, 895m²",Друго,10000.0,ЛЕВА,False, продажба,земя,,,,,,,1,,,homesbg,,,вчера,,,,d1ef53bcbb65a60f5fbbbf0373022f32
"Земеделска земя, 959m²","Категория 9, Нива",5000.0,EUR,False, продажба,земя,,,,,,,0,,,homesbg,,,вчера,,,,ff3da09dc5531338fc14b2575aba7ea5
"Земеделска земя, 11000m²","Категория 3, Нива",37000.0,ЛЕВА,False, продажба,земя,,,,,,,1,,,homesbg,,,вчера,,,,7787099204ef020b2b53f63dc09eff46
"Земеделска земя, 3798m²",Нива,94950.0,EUR,False, продажба,земя,,,,,,,4,,,homesbg,,,вчера,,,,f77cb20572029f649683855d6aef56e5
"Земеделска земя, 1148m²","Категория 8, Нива",34440.0,EUR,False, продажба,земя,,,,,,,3,,,homesbg,,,вчера,,,,dcf107b47267d6f9dff91adeed0def33
"Земеделска земя, 700m²","Категория 7, Лозе",14000.0,EUR,False, продажба,земя,,,,,,,3,,,homesbg,,,вчера,,,,ca45430c5d58a9caf601953fef2498aa
"Земеделска земя, 1000m²","Категория 6, Нива",55000.0,EUR,False, продажба,земя,,,,,,,1,,,homesbg,,,вчера,,,,057488d3741c6756f2f29c604c984c87
"Земеделска земя, 300m²",Категория 6,16500.0,EUR,False, продажба,земя,,,,,,,1,,,homesbg,,,вчера,,,,dc848bb3a5090f4c6d131e43cbfeb79a
"Земеделска земя, 700m²","Категория 6, Нива",38500.0,EUR,False, продажба,земя,,,,,,,1,,,homesbg,,,вчера,,,,6300783cae822b378a4a0fd5d8ad8493
"Земеделска земя, 1000m²","Категория 6, Нива",8000.0,ЛЕВА,False, продажба,земя,,,,,,,6,,,homesbg,,,вчера,,,,9ee66d5fd9950424c6a9cbf162229bcc
"Земеделска земя, 2001m²","Категория 7, Ливада",40000.0,ЛЕВА,False, продажба,земя,,,,,,,4,,,homesbg,,,вчера,,,,560583ff4cf186cf48a27f1c1484b213
"Земеделска земя, 10081m²","Категория 7, Нива",82700.0,ЛЕВА,False, продажба,земя,,,,,,,1,,,homesbg,,,вчера,,,,d149b188ef86b6bbf24e87455d358367
"Земеделска земя, 1333m²","Категория 10, Овощна градина",93310.0,ЛЕВА,False, продажба,земя,,,,,,,4,,,homesbg,,,вчера,,,,c0dc46f06596541cb9e89403fa6552d1
"Земеделска земя, 1000m²","Категория 6, Нива",30600.0,EUR,False, продажба,земя,,,,,,,4,,,homesbg,,,вчера,,,,ea0893f4fd728a368955f2e775d6895c
"Земеделска земя, 940m²","Категория 7, Ливада",37600.0,EUR,False, продажба,земя,,,,,,,1,,,homesbg,,,вчера,,,,e5f30dba95faa626624796e6525c92f3
"Земеделска земя, 3500m²","Категория 5, Нива",53000.0,EUR,False, продажба,земя,,,,,,,1,,,homesbg,,,вчера,,,,cb5312bbc6b49236dfa3a68525f9652d
"Земеделска земя, 8942m²","Категория 5, Друго",206800.0,EUR,False, продажба,земя,,,,,,,1,,,homesbg,,,вчера,,,,ec75e7b744900237731ec8664341313e
"Земеделска земя, 2194m²",Категория 9,21940.0,ЛЕВА,False, продажба,земя,,,,,,,6,,,homesbg,,,вчера,,,,bb7de5eb89f00993a628879e5a1d3986
"Земеделска земя, 4500m²","Категория 7, Нива",10000.0,EUR,False, продажба,земя,,,,,,,1,,,homesbg,,,вчера,,,,d1ef53bcbb65a60f5fbbbf0373022f32
"Земеделска земя, 464m²","Категория 4, Друго",15500.0,EUR,False, продажба,земя,,,,,,,3,,,homesbg,,,вчера,,,,1e46d2e14405138833ce51c07dda7f06
"Земеделска земя, 721m²","Категория 7, Нива",7200.0,ЛЕВА,False, продажба,земя,,,,,,,2,,,homesbg,,,вчера,,,,cc4eaf5845ec29d2aad7b4c11839786c
"Земеделска земя, 3977m²","Категория 7, Друго",39000.0,ЛЕВА,False, продажба,земя,,,,,,,1,,,homesbg,,,вчера,,,,f26b6a0ddaf4419502be915de0f275fe
"Земеделска земя, 1201m²","Категория 5, Нива",14500.0,EUR,False, продажба,земя,,,,,,,3,,,homesbg,,,вчера,,,,48f82c40bfc227e9f890c1c9bebdabed
"Земеделска земя, 12000m²","Категория 4, Нива",480000.0,ЛЕВА,False, продажба,земя,,,,,,,3,,,homesbg,,,вчера,,,,655aae82e834a2bbe2aa9d817a942831
"Земеделска земя, 2200m²","Категория 7, Нива",121000.0,ЛЕВА,False, продажба,земя,,,,,,,5,,,homesbg,,,вчера,,,,4c607040cdda1eda0a8b7d20519bf811
"Земеделска земя, 999m²","Категория 6, Нива",14985.0,EUR,False, продажба,земя,,,,,,,7,,,homesbg,,,вчера,,,,847a29127c38975e2c4ffc3644922d51
"Земеделска земя, 4553m²","Категория 10, Нива",20000.0,EUR,False, продажба,земя,,,,,,,7,,,homesbg,,,вчера,,,,acd207c8ddf40cc2e93a5b7cba16511c
"Земеделска земя, 1984m²","Категория 7, Нива",16500.0,EUR,False, продажба,земя,,,,,,,4,,,homesbg,,,вчера,,,,dc848bb3a5090f4c6d131e43cbfeb79a
"Земеделска земя, 464m²",Друго,15500.0,EUR,False, продажба,земя,,,,,,,3,,,homesbg,,,вчера,,,,1e46d2e14405138833ce51c07dda7f06
"Земеделска земя, 1502m²","Категория 7, Нива",30000.0,ЛЕВА,False, продажба,земя,,,,,,,1,,,homesbg,,,вчера,,,,7d20f6b2d08775fb9742d7788ecfbe22
"Земеделска земя, 3134m²","Категория 9, Нива",94000.0,ЛЕВА,False, продажба,земя,,,,,,,1,,,homesbg,,,вчера,,,,5ab0fde8752720d062d62b1a30bbd815
"Земеделска земя, 2000m²","Категория 6, Нива",62000.0,EUR,False, продажба,земя,,,,,,,3,,,homesbg,,,вчера,,,,ded584ff5ee6aff2b54520d047fdf39c
"Земеделска земя, 1004m²","Категория 5, Нива",10000.0,EUR,False, продажба,земя,,,,,,,6,,,homesbg,,,вчера,,,,d1ef53bcbb65a60f5fbbbf0373022f32
"Земеделска земя, 796m²","Категория 7, Нива",3200.0,ЛЕВА,False, продажба,земя,,,,,,,1,,,homesbg,,,вчера,,,,92f885f2ee7452368e0bd868391c2e15
"Земеделска земя, 24168m²",Ливада,49500.0,ЛЕВА,False, продажба,земя,,,,,,,1,,,homesbg,,,вчера,,,,94efc189ea14717937396b69dea4420b
"Земеделска земя, 3333m²","Категория 6, Нива",25900.0,EUR,False, продажба,земя,,,,,,,1,,,homesbg,,,вчера,,,,601cafc2716c47e46f98f68411c261c2
"Земеделска земя, 40000m²",Гора,480000.0,ЛЕВА,False, продажба,земя,,,,,,,4,,,homesbg,,,вчера,,,,655aae82e834a2bbe2aa9d817a942831
"Земеделска земя, 7020m²","Категория 4, Нива",70200.0,EUR,False, продажба,земя,,,,,,,1,,,homesbg,,,вчера,,,,d243608a34b472168ecb2ba921a96a1a
"Земеделска земя, 20027m²",,2222900.0,EUR,False, продажба,земя,,,,,,,2,,,homesbg,,,вчера,,,,51ba94faca61fc4b1f3326f984c3003d
"Земеделска земя, 6100m²",,54000.0,ЛЕВА,False, продажба,земя,,,,,,,2,,,homesbg,,,вчера,,,,a0413fe8e002cd79dc96e39ce9eb8bfd
"Земеделска земя, 5789m²",,145000.0,ЛЕВА,False, продажба,земя,,,,,,,1,,,homesbg,,,вчера,,,,02ab94273bf08bc781102a8f85544835
"Земеделска земя, 2503m²",,135000.0,EUR,False, продажба,земя,,,,,,,1,,,homesbg,,,вчера,,,,c3b8478ff73e3d3906d0505dcc5859f4
"Земеделска земя, 960m²",,21200.0,ЛЕВА,False, продажба,земя,,,,,,,3,,,homesbg,,,вчера,,,,94e87e97d19f37784b15a72e55273f19
"Земеделска земя, 4945m²",,29999.0,EUR,False, продажба,земя,,,,,,,1,,,homesbg,,,вчера,,,,7d20f6b2d08775fb9742d7788ecfbe22
"Земеделска земя, 23716m²",Друго,45000.0,EUR,False, продажба,земя,,,,,,,1,,,homesbg,,,,,,,15623563a337b4dbbc3371fe39569f92
"Земеделска земя, 1500m²",Гора,65900.0,EUR,False, продажба,земя,,,,,,,8,,,homesbg,,,,,,,714d06c2bbecba582693748468850891
"Земеделска земя, 4999m²",Гора,29990.0,EUR,False, продажба,земя,,,,,,,1,,,homesbg,,,,,,,7d20f6b2d08775fb9742d7788ecfbe22
"Земеделска земя, 1890m²",,45000.0,EUR,False, продажба,земя,,,,,,,1,,,homesbg,,,,,,,15623563a337b4dbbc3371fe39569f92
"Земеделска земя, 12001m²","Категория 3, Нива",85000.0,EUR,False, продажба,земя,,,,,,,1,,,homesbg,,,,,,,3c0d263778fae64a6875accc3918d99f
"Земеделска земя, 7005m²","Категория 3, Нива",30000.0,ЛЕВА,False, продажба,земя,,,,,,,1,,,homesbg,,,,,,,7d20f6b2d08775fb9742d7788ecfbe22
"Земеделска земя, 8822m²",,114690.0,EUR,False, продажба,земя,,,,,,,1,,,homesbg,,,,,,,09de0b82693867250b82debdd0af4b38
"Земеделска земя, 5881m²",,58810.0,EUR,False, продажба,земя,,,,,,,1,,,homesbg,,,,,,,40886256083ebfb886382dee6f5106db
"Земеделска земя, 892m²",,49000.0,EUR,False, продажба,земя,,,,,,,4,,,homesbg,,,,,,,ae6cf8a8f66c7a313569ed988e4ac45e
"Земеделска земя, 5511m²","Категория 5, Нива",30000.0,EUR,False, продажба,земя,,,,,,,1,,,homesbg,,,,,,,7d20f6b2d08775fb9742d7788ecfbe22
"Земеделска земя, 7500m²",Нива,300000.0,EUR,False, продажба,земя,,,,,,,1,,,homesbg,,,,,,,a84273dd045f04acc38a2ebac15afa0a
"Земеделска земя, 2000m²",Нива,5000.0,ЛЕВА,False, продажба,земя,,,,,,,10,,,homesbg,,,,,,,ff3da09dc5531338fc14b2575aba7ea5
"Земеделска земя, 2700m²",Нива,56720.0,ЛЕВА,False, продажба,земя,,,,,,,2,,,homesbg,,,,,,,e21a23675d54e8d85af3779c20b96a07
"Земеделска земя, 6825m²","Категория 4, Нива",216000.0,EUR,False, продажба,земя,,,,,,,1,,,homesbg,,,,,,,ae595ce11565adc7ae5d77fc775fec9a
"Земеделска земя, 4000m²","Категория 5, Нива",80000.0,EUR,False, продажба,земя,,,,,,,0,,,homesbg,,,,,,,6a33d3a5bdc27b41d0213263716e6fd3
"Земеделска земя, 17550m²",Друго,160000.0,EUR,False, продажба,земя,,,,,,,1,,,homesbg,,,,,,,1d96fcfdbdee8a3d040212c0934ce5bf
"Земеделска земя, 1154m²",,75010.0,EUR,False, продажба,земя,,,,,,,3,,,homesbg,,,,,,,7c865dbb04d8ed51952e02981338bc3b
"Земеделска земя, 11292m²","Категория 4, Нива",169380.0,EUR,False, продажба,земя,,,,,,,1,,,homesbg,,,,,,,06de7c140751dabdec720d73bdbae1ed
"Земеделска земя, 8000m²","Категория 9, Нива",56000.0,ЛЕВА,False, продажба,земя,,,,,,,1,,,homesbg,,,,,,,908e2b206199aaf33b35a10787034390
"Земеделска земя, 3000m²",Нива,21000.0,ЛЕВА,False, продажба,земя,,,,,,,1,,,homesbg,,,,,,,ee69a285f4a12344b2ca88d338fff2c7
"Земеделска земя, 3601m²",,28808.0,ЛЕВА,False, продажба,земя,,,,,,,1,,,homesbg,,,,,,,eab3807a4327833e4fd3daa0b2f34b99
"Земеделска земя, 3599m²","Категория 9, Нива",28792.0,ЛЕВА,False, продажба,земя,,,,,,,1,,,homesbg,,,,,,,eab3807a4327833e4fd3daa0b2f34b99
"Земеделска земя, 3500m²","Категория 4, Ливада",74135.0,EUR,False, продажба,земя,,,,,,,10,,,homesbg,,,,,,,246047d0d2d667ff654320de06465724
"Земеделска земя, 10000m²",Друго,220000.0,EUR,False, продажба,земя,,,,,,,1,,,homesbg,,,,,,,f65b6f3a3ca4dbb00c347446f325554a
"Земеделска земя, 1999m²",,57990.0,EUR,False, продажба,земя,,,,,,,2,,,homesbg,,,,,,,9da6147c6e46ae08efcadc6653b22f90
"Земеделска земя, 2700m²",,26000.0,EUR,False, продажба,земя,,,,,,,2,,,homesbg,,,,,,,eabc8f0c8960bca6c84dec2e0903e685
"Земеделска земя, 520m²",Нива,15600.0,EUR,False, продажба,земя,,,,,,,6,,,homesbg,,,,,,,8d155ceba3579ba3f618b537727cf27f
"Земеделска земя, 3560m²","Категория 3, Нива",0.0,EUR,False, продажба,земя,,,,,,,0,,,homesbg,,,,,,,b7c2d2784429cf4aa0f78a8b58a83570
"Земеделска земя, 2538m²","Категория 9, Ливада",24900.0,EUR,False, продажба,земя,,,,,,,2,,,homesbg,,,,,,,23d7732ca68d69a2812803ee42f30251
"Земеделска земя, 6000m²",,11000.0,ЛЕВА,False, продажба,земя,,,,,,,1,,,homesbg,,,,,,,6d277743e093b3db5d26b36e971277b1
"Земеделска земя, 3694m²","Категория 4, Лозе",22000.0,EUR,False, продажба,земя,,,,,,,2,,,homesbg,,,,,,,58750575bb8b8e84c7e0c9342288a8d9
"Земеделска земя, 3729m²","Категория 5, Нива",178752.0,EUR,False, продажба,земя,,,,,,,1,,,homesbg,,,,,,,386744868fef9f110b05b0a004eb10ed
"Земеделска земя, 6750m²","Категория 5, Нива",67500.0,EUR,False, продажба,земя,,,,,,,3,,,homesbg,,,,,,,1c156eda81065b258751a934b70c893e
"Земеделска земя, 1618m²","Категория 6, Нива",98000.0,EUR,False, продажба,земя,,,,,,,4,,,homesbg,,,,,,,4eaa37e8b987c9a8575f7eebb9280000
"Земеделска земя, 950m²","Категория 6, Нива",85500.0,EUR,False, продажба,земя,,,,,,,3,,,homesbg,,,,,,,f0899487cfdfd3089bdf3decb6408fa7
"Земеделска земя, 2001m²","Категория 5, Ливада",120000.0,EUR,False, продажба,земя,,,,,,,5,,,homesbg,,,,,,,b84a25be0b5fd3724754c8f64fe56e09
"Земеделска земя, 2100m²","Категория 6, Ливада",170000.0,EUR,False, продажба,земя,,,,,,,3,,,homesbg,,,,,,,ca3efbde81671f6f155bb67c8afb9e2b
"Земеделска земя, 3559m²",,205000.0,EUR,False, продажба,земя,,,,,,,2,,,homesbg,,,,,,,1e6ca10db45bcfce31362e621826c86f
"Земеделска земя, 2955m²",,175000.0,EUR,False, продажба,земя,,,,,,,1,,,homesbg,,,,,,,fc2d844d4eac5354263bb93844a54243
"Земеделска земя, 22800m²",,175000.0,EUR,False, продажба,земя,,,,,,,2,,,homesbg,,,,,,,fc2d844d4eac5354263bb93844a54243
"Земеделска земя, 31800m²",,45525.0,EUR,False, продажба,земя,,,,,,,1,,,homesbg,,,,,,,9aa4cf801fa5a1f5404df08d9576cdc3
"Земеделска земя, 19200m²",,27455.0,EUR,False, продажба,земя,,,,,,,1,,,homesbg,,,,,,,8eed25faf4bac10b9f0f4709a59a1653
"Земеделска земя, 3408m²",,36900.0,EUR,False, продажба,земя,,,,,,,1,,,homesbg,,,,,,,98d6bb69312d6c14f86d8b1671c52ab6
"Земеделска земя, 4775m²",Друго,22000.0,EUR,False, продажба,земя,,,,,,,1,,,homesbg,,,,,,,58750575bb8b8e84c7e0c9342288a8d9
"Земеделска земя, 4999m²",Друго,11000.0,EUR,False, продажба,земя,,,,,,,1,,,homesbg,,,,,,,6d277743e093b3db5d26b36e971277b1
"Земеделска земя, 2042m²",Друго,13000.0,EUR,False, продажба,земя,,,,,,,1,,,homesbg,,,,,,,2a84c662565357673d8cc900904de466
"Земеделска земя, 2517m²",Друго,299900.0,EUR,False, продажба,земя,,,,,,,0,,,homesbg,,,,,,,963aff5c963ad679564b5c00fa122291
"Земеделска земя, 3941m²",Друго,35000.0,EUR,False, продажба,земя,,,,,,,1,,,homesbg,,,,,,,692bb78fc14b44c281bb332e6810d995
"Земеделска земя, 1500m²",Друго,215000.0,EUR,False, продажба,земя,,,,,,,1,,,homesbg,,,,,,,935b4a83c8c54ca99a5c44dfac690292
"Земеделска земя, 5500m²",,96900.0,EUR,False, продажба,земя,,,,,,,1,,,homesbg,,,,,,,009d76c456219e6b0312579669bc35bd
"Земеделска земя, 8309m²",,35000.0,EUR,False, продажба,земя,,,,,,,1,,,homesbg,,,,,,,692bb78fc14b44c281bb332e6810d995
"Земеделска земя, 2999m²",,180000.0,EUR,False, продажба,земя,,,,,,,1,,,homesbg,,,,,,,c6cf94d1acc4e6666cbf228fdca2705e
"Земеделска земя, 30101m²","Категория 10, Гора",0.0,EUR,False, продажба,земя,,,,,,,1,,,homesbg,,,,,,,b7c2d2784429cf4aa0f78a8b58a83570
"Земеделска земя, 3700m²",Нива,140000.0,ЛЕВА,False, продажба,земя,,,,,,,7,,,homesbg,,,,,,,b3599f2a7a571baa6d352a36ce4ce46a
"Земеделска земя, 2839m²","Категория 8, Нива",127755.0,EUR,False, продажба,земя,,,,,,,4,,,homesbg,,,,,,,e86fcde3326a085edfd6e4d6a37afb35
"Земеделска земя, 2100m²","Категория 8, Нива",13000.0,ЛЕВА,False, продажба,земя,,,,,,,1,,,homesbg,,,,,,,2a84c662565357673d8cc900904de466
"Земеделска земя, 1203m²",Нива,20451.0,EUR,False, продажба,земя,,,,,,,1,,,homesbg,,,,,,,157c4d95a5d159f89c86f11de9409409
"Земеделска земя, 1040m²",Нива,17680.0,EUR,False, продажба,земя,,,,,,,1,,,homesbg,,,,,,,95c8fa46edab68fe3c25e5ab34b766af
"Земеделска земя, 7994m²",,202500.0,EUR,False, продажба,земя,,,,,,,1,,,homesbg,,,,,,,19b48c4e7096194eddbd4275b3c910c6
"Земеделска земя, 630000m²","Категория 3, Нива",408500.0,EUR,False, продажба,земя,,,,,,,1,,,homesbg,,,,,,,56544caeb4b951d853c4c6f60706962a
"Земеделска земя, 12000m²","Категория 3, Нива",15000.0,EUR,False, продажба,земя,,,,,,,1,,,homesbg,,,,,,,847a29127c38975e2c4ffc3644922d51
"Земеделска земя, 2733m²",Друго,68000.0,EUR,False, продажба,земя,,,,,,,1,,,homesbg,,,,,,,30d191fe3567938bdc3b19853fe12631
"Земеделска земя, 3001m²",Друго,75000.0,EUR,False, продажба,земя,,,,,,,2,,,homesbg,,,,,,,7c865dbb04d8ed51952e02981338bc3b
"Земеделска земя, 4001m²",Друго,28000.0,EUR,False, продажба,земя,,,,,,,1,,,homesbg,,,,,,,ed50771a62ec073aa59cbc403ee5f46a
"Земеделска земя, 4000m²",Друго,28000.0,EUR,False, продажба,земя,,,,,,,1,,,homesbg,,,,,,,ed50771a62ec073aa59cbc403ee5f46a
"Земеделска земя, 7598m²",Друго,53000.0,EUR,False, продажба,земя,,,,,,,1,,,homesbg,,,,,,,cb5312bbc6b49236dfa3a68525f9652d
"Земеделска земя, 7702m²",Друго,54000.0,EUR,False, продажба,земя,,,,,,,1,,,homesbg,,,,,,,a0413fe8e002cd79dc96e39ce9eb8bfd
"Земеделска земя, 862m²",,5400.0,ЛЕВА,False, продажба,земя,,,,,,,1,,,homesbg,,,,,,,f43a1e8ccd4e24bdac4f8cbf9ff25023
"Земеделска земя, 851m²",,3800.0,ЛЕВА,False, продажба,земя,,,,,,,1,,,homesbg,,,,,,,7c91876261875004662f63357caa0e9b
"Земеделска земя, 4820m²",,31000.0,ЛЕВА,False, продажба,земя,,,,,,,1,,,homesbg,,,,,,,f02d004ba86804ef71ebf8b7fbeb2c2e
"Земеделска земя, 16000m²","Категория 9, Нива",0.0,ЛЕВА,False, продажба,земя,,,,,,,1,,,homesbg,,,,,,,b7c2d2784429cf4aa0f78a8b58a83570
"Земеделска земя, 800m²",,2500.0,EUR,False, продажба,земя,,,,,,,1,,,homesbg,,,,,,,04f7392c7256f97463efc5d262a96b3a
"Земеделска земя, 10000m²",Нива,120000.0,EUR,False, продажба,земя,,,,,,,1,,,homesbg,,,,,,,b84a25be0b5fd3724754c8f64fe56e09
"Земеделска земя, 4690m²",Нива,234500.0,EUR,False, продажба,земя,,,,,,,1,,,homesbg,,,,,,,c8ad1ae45b28ae48c8632ca158df8807
"Земеделска земя, 4270m²","Категория 5, Нива",9500.0,ЛЕВА,False, продажба,земя,,,,,,,1,,,homesbg,,,,,,,2f65dfdd15b32acd0a3f3fb39c21584d
"Земеделска земя, 4600m²","Категория 4, Лозе",17000.0,ЛЕВА,False, продажба,земя,,,,,,,4,,,homesbg,,,,,,,1e49054fde411d899ebdc79702011b23
"Земеделска земя, 25000m²","Категория 6, Нива",42000.0,ЛЕВА,False, продажба,земя,,,,,,,1,,,homesbg,,,,,,,597210c0c42d762339cb205f68ab8a91
"Земеделска земя, 6327m²",Друго,126540.0,EUR,False, продажба,земя,,,,,,,2,,,homesbg,,,,,,,afa71a74532ac45eaf781f01043de22b
"Земеделска земя, 2573m²",,87500.0,EUR,False, продажба,земя,,,,,,,1,,,homesbg,,,,,,,5838bddb7d13fceb087ff625c7b23851
"Земеделска земя, 8100m²",,35000.0,ЛЕВА,False, продажба,земя,,,,,,,1,,,homesbg,,,,,,,692bb78fc14b44c281bb332e6810d995
"Земеделска земя, 69149m²",,36000.0,EUR,False, продажба,земя,,,,,,,1,,,homesbg,,,,,,,30ada375d0c169bd15c2518f3cffc11b
"Земеделска земя, 2000m²","Категория 4, Нива",55000.0,ЛЕВА,False, продажба,земя,,,,,,,3,,,homesbg,,,,,,,057488d3741c6756f2f29c604c984c87
"Земеделска земя, 34000m²","Категория 4, Нива",147300.0,ЛЕВА,False, продажба,земя,,,,,,,4,,,homesbg,,,,,,,e62fe07a4306797b60005b8fa20be390
"Земеделска земя, 3719m²",Друго,111570.0,EUR,False, продажба,земя,,,,,,,1,,,homesbg,,,,,,,ecebf87413914e09eb39b2d6db0978e3
"Земеделска земя, 930m²",Друго,27900.0,EUR,False, продажба,земя,,,,,,,1,,,homesbg,,,,,,,ad3e9931db750df47d7bca4c29c3e37f
"Земеделска земя, 2419m²",Друго,72570.0,EUR,False, продажба,земя,,,,,,,1,,,homesbg,,,,,,,4510a97cd537397ffabf400c31cfdfd4
"Земеделска земя, 470m²",Друго,14100.0,EUR,False, продажба,земя,,,,,,,1,,,homesbg,,,,,,,f5b3d8d90596faf4045c96545f7b3595
"Земеделска земя, 1580m²",Друго,47400.0,EUR,False, продажба,земя,,,,,,,1,,,homesbg,,,,,,,f78620ca7e1b79750aa5be7804fb8714
"Земеделска земя, 4024m²",Друго,120720.0,EUR,False, продажба,земя,,,,,,,1,,,homesbg,,,,,,,a0e69a00d4c2163226fe596ff5d8d30f
"Земеделска земя, 10895m²",,435000.0,EUR,False, продажба,земя,,,,,,,2,,,homesbg,,,,,,,564231780a16e8cef84efa6a6f023a28
"Земеделска земя, 8163m²",,129700.0,EUR,False, продажба,земя,,,,,,,2,,,homesbg,,,,,,,5135eabd9d8a6e7aafb4ca99b4ce2489
"Земеделска земя, 5007m²",,109700.0,EUR,False, продажба,земя,,,,,,,2,,,homesbg,,,,,,,a498d0137533b7c629a7c86c429daf2a
"Земеделска земя, 9005m²",,191700.0,EUR,False, продажба,земя,,,,,,,2,,,homesbg,,,,,,,a19e1cdbdec9b43efeb7a484d45b8085
"Земеделска земя, 5298m²","Категория 3, Нива",132450.0,EUR,False, продажба,земя,,,,,,,2,,,homesbg,,,,,,,8facf729b8f40431d13ab87a3df96c42
"Земеделска земя, 770m²","Категория 4, Нива",35000.0,EUR,False, продажба,земя,,,,,,,2,,,homesbg,,,,,,,692bb78fc14b44c281bb332e6810d995
"Земеделска земя, 231000m²","Категория 9, Нива",1500000.0,ЛЕВА,False, продажба,земя,,,,,,,0,,,homesbg,,,,,,,547ad6aa86ab86710bfb6d45f79e7f17
"Земеделска земя, 1006m²",,5500.0,ЛЕВА,False, продажба,земя,,,,,,,1,,,homesbg,,,,,,,56e5edf165aa22ca25dd86590a1d5486
"Земеделска земя, 458m²",,3200.0,ЛЕВА,False, продажба,земя,,,,,,,1,,,homesbg,,,,,,,92f885f2ee7452368e0bd868391c2e15
"Земеделска земя, 2400m²",,36000.0,EUR,False, продажба,земя,,,,,,,1,,,homesbg,,,,,,,30ada375d0c169bd15c2518f3cffc11b
"Земеделска земя, 500m²","Категория 4, Ливада",5113.0,EUR,False, продажба,земя,,,,,,,10,,,homesbg,,,,,,,bead5ae94c1e2cf5daca101525310ad4
"Земеделска земя, 1000m²","Категория 1, Ливада",80000.0,ЛЕВА,False, продажба,земя,,,,,,,0,,,homesbg,,,,,,,6a33d3a5bdc27b41d0213263716e6fd3
"Земеделска земя, 7902m²","Категория 5, Нива",12000.0,ЛЕВА,False, продажба,земя,,,,,,,1,,,homesbg,,,,,,,994d6c5b3455752c6b72ed941b8ec6e4
"Земеделска земя, 3093m²","Категория 7, Ливада",61860.0,EUR,False, продажба,земя,,,,,,,2,,,homesbg,,,,,,,d72b0be3edf740b1f4eb33f9899d847b
"Земеделска земя, 939m²","Категория 6, Нива",10000.0,ЛЕВА,False, продажба,земя,,,,,,,1,,,homesbg,,,,,,,d1ef53bcbb65a60f5fbbbf0373022f32
"Земеделска земя, 4820m²","Категория 5, Нива",120500.0,EUR,False, продажба,земя,,,,,,,9,,,homesbg,,,,,,,39ab9b75defe49b9eb68d6ffe178f8f2
"Земеделска земя, 4580m²",Ливада,91600.0,ЛЕВА,False, продажба,земя,,,,,,,1,,,homesbg,,,,,,,77ec69c0713e1ea8c6f77979b71b8cf3
"Земеделска земя, 9154m²","Категория 5, Нива",0.0,EUR,False, продажба,земя,,,,,,,2,,,homesbg,,,,,,,b7c2d2784429cf4aa0f78a8b58a83570
"Земеделска земя, 13021m²","Категория 8, Нива",7280.0,ЛЕВА,False, продажба,земя,,,,,,,8,,,homesbg,,,,,,,825af3b20aed4114d683a046a6c56ef8
"Земеделска земя, 1000m²","Категория 5, Лозе",26000.0,EUR,False, продажба,земя,,,,,,,2,,,homesbg,,,,,,,eabc8f0c8960bca6c84dec2e0903e685
"Земеделска земя, 2399m²",,53000.0,EUR,False, продажба,земя,,,,,,,2,,,homesbg,,,,,,,cb5312bbc6b49236dfa3a68525f9652d
"Земеделска земя, 13400m²",,134000.0,EUR,False, продажба,земя,,,,,,,1,,,homesbg,,,,,,,38a6fd6f355b41b3a26575178dc8828c
"Земеделска земя, 4741m²",,213345.0,EUR,False, продажба,земя,,,,,,,0,,,homesbg,,,,,,,55083afdd2e60911c56c3776ad022c01
"Земеделска земя, 5947m²",,24700.0,EUR,False, продажба,земя,,,,,,,1,,,homesbg,,,,,,,e9fa84cdc6fccfaf04f630df1d7f19bc
"Земеделска земя, 1200m²",,30000.0,EUR,False, продажба,земя,,,,,,,1,,,homesbg,,,,,,,7d20f6b2d08775fb9742d7788ecfbe22
"Земеделска земя, 9500m²","Категория 3, Нива",0.0,EUR,False, продажба,земя,,,,,,,3,,,homesbg,,,,,,,b7c2d2784429cf4aa0f78a8b58a83570
"Земеделска земя, 5100m²","Категория 4, Нива",0.0,EUR,False, продажба,земя,,,,,,,4,,,homesbg,,,,,,,b7c2d2784429cf4aa0f78a8b58a83570
"Земеделска земя, 15000m²","Категория 4, Нива",0.0,EUR,False, продажба,земя,,,,,,,5,,,homesbg,,,,,,,b7c2d2784429cf4aa0f78a8b58a83570
"Земеделска земя, 6000m²","Категория 3, Нива",6000.0,EUR,False, продажба,земя,,,,,,,3,,,homesbg,,,,,,,17c8b082007daaf517bb22afb9ef87f8
"Земеделска земя, 5080m²","Категория 4, Нива",5000.0,EUR,False, продажба,земя,,,,,,,3,,,homesbg,,,,,,,ff3da09dc5531338fc14b2575aba7ea5
"Земеделска земя, 11200m²","Категория 6, Овощна градина",39000.0,EUR,False, продажба,земя,,,,,,,3,,,homesbg,,,,,,,f26b6a0ddaf4419502be915de0f275fe
"Земеделска земя, 1000m²",,8000.0,EUR,False, продажба,земя,,,,,,,1,,,homesbg,,,,,,,9ee66d5fd9950424c6a9cbf162229bcc
"Земеделска земя, 6200m²",Друго,16000.0,EUR,False, продажба,земя,,,,,,,5,,,homesbg,,,,,,,762e5e25f71afca667ab5dca172bb9ec
"Земеделска земя, 3200m²",,63000.0,EUR,False, продажба,земя,,,,,,,5,,,homesbg,,,,,,,4aa1c2192f486e087532b40b2d850c3f
"Земеделска земя, 2851m²","Категория 7, Ливада",128295.0,ЛЕВА,False, продажба,земя,,,,,,,1,,,homesbg,,,,,,,6a802583b5ab3c98eb104d50420f01f2
"Земеделска земя, 1354m²","Категория 10, Ливада",47390.0,ЛЕВА,False, продажба,земя,,,,,,,1,,,homesbg,,,,,,,f78620ca7e1b79750aa5be7804fb8714
"Земеделска земя, 848m²",Друго,48500.0,EUR,False, продажба,земя,,,,,,,6,,,homesbg,,,,,,,9a5953b78ec7212946a68665b7f41c01
"Земеделска земя, 1141m²",,34914.0,EUR,False, продажба,земя,,,,,,,1,,,homesbg,,,,,,,686fc0223ef71cec5de35b01ee262a74
"Земеделска земя, 11005m²",,570000.0,EUR,False, продажба,земя,,,,,,,1,,,homesbg,,,,,,,f10d617ed0e7eb39e3ace9909f13d559
"Земеделска земя, 8000m²","Категория 3, Нива",320000.0,EUR,False, продажба,земя,,,,,,,1,,,homesbg,,,,,,,5ca3b29265342e115d94986374ddee2d
"Земеделска земя, 2500m²",Нива,19000.0,EUR,False, продажба,земя,,,,,,,1,,,homesbg,,,,,,,e3c6e57fb0878aa2fb0cf2cd2e491383
"Земеделска земя, 15000m²","Категория 3, Нива",4500.0,ЛЕВА,False, продажба,земя,,,,,,,0,,,homesbg,,,,,,,d12c06db2fd2d224d5719acb6e70eaf8
"Земеделска земя, 3000m²","Категория 3, Нива",40000.0,ЛЕВА,False, продажба,земя,,,,,,,4,,,homesbg,,,,,,,560583ff4cf186cf48a27f1c1484b213
"Земеделска земя, 1002m²",,17500.0,ЛЕВА,False, продажба,земя,,,,,,,1,,,homesbg,,,,,,,354e5678317e995b1f4c75f411ff6be4
"Земеделска земя, 1613m²",,81000.0,EUR,False, продажба,земя,,,,,,,1,,,homesbg,,,,,,,c85ce4f8778455458ae0dc5a2202f2d8
"Земеделска земя, 1048m²",,68120.0,EUR,False, продажба,земя,,,,,,,3,,,homesbg,,,,,,,1325af11fc028e75548d6c5c3a5e71db
"Земеделска земя, 7556m²","Категория 5, Лозе",38700.0,EUR,False, продажба,земя,,,,,,,1,,,homesbg,,,,,,,2a5f30b3a3c518702cdc7f5d80f1884e
"Земеделска земя, 3135m²",,78375.0,EUR,False, продажба,земя,,,,,,,1,,,homesbg,,,,,,,da59762e2a5ca44182352981006b33a2
"Земеделска земя, 36500m²",,77000.0,EUR,False, продажба,земя,,,,,,,1,,,homesbg,,,,,,,691e6ee146034e3241a06c29192a2371
"Земеделска земя, 3711m²",,204105.0,EUR,False, продажба,земя,,,,,,,1,,,homesbg,,,,,,,a5d23e3ef66ffdb0dd7721babbc948ca
"Земеделска земя, 2088m²",,114840.0,EUR,False, продажба,земя,,,,,,,1,,,homesbg,,,,,,,9bbddd6e71e95aa9b26fa5fb4a1e71d2
"Земеделска земя, 3200m²",Нива,32800.0,EUR,False, продажба,земя,,,,,,,0,,,homesbg,,,,,,,f4758ecb055ef58888f69d15b9b0b98b
"Земеделска земя, 10000m²","Категория 5, Нива",62000.0,ЛЕВА,False, продажба,земя,,,,,,,0,,,homesbg,,,,,,,ded584ff5ee6aff2b54520d047fdf39c
"Земеделска земя, 2700m²","Категория 5, Нива",14500.0,EUR,False, продажба,земя,,,,,,,6,,,homesbg,,,,,,,48f82c40bfc227e9f890c1c9bebdabed
"Земеделска земя, 5000m²","Категория 5, Нива",25000.0,EUR,False, продажба,земя,,,,,,,0,,,homesbg,,,,,,,826fdce77d10b5115c850640966e3364
"Земеделска земя, 9200m²",Нива,216000.0,EUR,False, продажба,земя,,,,,,,3,,,homesbg,,,,,,,ae595ce11565adc7ae5d77fc775fec9a
"Земеделска земя, 4100m²","Категория 5, Нива",49200.0,EUR,False, продажба,земя,,,,,,,0,,,homesbg,,,,,,,e71fbbf7d9b0af7f7ac6f067514bc48e
"Земеделска земя, 3000m²","Категория 4, Овощна градина",12000.0,ЛЕВА,False, продажба,земя,,,,,,,3,,,homesbg,,,,,,,994d6c5b3455752c6b72ed941b8ec6e4
"Земеделска земя, 5200m²","Категория 3, Нива",66500.0,ЛЕВА,False, продажба,земя,,,,,,,1,,,homesbg,,,,,,,e506f268099a6c276346db7d8f20b43c
"Земеделска земя, 78000m²","Категория 5, Овощна градина",119000.0,EUR,False, продажба,земя,,,,,,,1,,,homesbg,,,,,,,2afdaf652431715579a15c5d17a3d619
"Земеделска земя, 5000m²","Категория 3, Нива",25600.0,EUR,False, продажба,земя,,,,,,,1,,,homesbg,,,,,,,8123fe41b9e32be6d78082c2d28afd52
"Земеделска земя, 5224m²","Категория 4, Нива",55000.0,EUR,False, продажба,земя,,,,,,,0,,,homesbg,,,,,,,057488d3741c6756f2f29c604c984c87
"Земеделска земя, 26000m²",Овощна градина,265000.0,ЛЕВА,False, продажба,земя,,,,,,,0,,,homesbg,,,,,,,efa8a4d96c2ce521caf9d2d3f6a7d9ab
"Земеделска земя, 3500m²",Нива,70500.0,EUR,False, продажба,земя,,,,,,,0,,,homesbg,,,,,,,2e5e4fb83d46bc2347e3f1a5ac0d31e1
"Земеделска земя, 15000m²","Категория 7, Овощна градина",205000.0,ЛЕВА,False, продажба,земя,,,,,,,0,,,homesbg,,,,,,,1e6ca10db45bcfce31362e621826c86f
"Земеделска земя, 24000m²",Нива,60000.0,EUR,False, продажба,земя,,,,,,,0,,,homesbg,,,,,,,b22852c7b6ab4f2d09dce3f7e68993cc
"Земеделска земя, 7000m²","Категория 5, Нива",7000.0,ЛЕВА,False, продажба,земя,,,,,,,0,,,homesbg,,,,,,,7382b1ff5ad0bb09f5f9238b8b3a8772
"Земеделска земя, 6400m²",Нива,109500.0,EUR,False, продажба,земя,,,,,,,2,,,homesbg,,,,,,,c75c5e6d7d28a9782f774cfbfcdc2489
"Земеделска земя, 26000m²","Категория 5, Нива",44000.0,ЛЕВА,False, продажба,земя,,,,,,,0,,,homesbg,,,,,,,e1fe24546fce3d8fde521d25e1f5005b
"Земеделска земя, 11000m²","Категория 3, Овощна градина",100000.0,EUR,False, продажба,земя,,,,,,,0,,,homesbg,,,,,,,0ae14a5e4b0019a5026d473f87f54b4a
"Земеделска земя, 4100m²",Нива,82000.0,EUR,False, продажба,земя,,,,,,,2,,,homesbg,,,,,,,733948bafac14ca99640c2cb55a8aaad
"Земеделска земя, 8100m²","Категория 4, Нива",73500.0,EUR,False, продажба,земя,,,,,,,3,,,homesbg,,,,,,,68e4e16ef329049159dcb13daa28ff65
"Земеделска земя, 4500m²","Категория 4, Овощна градина",158000.0,EUR,False, продажба,земя,,,,,,,1,,,homesbg,,,,,,,c7f73a5fda92e3c15ba6204e7e9b4ca6
"Земеделска земя, 6000m²","Категория 5, Нива",90000.0,EUR,False, продажба,земя,,,,,,,0,,,homesbg,,,,,,,a509f2bda991911e74d51f5f670ff2b0
"Земеделска земя, 1200m²",Нива,30000.0,EUR,False, продажба,земя,,,,,,,0,,,homesbg,,,,,,,7d20f6b2d08775fb9742d7788ecfbe22
"Земеделска земя, 1100m²","Категория 10, Ливада",9600.0,ЛЕВА,False, продажба,земя,,,,,,,3,,,homesbg,,,,,,,a2dec20a41bf20954fa911a7346c5d1c
"Земеделска земя, 1300m²","Категория 5, Нива",18700.0,EUR,False, продажба,земя,,,,,,,3,,,homesbg,,,,,,,551eae502feea632d4fc64ba63e85e8a
"Земеделска земя, 2500m²","Категория 4, Нива",26000.0,EUR,False, продажба,земя,,,,,,,3,,,homesbg,,,,,,,eabc8f0c8960bca6c84dec2e0903e685
"Земеделска земя, 9500m²","Категория 4, Лозе",87500.0,EUR,False, продажба,земя,,,,,,,3,,,homesbg,,,,,,,5838bddb7d13fceb087ff625c7b23851
"Земеделска земя, 1700m²","Категория 4, Нива",6300.0,ЛЕВА,False, продажба,земя,,,,,,,3,,,homesbg,,,,,,,7cf97b12f3b1f338081706ec218a78b6
"Земеделска земя, 2300m²","Категория 5, Лозе",19600.0,EUR,False, продажба,земя,,,,,,,4,,,homesbg,,,,,,,e2826c2e8d307bec3b204190e07d8192
"Земеделска земя, 910m²","Категория 6, Нива",3800.0,ЛЕВА,False, продажба,земя,,,,,,,2,,,homesbg,,,,,,,7c91876261875004662f63357caa0e9b
"Земеделска земя, 10400m²","Категория 4, Овощна градина",54500.0,ЛЕВА,False, продажба,земя,,,,,,,3,,,homesbg,,,,,,,958a4826f3074c8ad9d28d419b1b3333
"Земеделска земя, 6500m²","Категория 3, Нива",143000.0,EUR,False, продажба,земя,,,,,,,0,,,homesbg,,,,,,,06f225e1b58fca7836714c29267b53f3
"Земеделска земя, 2700m²","Категория 5, Нива",11800.0,EUR,False, продажба,земя,,,,,,,5,,,homesbg,,,,,,,26d4396496681e99c4d86790f09d35c7
"Земеделска земя, 2400m²","Категория 4, Лозе",12500.0,ЛЕВА,False, продажба,земя,,,,,,,0,,,homesbg,,,,,,,437c678e4692b37bec732dd1de2305ec
"Земеделска земя, 19200m²","Категория 5, Нива",160000.0,EUR,False, продажба,земя,,,,,,,3,,,homesbg,,,,,,,1d96fcfdbdee8a3d040212c0934ce5bf
"Земеделска земя, 5500m²","Категория 4, Нива",13500.0,EUR,False, продажба,земя,,,,,,,3,,,homesbg,,,,,,,97bd0b49d236f24b1c1e42c72d0c075a
"Земеделска земя, 3400m²","Категория 4, Нива",136000.0,EUR,False, продажба,земя,,,,,,,3,,,homesbg,,,,,,,c8befe6496f4fc6bea68ad965fef5e2d
"Земеделска земя, 3040m²","Категория 4, Нива",21800.0,EUR,False, продажба,земя,,,,,,,5,,,homesbg,,,,,,,c7d5c6d46411022eaf085a6e72352329
"Земеделска земя, 13000m²","Категория 4, Нива",195000.0,ЛЕВА,False, продажба,земя,,,,,,,3,,,homesbg,,,,,,,d8c01dc3cefeb65071b9edb8bb970def
"Земеделска земя, 2500m²",Гора,26500.0,ЛЕВА,False, продажба,земя,,,,,,,3,,,homesbg,,,,,,,820e0bfd205a99acd9fa3eb8cb64afec
"Земеделска земя, 3500m²","Категория 8, Гора",66800.0,ЛЕВА,False, продажба,земя,,,,,,,3,,,homesbg,,,,,,,2ca8045f24b45b690c6e5a8861c8bddb
"Земеделска земя, 3000m²",Гора,31000.0,ЛЕВА,False, продажба,земя,,,,,,,3,,,homesbg,,,,,,,f02d004ba86804ef71ebf8b7fbeb2c2e
"Земеделска земя, 6000m²","Категория 4, Нива",35000.0,EUR,False, продажба,земя,,,,,,,5,,,homesbg,,,,,,,692bb78fc14b44c281bb332e6810d995
"Земеделска земя, 7200m²","Категория 5, Нива",18700.0,EUR,False, продажба,земя,,,,,,,3,,,homesbg,,,,,,,551eae502feea632d4fc64ba63e85e8a
"Земеделска земя, 3300m²",Нива,68000.0,ЛЕВА,False, продажба,земя,,,,,,,0,,,homesbg,,,,,,,30d191fe3567938bdc3b19853fe12631
"Земеделска земя, 9400m²","Категория 7, Лозе",14200.0,EUR,False, продажба,земя,,,,,,,4,,,homesbg,,,,,,,dd392997538d95cf250c53bf0489560b
"Земеделска земя, 10200m²","Категория 4, Нива",103000.0,EUR,False, продажба,земя,,,,,,,3,,,homesbg,,,,,,,fee4a5f6a7c09db4484babc387e272a6
"Земеделска земя, 10000m²","Категория 3, Овощна градина",43000.0,ЛЕВА,False, продажба,земя,,,,,,,5,,,homesbg,,,,,,,ebe3669e973149b7e9b74abba775fb45
"Земеделска земя, 3800m²","Категория 4, Нива",38000.0,EUR,False, продажба,земя,,,,,,,0,,,homesbg,,,,,,,3cda8dc34dc4960c54bcb5a8adcf05d5
"Земеделска земя, 4900m²",Гора,14000.0,ЛЕВА,False, продажба,земя,,,,,,,3,,,homesbg,,,,,,,ca45430c5d58a9caf601953fef2498aa
"Земеделска земя, 3000m²","Категория 8, Овощна градина",15000.0,ЛЕВА,False, продажба,земя,,,,,,,0,,,homesbg,,,,,,,847a29127c38975e2c4ffc3644922d51
"Земеделска земя, 3300m²","Категория 4, Нива",16000.0,EUR,False, продажба,земя,,,,,,,3,,,homesbg,,,,,,,762e5e25f71afca667ab5dca172bb9ec
"Земеделска земя, 1900m²","Категория 4, Нива",21000.0,EUR,False, продажба,земя,,,,,,,3,,,homesbg,,,,,,,ee69a285f4a12344b2ca88d338fff2c7
"Земеделска земя, 10000m²","Категория 4, Нива",102000.0,EUR,False, продажба,земя,,,,,,,2,,,homesbg,,,,,,,fc226844fbacc424d203f866aa3f9b25
"Земеделска земя, 120000m²","Категория 4, Овощна градина",300000.0,EUR,False, продажба,земя,,,,,,,0,,,homesbg,,,,,,,a84273dd045f04acc38a2ebac15afa0a
"Земеделска земя, 7000m²","Категория 4, Лозе",29500.0,ЛЕВА,False, продажба,земя,,,,,,,2,,,homesbg,,,,,,,7c18954dd7c5c6b640ae9fb90e637ad6
"Земеделска земя, 9140m²","Категория 4, Нива",93500.0,ЛЕВА,False, продажба,земя,,,,,,,3,,,homesbg,,,,,,,b979e5dd437a202eb5e4e78df8961851
"Земеделска земя, 1000m²",Гора,20500.0,EUR,False, продажба,земя,,,,,,,3,,,homesbg,,,,,,,157c4d95a5d159f89c86f11de9409409
"Земеделска земя, 3500m²","Категория 5, Нива",18800.0,EUR,False, продажба,земя,,,,,,,4,,,homesbg,,,,,,,a4953d6077c78c2e1cebe0ba801fac58
"Земеделска земя, 4000m²","Категория 4, Нива",81000.0,ЛЕВА,False, продажба,земя,,,,,,,5,,,homesbg,,,,,,,c85ce4f8778455458ae0dc5a2202f2d8
"Земеделска земя, 5500m²","Категория 5, Нива",148500.0,EUR,False, продажба,земя,,,,,,,2,,,homesbg,,,,,,,cb9fee0596bd25e17b0a1e3b2fc45ad2
"Земеделска земя, 7000m²","Категория 5, Нива",9500.0,ЛЕВА,False, продажба,земя,,,,,,,0,,,homesbg,,,,,,,2f65dfdd15b32acd0a3f3fb39c21584d
"Земеделска земя, 6200m²",Друго,480480.0,EUR,False, продажба,земя,,,,,,,3,,,homesbg,,,,,,,59211e325a9b489c53ff41f7ef231c75
"Земеделска земя, 6999m²","Категория 5, Нива",33000.0,EUR,False, продажба,земя,,,,,,,10,,,homesbg,,,,,,,94cf28820146de9609034480accd978b
"Земеделска земя, 3648m²",Друго,49900.0,EUR,False, продажба,земя,,,,,,,2,,,homesbg,,,,,,,fd77ddf2144cee387f6eb540aab55b9d
"Земеделска земя, 3393m²",,136000.0,EUR,False, продажба,земя,,,,,,,1,,,homesbg,,,,,,,c8befe6496f4fc6bea68ad965fef5e2d
"Земеделска земя, 400m²","Категория 3, Нива",5000.0,EUR,False, продажба,земя,,,,,,,6,,,homesbg,,,,,,,ff3da09dc5531338fc14b2575aba7ea5
"Земеделска земя, 1600m²",,19000.0,EUR,False, продажба,земя,,,,,,,2,,,homesbg,,,,,,,e3c6e57fb0878aa2fb0cf2cd2e491383
"Земеделска земя, 3907m²",,195350.0,EUR,False, продажба,земя,,,,,,,2,,,homesbg,,,,,,,e02db52f3f5ad060d56f15259ad7e141
"Земеделска земя, 500m²",,7500.0,EUR,False, продажба,земя,,,,,,,2,,,homesbg,,,,,,,a55b09f50f28a8f584637c62359d0111
"Земеделска земя, 1676m²",Друго,108810.0,EUR,False, продажба,земя,,,,,,,5,,,homesbg,,,,,,,7f6eaf06d550df4b0872095adbcc44b5
"Земеделска земя, 14600m²",,21475.0,EUR,False, продажба,земя,,,,,,,1,,,homesbg,,,,,,,8964c98d92d78d10aca7a47bd6eb359f
"Земеделска земя, 6599m²",,84990.0,EUR,False, продажба,земя,,,,,,,1,,,homesbg,,,,,,,3c0d263778fae64a6875accc3918d99f
"Земеделска земя, 10603m²","Категория 3, Овощна градина",330000.0,EUR,False, продажба,земя,,,,,,,1,,,homesbg,,,,,,,448447a976102f32df946d5b2c9537e8
"Земеделска земя, 1900m²",Нива,29999.0,EUR,False, продажба,земя,,,,,,,1,,,homesbg,,,,,,,7d20f6b2d08775fb9742d7788ecfbe22
"Земеделска земя, 7902m²",Нива,418806.0,EUR,False, продажба,земя,,,,,,,4,,,homesbg,,,,,,,9651213ffccebf083ecac612cd20070e
"Земеделска земя, 1199m²","Категория 4, Нива",11760.0,EUR,False, продажба,земя,,,,,,,1,,,homesbg,,,,,,,26d4396496681e99c4d86790f09d35c7
"Земеделска земя, 1800m²","Категория 3, Нива",9200.0,EUR,False, продажба,земя,,,,,,,2,,,homesbg,,,,,,,094485d4dc4f18edcfbc4865509b54bd
"Земеделска земя, 880m²","Категория 4, Нива",6500.0,EUR,False, продажба,земя,,,,,,,1,,,homesbg,,,,,,,8db06f4db7a05f69de54e49f002eaf11
"Земеделска земя, 3393m²","Категория 4, Нива",67860.0,ЛЕВА,False, продажба,земя,,,,,,,1,,,homesbg,,,,,,,3ce1907930f4c88c3561a60aaec39da3
"Земеделска земя, 1000m²","Категория 5, Нива",25000.0,ЛЕВА,False, продажба,земя,,,,,,,6,,,homesbg,,,,,,,826fdce77d10b5115c850640966e3364
"Земеделска земя, 7000m²","Категория 3, Нива",56000.0,EUR,False, продажба,земя,,,,,,,1,,,homesbg,,,,,,,908e2b206199aaf33b35a10787034390
"Земеделска земя, 468m²","Категория 10, Друго",25400.0,EUR,False, продажба,земя,,,,,,,1,,,homesbg,,,,,,,5fb4f5a378d06b101d2ea422e641593c
"Земеделска земя, 9500m²","Категория 4, Нива",105000.0,EUR,False, продажба,земя,,,,,,,1,,,homesbg,,,,,,,322e6701dcb8db94ecb4df107c832e2f
"Земеделска земя, 3000m²","Категория 4, Нива",9500.0,ЛЕВА,False, продажба,земя,,,,,,,4,,,homesbg,,,,,,,2f65dfdd15b32acd0a3f3fb39c21584d
"Земеделска земя, 1873m²","Категория 9, Овощна градина",22000.0,ЛЕВА,False, продажба,земя,,,,,,,2,,,homesbg,,,,,,,58750575bb8b8e84c7e0c9342288a8d9
"Земеделска земя, 120000m²","Категория 5, Нива",4200000.0,EUR,False, продажба,земя,,,,,,,1,,,homesbg,,,,,,,ceba8ae658fa513fb161fa97c4b50e28
"Земеделска земя, 5000m²","Категория 6, Нива",6500.0,EUR,False, продажба,земя,,,,,,,0,,,homesbg,,,,,,,8db06f4db7a05f69de54e49f002eaf11
"Земеделска земя, 5750m²","Категория 5, Нива",57430.0,EUR,False, продажба,земя,,,,,,,0,,,homesbg,,,,,,,de5d2018342567f2186e0c5805359e01
"Земеделска земя, 7000m²","Категория 6, Нива",8200.0,EUR,False, продажба,земя,,,,,,,0,,,homesbg,,,,,,,20f4e89dfe79c55335c8d76f06b4407d
"Земеделска земя, 3000m²","Категория 8, Нива",36000.0,EUR,False, продажба,земя,,,,,,,0,,,homesbg,,,,,,,30ada375d0c169bd15c2518f3cffc11b
"Земеделска земя, 5600m²","Категория 3, Нива",7160.0,EUR,False, продажба,земя,,,,,,,1,,,homesbg,,,,,,,cc4eaf5845ec29d2aad7b4c11839786c
"Земеделска земя, 4800m²","Категория 9, Нива",1500.0,EUR,False, продажба,земя,,,,,,,1,,,homesbg,,,,,,,a73ec0e252489c5834af022f95039587
"Земеделска земя, 2500m²","Категория 6, Нива",12800.0,EUR,False, продажба,земя,,,,,,,1,,,homesbg,,,,,,,8f77aa20a7ac920fdde5298c9152c277
"Земеделска земя, 4000m²","Категория 6, Нива",40000.0,EUR,False, продажба,земя,,,,,,,0,,,homesbg,,,,,,,560583ff4cf186cf48a27f1c1484b213
"Земеделска земя, 13500m²","Категория 3, Нива",135500.0,EUR,False, продажба,земя,,,,,,,0,,,homesbg,,,,,,,b81558d2b317f5024e03cfb4c73bc216
"Земеделска земя, 1000m²","Категория 3, Лозе",1280.0,EUR,False, продажба,земя,,,,,,,1,,,homesbg,,,,,,,593222388fa7ca1c9197e3ee42d7b6f1
"Земеделска земя, 4000m²","Категория 6, Нива",5000.0,EUR,False, продажба,земя,,,,,,,0,,,homesbg,,,,,,,ff3da09dc5531338fc14b2575aba7ea5
"Земеделска земя, 4000m²","Категория 5, Нива",0.0,ЛЕВА,False, продажба,земя,,,,,,,0,,,homesbg,,,,,,,b7c2d2784429cf4aa0f78a8b58a83570
"Земеделска земя, 3200m²",,42000.0,ЛЕВА,False, продажба,земя,,,,,,,1,,,homesbg,,,,,,,597210c0c42d762339cb205f68ab8a91
"Земеделска земя, 43000m²",,190000.0,EUR,False, продажба,земя,,,,,,,10,,,homesbg,,,,,,,0e839eeb0a3e31abcc9bd1e23c74eb64
"Земеделска земя, 1399m²",,140000.0,ЛЕВА,False, продажба,земя,,,,,,,2,,,homesbg,,,,,,,b3599f2a7a571baa6d352a36ce4ce46a
"Земеделска земя, 1500m²",,32000.0,ЛЕВА,False, продажба,земя,,,,,,,1,,,homesbg,,,,,,,305fba2974497cd412bf018f766b2ade
"Земеделска земя, 500m²",,3000.0,ЛЕВА,False, продажба,земя,,,,,,,1,,,homesbg,,,,,,,cbb8088c612cc16c4d9460719887bddb
"Земеделска земя, 66453m²",Ливада,42130.0,EUR,False, продажба,земя,,,,,,,10,,,homesbg,,,,,,,7422e7b60b48cce4a59e673cc1dcb3fb
"Земеделска земя, 1200m²","Категория 4, Нива",3600.0,EUR,False, продажба,земя,,,,,,,1,,,homesbg,,,,,,,d51e68ca2ccc74f629d0abc17a1cb334
"Земеделска земя, 1001m²","Категория 10, Гора",25000.0,EUR,False, продажба,земя,,,,,,,1,,,homesbg,,,,,,,826fdce77d10b5115c850640966e3364
"Земеделска земя, 3410m²","Категория 4, Овощна градина",139810.0,EUR,False, продажба,земя,,,,,,,7,,,homesbg,,,,,,,2cb4bd60b88b46361c3964e7bb99c0bd
"Земеделска земя, 5000m²","Категория 4, Нива",160000.0,EUR,False, продажба,земя,,,,,,,0,,,homesbg,,,,,,,1d96fcfdbdee8a3d040212c0934ce5bf
"Земеделска земя, 3550m²","Категория 5, Нива",120000.0,ЛЕВА,False, продажба,земя,,,,,,,2,,,homesbg,,,,,,,b84a25be0b5fd3724754c8f64fe56e09
"Земеделска земя, 4715m²","Категория 4, Нива",35000.0,ЛЕВА,False, продажба,земя,,,,,,,2,,,homesbg,,,,,,,692bb78fc14b44c281bb332e6810d995
"Земеделска земя, 47000m²","Категория 4, Нива",160000.0,EUR,False, продажба,земя,,,,,,,2,,,homesbg,,,,,,,1d96fcfdbdee8a3d040212c0934ce5bf
"Земеделска земя, 17000m²","Категория 8, Нива",55000.0,ЛЕВА,False, продажба,земя,,,,,,,4,,,homesbg,,,,,,,057488d3741c6756f2f29c604c984c87
"Земеделска земя, 4000m²","Категория 5, Нива",20000.0,EUR,False, продажба,земя,,,,,,,1,,,homesbg,,,,,,,acd207c8ddf40cc2e93a5b7cba16511c
"Земеделска земя, 2000m²","Категория 4, Нива",17000.0,ЛЕВА,False, продажба,земя,,,,,,,2,,,homesbg,,,,,,,1e49054fde411d899ebdc79702011b23
"Земеделска земя, 6000m²","Категория 5, Лозе",9500.0,ЛЕВА,False, продажба,земя,,,,,,,8,,,homesbg,,,,,,,2f65dfdd15b32acd0a3f3fb39c21584d
"Земеделска земя, 45000m²","Категория 8, Нива",70000.0,ЛЕВА,False, продажба,земя,,,,,,,1,,,homesbg,,,,,,,b6e9c9174ce4a08221cb77ac2a462f8b
"Земеделска земя, 6250m²","Категория 3, Нива",9375.0,ЛЕВА,False, продажба,земя,,,,,,,0,,,homesbg,,,,,,,ae6d1d5835dddf7e086b429e5dde5763
"Земеделска земя, 20051m²","Категория 3, Нива",310000.0,EUR,False, продажба,земя,,,,,,,0,,,homesbg,,,,,,,04fe9415c0dc35d1ad7973e711177f01
"Земеделска земя, 4036m²","Категория 5, Нива",100900.0,EUR,False, продажба,земя,,,,,,,0,,,homesbg,,,,,,,ef07baf49334da864011c8e194ca7922
"Земеделска земя, 8948m²","Категория 3, Нива",95000.0,EUR,False, продажба,земя,,,,,,,0,,,homesbg,,,,,,,f77cb20572029f649683855d6aef56e5
"Земеделска земя, 8322m²","Категория 3, Друго",260000.0,EUR,False, продажба,земя,,,,,,,0,,,homesbg,,,,,,,b11ab250c0bc07b5c524a1c10fea0668
"Земеделска земя, 15004m²","Категория 3, Нива",63000.0,EUR,False, продажба,земя,,,,,,,0,,,homesbg,,,,,,,4aa1c2192f486e087532b40b2d850c3f
"Земеделска земя, 9500m²","Категория 4, Друго",69000.0,EUR,False, продажба,земя,,,,,,,0,,,homesbg,,,,,,,2537398e0e26a3d4e017a7b58e733324
"Земеделска земя, 8255m²","Категория 3, Нива",82550.0,EUR,False, продажба,земя,,,,,,,0,,,homesbg,,,,,,,264a00a01826fd3e7ddced19f0dbe12b
"Земеделска земя, 23857m²","Категория 5, Нива",286284.0,EUR,False, продажба,земя,,,,,,,0,,,homesbg,,,,,,,30e6a24265e9bf7931a928619367ee53
"Земеделска земя, 5905m²","Категория 5, Нива",129910.0,EUR,False, продажба,земя,,,,,,,0,,,homesbg,,,,,,,e861a43c346d3342f9ec80cfc3785646
"Земеделска земя, 3430m²","Категория 3, Ливада",1715.0,ЛЕВА,False, продажба,земя,,,,,,,0,,,homesbg,,,,,,,621de2315f9bef95e3ee248f812d37c8
"Земеделска земя, 16858m²","Категория 3, Нива",92750.0,ЛЕВА,False, продажба,земя,,,,,,,0,,,homesbg,,,,,,,5449bb349c6e55a3d1d7c0429d2f5b8d
"Земеделска земя, 12988m²","Категория 3, Лозе",77988.0,EUR,False, продажба,земя,,,,,,,0,,,homesbg,,,,,,,c6ca4f94e657d5e85eb675a36b513574
"Земеделска земя, 49346m²","Категория 3, Нива",740190.0,EUR,False, продажба,земя,,,,,,,0,,,homesbg,,,,,,,4fb5f93f661a57e5af4441823effeef6
"Земеделска земя, 2999m²","Категория 6, Нива",4500.0,ЛЕВА,False, продажба,земя,,,,,,,0,,,homesbg,,,,,,,d12c06db2fd2d224d5719acb6e70eaf8
"Земеделска земя, 8064m²","Категория 9, Пасище",88000.0,ЛЕВА,False, продажба,земя,,,,,,,0,,,homesbg,,,,,,,4da7bb68cfbc76f07b14b71a1383108a
"Земеделска земя, 23141m²","Категория 3, Нива",393397.0,EUR,False, продажба,земя,,,,,,,0,,,homesbg,,,,,,,993a5bcbae0ac5bc99c14c57859ebcb6
"Земеделска земя, 6006m²","Категория 4, Нива",54100.0,ЛЕВА,False, продажба,земя,,,,,,,0,,,homesbg,,,,,,,be3b442d7eb60e6c35e2d8cfba94dce7
"Земеделска земя, 4400m²","Категория 3, Лозе",10000.0,ЛЕВА,False, продажба,земя,,,,,,,0,,,homesbg,,,,,,,d1ef53bcbb65a60f5fbbbf0373022f32
"Земеделска земя, 17059m²","Категория 5, Пасище",597100.0,EUR,False, продажба,земя,,,,,,,0,,,homesbg,,,,,,,fca0d0745489d441350056ba77a36c30
"Земеделска земя, 22130m²","Категория 5, Пасище",774550.0,EUR,False, продажба,земя,,,,,,,0,,,homesbg,,,,,,,e49704fd6a4b2ff6290aa40a0b17c89e
"Земеделска земя, 1925m²","Категория 5, Нива",86625.0,EUR,False, продажба,земя,,,,,,,0,,,homesbg,,,,,,,79faecc2600cfac240298c85d06223c9
"Земеделска земя, 8283m²","Категория 5, Пасище",289900.0,EUR,False, продажба,земя,,,,,,,0,,,homesbg,,,,,,,b8c2dfd87660e4a955b971f147aabc5b
"Земеделска земя, 3721m²","Категория 5, Нива",130300.0,EUR,False, продажба,земя,,,,,,,0,,,homesbg,,,,,,,456401768a779b92fbb637dc82ff3983
"Земеделска земя, 1999m²","Категория 3, Пасище",96000.0,EUR,False, продажба,земя,,,,,,,0,,,homesbg,,,,,,,6e96a0bdf6c9c9910dc9935ef51ab855
"Земеделска земя, 4247m²","Категория 5, Нива",128000.0,EUR,False, продажба,земя,,,,,,,0,,,homesbg,,,,,,,a8669452b12141d3f030f6f15aa58e9b
"Земеделска земя, 4452m²","Категория 3, Лозе",95000.0,EUR,False, продажба,земя,,,,,,,0,,,homesbg,,,,,,,f77cb20572029f649683855d6aef56e5
"Земеделска земя, 6006m²","Категория 5, Нива",54100.0,ЛЕВА,False, продажба,земя,,,,,,,0,,,homesbg,,,,,,,be3b442d7eb60e6c35e2d8cfba94dce7
"Земеделска земя, 2836m²","Категория 3, Нива",65300.0,EUR,False, продажба,земя,,,,,,,0,,,homesbg,,,,,,,93dfba99c899a174a12dc92f7fe5019f
"Земеделска земя, 3013m²","Категория 3, Нива",160000.0,EUR,False, продажба,земя,,,,,,,0,,,homesbg,,,,,,,1d96fcfdbdee8a3d040212c0934ce5bf
"Земеделска земя, 2786m²","Категория 4, Нива",148000.0,EUR,False, продажба,земя,,,,,,,0,,,homesbg,,,,,,,c42e4f0483a6060ad551eebd4bf7b2cb
"Земеделска земя, 2200m²","Категория 3, Лозе",116600.0,EUR,False, продажба,земя,,,,,,,0,,,homesbg,,,,,,,2d8bb6ecf53b2e70ef932d5a7746725c
"Земеделска земя, 3332m²","Категория 3, Нива",11700.0,ЛЕВА,False, продажба,земя,,,,,,,0,,,homesbg,,,,,,,119a4b33843a64fdabc66d607c2b724c
"Земеделска земя, 1800m²","Категория 5, Нива",16000.0,EUR,False, продажба,земя,,,,,,,0,,,homesbg,,,,,,,762e5e25f71afca667ab5dca172bb9ec
"Земеделска земя, 28161m²",,788508.0,EUR,False, продажба,земя,,,,,,,1,,,homesbg,,,,,,,ef3874c477b3981453ed03e7db885df1
"Земеделска земя, 2205m²",Нива,100000.0,EUR,False, продажба,земя,,,,,,,10,,,homesbg,,,,,,,0ae14a5e4b0019a5026d473f87f54b4a
"Земеделска земя, 4080m²",Нива,34000.0,ЛЕВА,False, продажба,земя,,,,,,,3,,,homesbg,,,,,,,11cf3bc9a19374c648de6f25e23cee8e
"Земеделска земя, 9000m²",Нива,72000.0,ЛЕВА,False, продажба,земя,,,,,,,2,,,homesbg,,,,,,,81ea6d1a1fec27e4d2c2ed2c5271b4ab
"Земеделска земя, 5000m²","Категория 3, Нива",150000.0,EUR,False, продажба,земя,,,,,,,3,,,homesbg,,,,,,,ecc0ff1f0650055038b832c717cfed25
"Земеделска земя, 5388m²",,11900.0,EUR,False, продажба,земя,,,,,,,0,,,homesbg,,,,,,,b24d74d15984efc8baaa7f133e9d0136
"Земеделска земя, 6000m²","Категория 5, Лозе",5115.0,EUR,False, продажба,земя,,,,,,,8,,,homesbg,,,,,,,bead5ae94c1e2cf5daca101525310ad4
"Земеделска земя, 4000m²",Гора,8000.0,ЛЕВА,False, продажба,земя,,,,,,,0,,,homesbg,,,,,,,9ee66d5fd9950424c6a9cbf162229bcc
"Земеделска земя, 36000m²","Категория 4, Гора",108000.0,ЛЕВА,False, продажба,земя,,,,,,,0,,,homesbg,,,,,,,f7a13a023642b5075e63fbb6a50203a8
"Земеделска земя, 10650m²","Категория 8, Нива",19500.0,ЛЕВА,False, продажба,земя,,,,,,,0,,,homesbg,,,,,,,e07534ea7511178bd53dfdc35ec03769
"Земеделска земя, 25600m²","Категория 8, Нива",43000.0,ЛЕВА,False, продажба,земя,,,,,,,8,,,homesbg,,,,,,,ebe3669e973149b7e9b74abba775fb45
"Земеделска земя, 1906m²",,57200.0,EUR,False, продажба,земя,,,,,,,1,,,homesbg,,,,,,,dc03586589d4afdd0777e6eb9c9aeff7
"Земеделска земя, 901m²",,27300.0,EUR,False, продажба,земя,,,,,,,1,,,homesbg,,,,,,,60cf0325a772fe76285ad18cbf71b994
"Земеделска земя, 19000m²","Категория 4, Овощна градина",58000.0,ЛЕВА,False, продажба,земя,,,,,,,0,,,homesbg,,,,,,,9da6147c6e46ae08efcadc6653b22f90
"Земеделска земя, 4100m²",Нива,121900.0,EUR,False, продажба,земя,,,,,,,2,,,homesbg,,,,,,,3c5421cce37f7c298daa8ec844055455
"Земеделска земя, 7500m²",,310000.0,EUR,False, продажба,земя,,,,,,,1,,,homesbg,,,,,,,04fe9415c0dc35d1ad7973e711177f01
"Земеделска земя, 5169m²",Нива,6135.0,EUR,False, продажба,земя,,,,,,,3,,,homesbg,,,,,,,1d5b992b62c89d7575c08dc1d177d282
"Земеделска земя, 1m²","Категория 4, Овощна градина",5000.0,ЛЕВА,False, продажба,земя,,,,,,,1,,,homesbg,,,,,,,ff3da09dc5531338fc14b2575aba7ea5
"Земеделска земя, 8499m²",,59500.0,EUR,False, продажба,земя,,,,,,,1,,,homesbg,,,,,,,73c48067b0343ecccfb792f219a01f4c
"Земеделска земя, 10000m²","Категория 3, Нива",85000.0,EUR,False, продажба,земя,,,,,,,2,,,homesbg,,,,,,,3c0d263778fae64a6875accc3918d99f
"Земеделска земя, 16698m²","Категория 6, Нива",500940.0,EUR,False, продажба,земя,,,,,,,0,,,homesbg,,,,,,,98759f59ec213c92bb9a991f58612b8b
"Земеделска земя, 7680m²","Категория 5, Нива",231000.0,EUR,False, продажба,земя,,,,,,,0,,,homesbg,,,,,,,73b6ac93dbdbb819ee26b8573cf67048
"Земеделска земя, 4627m²","Категория 4, Нива",46270.0,EUR,False, продажба,земя,,,,,,,0,,,homesbg,,,,,,,dc0fd859ce5d479436b38744d1922374
"Земеделска земя, 15000m²","Категория 6, Нива",45000.0,ЛЕВА,False, продажба,земя,,,,,,,0,,,homesbg,,,,,,,15623563a337b4dbbc3371fe39569f92
"Земеделска земя, 2900m²",Нива,105000.0,EUR,False, продажба,земя,,,,,,,1,,,homesbg,,,,,,,322e6701dcb8db94ecb4df107c832e2f
"Земеделска земя, 2003m²","Категория 7, Ливада",80000.0,EUR,False, продажба,земя,,,,,,,7,,,homesbg,,,,,,,6a33d3a5bdc27b41d0213263716e6fd3
"Земеделска земя, 1664m²",,11800.0,EUR,False, продажба,земя,,,,,,,3,,,homesbg,,,,,,,26d4396496681e99c4d86790f09d35c7
"Земеделска земя, 3170m²",,50000.0,ЛЕВА,False, продажба,земя,,,,,,,1,,,homesbg,,,,,,,99ecfbead748bb3b1399ac19fcf6b17c
"Земеделска земя, 4502m²","Категория 3, Нива",95000.0,EUR,False, продажба,земя,,,,,,,2,,,homesbg,,,,,,,f77cb20572029f649683855d6aef56e5
"Земеделска земя, 8796m²","Категория 5, Нива",275000.0,EUR,False, продажба,земя,,,,,,,5,,,homesbg,,,,,,,18d347dc3f7943c8f744f0f335252eec
"Земеделска земя, 1365m²","Категория 5, Нива",45000.0,EUR,False, продажба,земя,,,,,,,5,,,homesbg,,,,,,,15623563a337b4dbbc3371fe39569f92
"Земеделска земя, 7563m²","Категория 3, Нива",63000.0,EUR,False, продажба,земя,,,,,,,2,,,homesbg,,,,,,,4aa1c2192f486e087532b40b2d850c3f
"Земеделска земя, 7187m²","Категория 3, Овощна градина",220000.0,EUR,False, продажба,земя,,,,,,,2,,,homesbg,,,,,,,f65b6f3a3ca4dbb00c347446f325554a
"Земеделска земя, 1791m²","Категория 4, Нива",67000.0,EUR,False, продажба,земя,,,,,,,6,,,homesbg,,,,,,,f30a240aad4e0001b90354faeeaac52d
"Земеделска земя, 4000m²","Категория 5, Нива",150000.0,EUR,False, продажба,земя,,,,,,,5,,,homesbg,,,,,,,ecc0ff1f0650055038b832c717cfed25
"Земеделска земя, 7600m²",Нива,108000.0,EUR,False, продажба,земя,,,,,,,1,,,homesbg,,,,,,,f7a13a023642b5075e63fbb6a50203a8
"Земеделска земя, 3234m²",Нива,194040.0,EUR,False, продажба,земя,,,,,,,1,,,homesbg,,,,,,,099693cd3b6dc098e0a5bf9c67d084af
"Земеделска земя, 4699m²","Категория 4, Нива",97000.0,EUR,False, продажба,земя,,,,,,,5,,,homesbg,,,,,,,5de2cd834ef75b18895af366a0440649
"Земеделска земя, 7198m²","Категория 5, Овощна градина",454000.0,EUR,False, продажба,земя,,,,,,,5,,,homesbg,,,,,,,ea410cd0495688e95a8e0512d350265d
"Земеделска земя, 6800m²","Категория 4, Нива",140500.0,EUR,False, продажба,земя,,,,,,,6,,,homesbg,,,,,,,9410161e08b3ce536fa57cb92f75668b
"Земеделска земя, 2400m²","Категория 5, Лозе",87000.0,EUR,False, продажба,земя,,,,,,,5,,,homesbg,,,,,,,a26e231fe6ec69126ce5e5b9bfd8c97f
"Земеделска земя, 2610m²","Категория 3, Лозе",131000.0,EUR,False, продажба,земя,,,,,,,1,,,homesbg,,,,,,,fedb4f4c18db15d6772de1e185cd46b7
"Земеделска земя, 18000m²",Нива,360000.0,ЛЕВА,False, продажба,земя,,,,,,,1,,,homesbg,,,,,,,0538ac6e18688b566cd7441e70c2b508
"Земеделска земя, 12066m²",Нива,372839.0,EUR,False, продажба,земя,,,,,,,1,,,homesbg,,,,,,,963e08921278f3ee085e656482a8331c
"Земеделска земя, 1000m²","Категория 8, Нива",32000.0,EUR,False, продажба,земя,,,,,,,2,,,homesbg,,,,,,,305fba2974497cd412bf018f766b2ade
"Земеделска земя, 2809m²",Нива,70000.0,EUR,False, продажба,земя,,,,,,,4,,,homesbg,,,,,,,b6e9c9174ce4a08221cb77ac2a462f8b
"Земеделска земя, 2902m²",Нива,92864.0,EUR,False, продажба,земя,,,,,,,1,,,homesbg,,,,,,,2e83c84226bc3812a0860dc639464d2f
"Земеделска земя, 4333m²",Нива,52000.0,EUR,False, продажба,земя,,,,,,,2,,,homesbg,,,,,,,50ef92fe5f978c859457faf37007a269
"Земеделска земя, 1086m²","Категория 3, Лозе",20000.0,ЛЕВА,False, продажба,земя,,,,,,,1,,,homesbg,,,,,,,acd207c8ddf40cc2e93a5b7cba16511c
"Земеделска земя, 4346m²",,348000.0,EUR,False, продажба,земя,,,,,,,3,,,homesbg,,,,,,,c8a2a448834524d7a8c0dfd03372c897
"Земеделска земя, 8003m²",,80030.0,EUR,False, продажба,земя,,,,,,,1,,,homesbg,,,,,,,6a33d3a5bdc27b41d0213263716e6fd3
"Земеделска земя, 3399m²","Категория 4, Нива",204000.0,EUR,False, продажба,земя,,,,,,,8,,,homesbg,,,,,,,1f2a8b48b5e1d8236269d8da07928cd1
"Земеделска земя, 3000m²","Категория 4, Нива",110000.0,EUR,False, продажба,земя,,,,,,,6,,,homesbg,,,,,,,72e843b644fd6c207721bf1280bc862d
"Земеделска земя, 5200m²",Нива,41600.0,EUR,False, продажба,земя,,,,,,,2,,,homesbg,,,,,,,be99de83144f22f4e17c24bdccbc71e4
"Земеделска земя, 32112m²","Категория 4, Нива",1284480.0,EUR,False, продажба,земя,,,,,,,2,,,homesbg,,,,,,,69d53f9fbd936492e7d5966054e6b7b8
"Земеделска земя, 1923m²","Категория 4, Нива",62000.0,EUR,False, продажба,земя,,,,,,,3,,,homesbg,,,,,,,ded584ff5ee6aff2b54520d047fdf39c
"Земеделска земя, 3526m²","Категория 4, Нива",141040.0,EUR,False, продажба,земя,,,,,,,2,,,homesbg,,,,,,,a1ac6bd7a81638bf595845b74744a1fe
"Земеделска земя, 2901m²","Категория 4, Нива",116040.0,EUR,False, продажба,земя,,,,,,,1,,,homesbg,,,,,,,4a55f740a5f3de8e5036c39177fb284b
"Земеделска земя, 20824m²","Категория 4, Нива",520600.0,EUR,False, продажба,земя,,,,,,,3,,,homesbg,,,,,,,4aa97dd2a9813391d704c530ac82291a
"Земеделска земя, 10900m²","Категория 5, Нива",436000.0,EUR,False, продажба,земя,,,,,,,1,,,homesbg,,,,,,,5ec85713a830ebff1d44908fc8f26d06
"Земеделска земя, 9900m²","Категория 4, Нива",105000.0,EUR,False, продажба,земя,,,,,,,2,,,homesbg,,,,,,,322e6701dcb8db94ecb4df107c832e2f
"Земеделска земя, 15001m²","Категория 4, Нива",30000.0,ЛЕВА,False, продажба,земя,,,,,,,1,,,homesbg,,,,,,,7d20f6b2d08775fb9742d7788ecfbe22
"Земеделска земя, 4m²","Категория 5, Нива",16500.0,ЛЕВА,False, продажба,земя,,,,,,,0,,,homesbg,,,,,,,dc848bb3a5090f4c6d131e43cbfeb79a
"Земеделска земя, 10000m²",,20000.0,EUR,False, продажба,земя,,,,,,,1,,,homesbg,,,,,,,acd207c8ddf40cc2e93a5b7cba16511c
"Земеделска земя, 5007m²",Нива,0.0,ЛЕВА,False, продажба,земя,,,,,,,3,,,homesbg,,,,,,,b7c2d2784429cf4aa0f78a8b58a83570
"Земеделска земя, 3201m²","Категория 5, Нива",19300.0,ЛЕВА,False, продажба,земя,,,,,,,2,,,homesbg,,,,,,,21b9f2b337e32f3084ac7a008528c242
"Земеделска земя, 1506m²","Категория 5, Нива",15100.0,ЛЕВА,False, продажба,земя,,,,,,,1,,,homesbg,,,,,,,3df2c5b89d7c5980cf37fd368e221dcb
"Земеделска земя, 2252m²","Категория 9, Нива",22600.0,ЛЕВА,False, продажба,земя,,,,,,,2,,,homesbg,,,,,,,9001f5e171fab2875d37ed211e7e12e6
"Земеделска земя, 5000m²","Категория 9, Нива",36000.0,ЛЕВА,False, продажба,земя,,,,,,,4,,,homesbg,,,,,,,30ada375d0c169bd15c2518f3cffc11b
"Земеделска земя, 3415m²","Категория 5, Нива",51225.0,ЛЕВА,False, продажба,земя,,,,,,,2,,,homesbg,,,,,,,22b033286c545412575bb12d28b253d7
"Земеделска земя, 1000m²","Категория 7, Лозе",54000.0,ЛЕВА,False, продажба,земя,,,,,,,2,,,homesbg,,,,,,,a0413fe8e002cd79dc96e39ce9eb8bfd
"Земеделска земя, 1511m²","Категория 5, Ливада",23700.0,EUR,False, продажба,земя,,,,,,,5,,,homesbg,,,,,,,bcf9b3dacb06fca846781c176bd49f2b
"Земеделска земя, 3002m²","Категория 5, Нива",300000.0,EUR,False, продажба,земя,,,,,,,1,,,homesbg,,,,,,,a84273dd045f04acc38a2ebac15afa0a
"Земеделска земя, 828m²","Категория 6, Лозе",8280.0,ЛЕВА,False, продажба,земя,,,,,,,1,,,homesbg,,,,,,,599c3cfe47f475d5eebbe1602054985f
"Земеделска земя, 3501m²","Категория 5, Друго",33200.0,EUR,False, продажба,земя,,,,,,,1,,,homesbg,,,,,,,d08bf7db61517841a65eef18fa04a1b1
"Земеделска земя, 2776m²","Категория 6, Лозе",22208.0,ЛЕВА,False, продажба,земя,,,,,,,1,,,homesbg,,,,,,,d69c51450e90604f72bb3d79f15a6948
"Земеделска земя, 399m²","Категория 5, Нива",19000.0,ЛЕВА,False, продажба,земя,,,,,,,6,,,homesbg,,,,,,,e3c6e57fb0878aa2fb0cf2cd2e491383
"Земеделска земя, 1098m²","Категория 9, Лозе",7686.0,ЛЕВА,False, продажба,земя,,,,,,,1,,,homesbg,,,,,,,6b85a60379469b33a549e91f299a24d8
"Земеделска земя, 2892m²","Категория 7, Нива",44700.0,EUR,False, продажба,земя,,,,,,,1,,,homesbg,,,,,,,7fc108d71940e1043840978832c5fe35
"Земеделска земя, 1981m²","Категория 8, Нива",50000.0,ЛЕВА,False, продажба,земя,,,,,,,1,,,homesbg,,,,,,,99ecfbead748bb3b1399ac19fcf6b17c
"Земеделска земя, 1500m²","Категория 3, Нива",32000.0,ЛЕВА,False, продажба,земя,,,,,,,0,,,homesbg,,,,,,,305fba2974497cd412bf018f766b2ade
"Земеделска земя, 19000m²","Категория 6, Нива",380400.0,EUR,False, продажба,земя,,,,,,,1,,,homesbg,,,,,,,2a4be79e3ef120975c767e251eddab3c
"Земеделска земя, 5594m²",Нива,111880.0,EUR,False, продажба,земя,,,,,,,1,,,homesbg,,,,,,,14b19747405b5d3cbe7150315d7d8068
"Земеделска земя, 1445m²","Категория 7, Лозе",73500.0,ЛЕВА,False, продажба,земя,,,,,,,1,,,homesbg,,,,,,,68e4e16ef329049159dcb13daa28ff65
"Земеделска земя, 9000m²","Категория 6, Нива",24000.0,EUR,False, продажба,земя,,,,,,,8,,,homesbg,,,,,,,ccd571142d4d6280ae60c99d53e4fa75
"Земеделска земя, 7000m²",Нива,91000.0,EUR,False, продажба,земя,,,,,,,4,,,homesbg,,,,,,,d757d617903359884b5ff834cf403127
"Земеделска земя, 7200m²",Нива,60000.0,EUR,False, продажба,земя,,,,,,,1,,,homesbg,,,,,,,b22852c7b6ab4f2d09dce3f7e68993cc
"Земеделска земя, 3428m²",Друго,56000.0,EUR,False, продажба,земя,,,,,,,4,,,homesbg,,,,,,,908e2b206199aaf33b35a10787034390
"Земеделска земя, 3432m²",Друго,56000.0,EUR,False, продажба,земя,,,,,,,4,,,homesbg,,,,,,,908e2b206199aaf33b35a10787034390
"Земеделска земя, 550m²",,30250.0,EUR,False, продажба,земя,,,,,,,1,,,homesbg,,,,,,,8e82ace99949b2e4d3f38c4b8dc1b054
"Земеделска земя, 45003m²","Категория 3, Нива",175000.0,ЛЕВА,False, продажба,земя,,,,,,,1,,,homesbg,,,,,,,fc2d844d4eac5354263bb93844a54243
"Земеделска земя, 1516m²","Категория 9, Нива",0.0,ЛЕВА,False, продажба,земя,,,,,,,1,,,homesbg,,,,,,,b7c2d2784429cf4aa0f78a8b58a83570
"Земеделска земя, 3000m²",Друго,15500.0,EUR,False, продажба,земя,,,,,,,2,,,homesbg,,,,,,,1e46d2e14405138833ce51c07dda7f06
"Земеделска земя, 2783m²",Друго,128000.0,EUR,False, продажба,земя,,,,,,,1,,,homesbg,,,,,,,a8669452b12141d3f030f6f15aa58e9b
"Земеделска земя, 365290m²",Друго,710000.0,EUR,False, продажба,земя,,,,,,,5,,,homesbg,,,,,,,43621ec6793b6d491482ca97544bb0ba
"Земеделска земя, 2170m²","Категория 4, Нива",44000.0,EUR,False, продажба,земя,,,,,,,3,,,homesbg,,,,,,,e1fe24546fce3d8fde521d25e1f5005b
"Земеделска земя, 26900m²","Категория 6, Нива",30000.0,EUR,False, продажба,земя,,,,,,,4,,,homesbg,,,,,,,7d20f6b2d08775fb9742d7788ecfbe22
"Земеделска земя, 3118m²",Нива,62360.0,EUR,False, продажба,земя,,,,,,,1,,,homesbg,,,,,,,a92e8c0586872d0a0ad5dc41c4f8884d
"Земеделска земя, 839m²",,20975.0,EUR,False, продажба,земя,,,,,,,1,,,homesbg,,,,,,,ee69a285f4a12344b2ca88d338fff2c7
"Земеделска земя, 2195m²",Нива,33000.0,EUR,False, продажба,земя,,,,,,,4,,,homesbg,,,,,,,94cf28820146de9609034480accd978b
"Земеделска земя, 3841m²","Категория 4, Нива",115230.0,EUR,False, продажба,земя,,,,,,,1,,,homesbg,,,,,,,c5ea02b6db51b2a87cb82ae5a7e620b9
"Земеделска земя, 14136m²","Категория 4, Нива",56000.0,EUR,False, продажба,земя,,,,,,,4,,,homesbg,,,,,,,908e2b206199aaf33b35a10787034390
"Земеделска земя, 930m²","Категория 5, Нива",3800.0,ЛЕВА,False, продажба,земя,,,,,,,2,,,homesbg,,,,,,,7c91876261875004662f63357caa0e9b
"Земеделска земя, 10000m²","Категория 4, Лозе",19500.0,ЛЕВА,False, продажба,земя,,,,,,,2,,,homesbg,,,,,,,e07534ea7511178bd53dfdc35ec03769
"Земеделска земя, 16200m²","Категория 4, Нива",82500.0,EUR,False, продажба,земя,,,,,,,3,,,homesbg,,,,,,,aed4d0b81ace5b9c9b83fa67bc4f0c2f
"Земеделска земя, 8000m²","Категория 4, Нива",41000.0,ЛЕВА,False, продажба,земя,,,,,,,4,,,homesbg,,,,,,,551c8771cab33e4760bc39b2019ca6db
"Земеделска земя, 5853m²",Нива,128766.0,EUR,False, продажба,земя,,,,,,,4,,,homesbg,,,,,,,111e89f13fc381a3af402f21d4987b52
"Земеделска земя, 1250m²",,16250.0,ЛЕВА,False, продажба,земя,,,,,,,1,,,homesbg,,,,,,,8dc0792f9bbebdda16625d2ea065eef4
"Земеделска земя, 5600m²","Категория 5, Нива",336000.0,EUR,False, продажба,земя,,,,,,,7,,,homesbg,,,,,,,548d8cdd67eb7fd0b0acae50b75c60c3
"Земеделска земя, 1210m²","Категория 4, Овощна градина",17900.0,EUR,False, продажба,земя,,,,,,,7,,,homesbg,,,,,,,ba7f782fbadf2df44bfa65ba02570595
"Земеделска земя, 4879m²","Категория 5, Нива",75000.0,ЛЕВА,False, продажба,земя,,,,,,,9,,,homesbg,,,,,,,7c865dbb04d8ed51952e02981338bc3b
"Земеделска земя, 2685m²","Категория 9, Лозе",67000.0,ЛЕВА,False, продажба,земя,,,,,,,10,,,homesbg,,,,,,,f30a240aad4e0001b90354faeeaac52d
"Земеделска земя, 5000m²",Нива,5000.0,EUR,False, продажба,земя,,,,,,,10,,,homesbg,,,,,,,ff3da09dc5531338fc14b2575aba7ea5
"Земеделска земя, 2004m²","Категория 9, Ливада",15000.0,ЛЕВА,False, продажба,земя,,,,,,,8,,,homesbg,,,,,,,847a29127c38975e2c4ffc3644922d51
"Земеделска земя, 10000m²",Нива,65000.0,ЛЕВА,False, продажба,земя,,,,,,,2,,,homesbg,,,,,,,50bab1c2f2d3f4d65bd7a789213080ca
"Земеделска земя, 5999m²","Категория 4, Нива",72000.0,EUR,False, продажба,земя,,,,,,,0,,,homesbg,,,,,,,81ea6d1a1fec27e4d2c2ed2c5271b4ab
"Земеделска земя, 10000m²",,23000.0,EUR,False, продажба,земя,,,,,,,1,,,homesbg,,,,,,,5f4216b7f674dfff85aa9e09aff760ac
"Земеделска земя, 1000m²","Категория 7, Нива",50000.0,EUR,False, продажба,земя,,,,,,,4,,,homesbg,,,,,,,99ecfbead748bb3b1399ac19fcf6b17c
"Земеделска земя, 12029m²","Категория 8, Нива",162390.0,EUR,False, продажба,земя,,,,,,,3,,,homesbg,,,,,,,f49c11948e392f6eab636c8bef17bcb6
"Земеделска земя, 1000m²","Категория 4, Овощна градина",20450.0,EUR,False, продажба,земя,,,,,,,3,,,homesbg,,,,,,,ae84e9f36750e5f8d65116126ff24e3b
"Земеделска земя, 2251m²","Категория 5, Нива",23000.0,EUR,False, продажба,земя,,,,,,,4,,,homesbg,,,,,,,5f4216b7f674dfff85aa9e09aff760ac
"Земеделска земя, 3000m²","Категория 5, Нива",45000.0,ЛЕВА,False, продажба,земя,,,,,,,2,,,homesbg,,,,,,,15623563a337b4dbbc3371fe39569f92
"Земеделска земя, 3003m²","Категория 5, Нива",108900.0,EUR,False, продажба,земя,,,,,,,3,,,homesbg,,,,,,,18d1962d7dbe8c424a625f94974314fd
"Земеделска земя, 2439m²","Категория 4, Овощна градина",53700.0,EUR,False, продажба,земя,,,,,,,3,,,homesbg,,,,,,,26ef4316080403e5f8d8b10745fd563c
"Земеделска земя, 3629m²","Категория 9, Нива",90725.0,EUR,False, продажба,земя,,,,,,,4,,,homesbg,,,,,,,48869e7c05648caa4722be8f0d920f5b
"Земеделска земя, 410m²","Категория 5, Нива",20500.0,EUR,False, продажба,земя,,,,,,,2,,,homesbg,,,,,,,157c4d95a5d159f89c86f11de9409409
"Земеделска земя, 5098m²","Категория 9, Лозе",11250.0,EUR,False, продажба,земя,,,,,,,4,,,homesbg,,,,,,,9c307fab247f5e6b9986b8a7d42d6ca1
"Земеделска земя, 500m²",,3000.0,ЛЕВА,False, продажба,земя,,,,,,,1,,,homesbg,,,,,,,cbb8088c612cc16c4d9460719887bddb
"Земеделска земя, 8996m²",,40000.0,EUR,False, продажба,земя,,,,,,,1,,,homesbg,,,,,,,560583ff4cf186cf48a27f1c1484b213
"Земеделска земя, 14700m²",,40000.0,EUR,False, продажба,земя,,,,,,,1,,,homesbg,,,,,,,560583ff4cf186cf48a27f1c1484b213
"Земеделска земя, 6443m²",,15000.0,EUR,False, продажба,земя,,,,,,,1,,,homesbg,,,,,,,847a29127c38975e2c4ffc3644922d51
"Земеделска земя, 10000m²","Категория 5, Нива",50000.0,EUR,False, продажба,земя,,,,,,,0,,,homesbg,,,,,,,99ecfbead748bb3b1399ac19fcf6b17c
"Земеделска земя, 7423m²",,408265.0,EUR,False, продажба,земя,,,,,,,1,,,homesbg,,,,,,,525c45b2f2da3796bccaef3c9397de6a
"Земеделска земя, 577m²",,75000.0,EUR,False, продажба,земя,,,,,,,6,,,homesbg,,,,,,,7c865dbb04d8ed51952e02981338bc3b
"Земеделска земя, 3003m²",Друго,15400.0,EUR,False, продажба,земя,,,,,,,1,,,homesbg,,,,,,,df2f73ea271a95c858fb0dc6a9822424
"Земеделска земя, 3632m²",,69000.0,EUR,False, продажба,земя,,,,,,,1,,,homesbg,,,,,,,2537398e0e26a3d4e017a7b58e733324
"Земеделска земя, 15000m²","Категория 7, Ливада",150000.0,EUR,False, продажба,земя,,,,,,,1,,,homesbg,,,,,,,ecc0ff1f0650055038b832c717cfed25
"Земеделска земя, 4000m²",,60000.0,ЛЕВА,False, продажба,земя,,,,,,,3,,,homesbg,,,,,,,b22852c7b6ab4f2d09dce3f7e68993cc
"Земеделска земя, 6133m²",,227000.0,EUR,False, продажба,земя,,,,,,,1,,,homesbg,,,,,,,21454c7c538ce43461db425ef15aaf7e
"Земеделска земя, 2000m²",,100000.0,EUR,False, продажба,земя,,,,,,,1,,,homesbg,,,,,,,0ae14a5e4b0019a5026d473f87f54b4a
"Земеделска земя, 10798m²","Категория 5, Нива",220000.0,EUR,False, продажба,земя,,,,,,,1,,,homesbg,,,,,,,f65b6f3a3ca4dbb00c347446f325554a
"Земеделска земя, 3875m²",Нива,599000.0,EUR,False, продажба,земя,,,,,,,1,,,homesbg,,,,,,,ca875c1cf0043fee440bc5b5e8b3b77d
"Земеделска земя, 1482m²",Друго,79800.0,EUR,False, продажба,земя,,,,,,,4,,,homesbg,,,,,,,96286fa0a716c76caa829114955144a9
"Земеделска земя, 1370m²",,26000.0,EUR,False, продажба,земя,,,,,,,1,,,homesbg,,,,,,,eabc8f0c8960bca6c84dec2e0903e685
"Земеделска земя, 2124m²",,40350.0,EUR,False, продажба,земя,,,,,,,1,,,homesbg,,,,,,,aac13c58515262fc939d066a7e15ef7d
"Земеделска земя, 21402m²",,129000.0,EUR,False, продажба,земя,,,,,,,7,,,homesbg,,,,,,,4a708f19d67c2124f4c57046f0070fbc
"Земеделска земя, 11537m²",,80759.0,EUR,False, продажба,земя,,,,,,,1,,,homesbg,,,,,,,de5700e8767ceadd985b500d980006d5
"Земеделска земя, 1953m²",,48825.0,EUR,False, продажба,земя,,,,,,,1,,,homesbg,,,,,,,3ee3d7c549c0ee15e42213759d3a3c1e
"Земеделска земя, 2700m²",,99900.0,EUR,False, продажба,земя,,,,,,,0,,,homesbg,,,,,,,d6766d10542fa48f1347a2f09e721f94
"Земеделска земя, 2002m²",,75000.0,ЛЕВА,False, продажба,земя,,,,,,,1,,,homesbg,,,,,,,7c865dbb04d8ed51952e02981338bc3b
"Земеделска земя, 7202m²",,44500.0,EUR,False, продажба,земя,,,,,,,1,,,homesbg,,,,,,,cbd9d357ea47b2445a7cb19b24b21458
"Земеделска земя, 1498m²",,37500.0,ЛЕВА,False, продажба,земя,,,,,,,1,,,homesbg,,,,,,,0956969ca7ffd2cf0e62ed3909c3428b
"Земеделска земя, 3039m²","Категория 4, Нива",91170.0,EUR,False, продажба,земя,,,,,,,3,,,homesbg,,,,,,,0fcfcfbf78fd8341d960056ecc307467
"Земеделска земя, 7400m²",Нива,148000.0,EUR,False, продажба,земя,,,,,,,2,,,homesbg,,,,,,,c42e4f0483a6060ad551eebd4bf7b2cb
"Земеделска земя, 691m²",,32000.0,ЛЕВА,False, продажба,земя,,,,,,,1,,,homesbg,,,,,,,305fba2974497cd412bf018f766b2ade
"Земеделска земя, 2969m²","Категория 4, Нива",74500.0,EUR,False, продажба,земя,,,,,,,1,,,homesbg,,,,,,,66aaef9ac6db73251f5f9c0d2610c2eb
"Земеделска земя, 5440m²",Нива,544000.0,EUR,False, продажба,земя,,,,,,,1,,,homesbg,,,,,,,93406e03f5369d22cf295bb8897106b9
"Земеделска земя, 30000m²","Категория 4, Нива",48000.0,ЛЕВА,False, продажба,земя,,,,,,,0,,,homesbg,,,,,,,9c4218a2a266b9039ee0687012338a54
"Земеделска земя, 2840m²",Друго,45000.0,EUR,False, продажба,земя,,,,,,,6,,,homesbg,,,,,,,15623563a337b4dbbc3371fe39569f92
"Земеделска земя, 3750m²",Друго,35000.0,EUR,False, продажба,земя,,,,,,,1,,,homesbg,,,,,,,692bb78fc14b44c281bb332e6810d995
"Земеделска земя, 1960m²",Нива,88200.0,EUR,False, продажба,земя,,,,,,,1,,,homesbg,,,,,,,faf8258d304399333513c062f982f6ec
"Земеделска земя, 8000m²",,12000.0,EUR,False, продажба,земя,,,,,,,0,,,homesbg,,,,,,,994d6c5b3455752c6b72ed941b8ec6e4
"Земеделска земя, 7897m²","Категория 5, Нива",57300.0,EUR,False, продажба,земя,,,,,,,1,,,homesbg,,,,,,,ef12c19f951c2e365057ef95df7072f6
"Земеделска земя, 3700m²","Категория 5, Нива",27100.0,EUR,False, продажба,земя,,,,,,,1,,,homesbg,,,,,,,9ded0e0c18cf6bb1f843dce5b3775db7
"Земеделска земя, 4406m²","Категория 5, Нива",154210.0,EUR,False, продажба,земя,,,,,,,1,,,homesbg,,,,,,,80f76fd55b4b999d148432e1692dfdb9
"Земеделска земя, 2818m²","Категория 4, Нива",56360.0,EUR,False, продажба,земя,,,,,,,1,,,homesbg,,,,,,,45c26bfbf2bfba32f352de4761c52818
"Земеделска земя, 1065m²","Категория 4, Нива",21300.0,EUR,False, продажба,земя,,,,,,,1,,,homesbg,,,,,,,052ed26faf066c4986d59c83e63aa842
"Земеделска земя, 12377m²","Категория 5, Нива",247540.0,EUR,False, продажба,земя,,,,,,,2,,,homesbg,,,,,,,4b534c2566e45557e5af3a18998bcfce
"Земеделска земя, 1475m²","Категория 5, Нива",59000.0,EUR,False, продажба,земя,,,,,,,2,,,homesbg,,,,,,,62e202dae8137886ed2675ce4ee4701c
"Земеделска земя, 3145m²","Категория 4, Нива",47175.0,EUR,False, продажба,земя,,,,,,,2,,,homesbg,,,,,,,2759435c5c2ff929b86486d697ac6876
"Земеделска земя, 3076m²","Категория 4, Нива",50000.0,EUR,False, продажба,земя,,,,,,,0,,,homesbg,,,,,,,99ecfbead748bb3b1399ac19fcf6b17c
"Земеделска земя, 20157m²","Категория 3, Нива",125000.0,EUR,False, продажба,земя,,,,,,,0,,,homesbg,,,,,,,65914ecde58e3ebbc853b6957bc2ea6e
"Земеделска земя, 1700m²","Категория 6, Нива",60000.0,ЛЕВА,False, продажба,земя,,,,,,,8,,,homesbg,,,,,,,b22852c7b6ab4f2d09dce3f7e68993cc
"Земеделска земя, 21080m²",Друго,760140.0,EUR,False, продажба,земя,,,,,,,3,,,homesbg,,,,,,,e2ab71245fdb3584ac53389ce209e60b
"Земеделска земя, 5300m²",,159000.0,EUR,False, продажба,земя,,,,,,,3,,,homesbg,,,,,,,8cde222a99fa785c7a4c6c2295b5f70c
"Земеделска земя, 3410m²",Нива,85325.0,EUR,False, продажба,земя,,,,,,,1,,,homesbg,,,,,,,b17d67b322ac354a83988734e8f42f56
"Земеделска земя, 10001m²",Друго,200000.0,EUR,False, продажба,земя,,,,,,,1,,,homesbg,,,,,,,f5daad79f86268a00d3088977e575b25
"Земеделска земя, 2331m²",Категория 6,70000.0,EUR,False, продажба,земя,,,,,,,1,,,homesbg,,,,,,,b6e9c9174ce4a08221cb77ac2a462f8b
"Земеделска земя, 5335m²",,23500.0,EUR,False, продажба,земя,,,,,,,1,,,homesbg,,,,,,,20f3f85b18310297cac6154b62b89b44
"Земеделска земя, 4497m²","Категория 4, Нива",179880.0,EUR,False, продажба,земя,,,,,,,3,,,homesbg,,,,,,,e6e67692d849d6fd4f5dc21fdb476a7a
"Земеделска земя, 3000m²","Категория 8, Нива",66000.0,EUR,False, продажба,земя,,,,,,,0,,,homesbg,,,,,,,9874d119a77acd72208c41ccd669a4fb
"Земеделска земя, 5700m²",Нива,202000.0,EUR,False, продажба,земя,,,,,,,3,,,homesbg,,,,,,,5f4a373171c8ad3355f529ab8bca30aa
"Земеделска земя, 770m²",Ливада,7500.0,EUR,False, продажба,земя,,,,,,,5,,,homesbg,,,,,,,a55b09f50f28a8f584637c62359d0111
"Земеделска земя, 6493m²","Категория 4, Нива",292185.0,EUR,False, продажба,земя,,,,,,,3,,,homesbg,,,,,,,c9120a32e2d1b7a38d31774697d541d8
"Земеделска земя, 3375m²",Нива,47250.0,EUR,False, продажба,земя,,,,,,,1,,,homesbg,,,,,,,2759435c5c2ff929b86486d697ac6876
"Земеделска земя, 8499m²","Категория 5, Нива",22000.0,ЛЕВА,False, продажба,земя,,,,,,,0,,,homesbg,,,,,,,58750575bb8b8e84c7e0c9342288a8d9
"Земеделска земя, 22650m²",Друго,900000.0,EUR,False, продажба,земя,,,,,,,10,,,homesbg,,,,,,,854f2528253cbbe0b95e6fb577154663
"Земеделска земя, 3500m²",,77000.0,EUR,False, продажба,земя,,,,,,,3,,,homesbg,,,,,,,691e6ee146034e3241a06c29192a2371
"Земеделска земя, 6000m²",,186000.0,ЛЕВА,False, продажба,земя,,,,,,,1,,,homesbg,,,,,,,7aff115ab04595a817ddebe63c125f1e
"Земеделска земя, 1000m²",Нива,13800.0,EUR,False, продажба,земя,,,,,,,3,,,homesbg,,,,,,,158016a93e62b8fdb0d3c2f1a8e3d58a
"Земеделска земя, 5000m²",Нива,105550.0,EUR,False, продажба,земя,,,,,,,3,,,homesbg,,,,,,,655fb6a39b8988f89400e8430794ea53
"Земеделска земя, 3439m²",Нива,103170.0,EUR,False, продажба,земя,,,,,,,5,,,homesbg,,,,,,,d16eee97c7598e43052cb0b6d3b19d58
"Земеделска земя, 3375m²",,30000.0,EUR,False, продажба,земя,,,,,,,1,,,homesbg,,,,,,,7d20f6b2d08775fb9742d7788ecfbe22
"Земеделска земя, 1912m²",,80000.0,ЛЕВА,False, продажба,земя,,,,,,,9,,,homesbg,,,,,,,6a33d3a5bdc27b41d0213263716e6fd3
"Земеделска земя, 5563m²",,222520.0,ЛЕВА,False, продажба,земя,,,,,,,1,,,homesbg,,,,,,,746728ac204bb7543eba981bf59deef5
"Земеделска земя, 3000m²",,47400.0,EUR,False, продажба,земя,,,,,,,6,,,homesbg,,,,,,,f78620ca7e1b79750aa5be7804fb8714
"Земеделска земя, 1501m²",Нива,45030.0,EUR,False, продажба,земя,,,,,,,1,,,homesbg,,,,,,,15623563a337b4dbbc3371fe39569f92
"Земеделска земя, 5001m²",Друго,31000.0,EUR,False, продажба,земя,,,,,,,2,,,homesbg,,,,,,,f02d004ba86804ef71ebf8b7fbeb2c2e
"Земеделска земя, 6155m²",,123100.0,EUR,False, продажба,земя,,,,,,,6,,,homesbg,,,,,,,87d40e3160df10ae4b38184a33e42495
"Земеделска земя, 14936m²","Категория 8, Гора",45000.0,EUR,False, продажба,земя,,,,,,,3,,,homesbg,,,,,,,15623563a337b4dbbc3371fe39569f92
"Земеделска земя, 1319m²","Категория 9, Нива",15800.0,EUR,False, продажба,земя,,,,,,,1,,,homesbg,,,,,,,108884e9a1fcc6e9df3b966969ec27aa
"Земеделска земя, 5000m²",Нива,82500.0,EUR,False, продажба,земя,,,,,,,1,,,homesbg,,,,,,,aed4d0b81ace5b9c9b83fa67bc4f0c2f
"Земеделска земя, 7000m²","Категория 4, Овощна градина",91000.0,EUR,False, продажба,земя,,,,,,,3,,,homesbg,,,,,,,d757d617903359884b5ff834cf403127
"Земеделска земя, 13006m²",Друго,195000.0,EUR,False, продажба,земя,,,,,,,3,,,homesbg,,,,,,,d8c01dc3cefeb65071b9edb8bb970def
"Земеделска земя, 1422m²",Друго,51000.0,EUR,False, продажба,земя,,,,,,,4,,,homesbg,,,,,,,cbd62711586107dcc7771819b3136c26
"Земеделска земя, 13001m²",Друго,28000.0,EUR,False, продажба,земя,,,,,,,2,,,homesbg,,,,,,,ed50771a62ec073aa59cbc403ee5f46a
"Земеделска земя, 5001m²",Друго,15000.0,EUR,False, продажба,земя,,,,,,,3,,,homesbg,,,,,,,847a29127c38975e2c4ffc3644922d51
"Земеделска земя, 10099m²",Друго,236000.0,EUR,False, продажба,земя,,,,,,,2,,,homesbg,,,,,,,a83a8e9ff93400af8b3a8ce09fe84ce2
"Земеделска земя, 1000m²",Друго,10000.0,EUR,False, продажба,земя,,,,,,,2,,,homesbg,,,,,,,d1ef53bcbb65a60f5fbbbf0373022f32
"Земеделска земя, 2527m²",Друго,24000.0,EUR,False, продажба,земя,,,,,,,3,,,homesbg,,,,,,,ccd571142d4d6280ae60c99d53e4fa75
"Земеделска земя, 8409m²",Друго,299000.0,EUR,False, продажба,земя,,,,,,,1,,,homesbg,,,,,,,0bd4705784c9378edd20f76cf8f43964
"Земеделска земя, 6999m²",Друго,11999.0,EUR,False, продажба,земя,,,,,,,1,,,homesbg,,,,,,,994d6c5b3455752c6b72ed941b8ec6e4
"Земеделска земя, 13002m²",Друго,21940.0,EUR,False, продажба,земя,,,,,,,1,,,homesbg,,,,,,,bb7de5eb89f00993a628879e5a1d3986
"Земеделска земя, 3300m²",,240000.0,EUR,False, продажба,земя,,,,,,,1,,,homesbg,,,,,,,c4f25876bb3bc849e38f50d88c3e501e
"Земеделска земя, 1133m²","Категория 4, Нива",60000.0,EUR,False, продажба,земя,,,,,,,6,,,homesbg,,,,,,,b22852c7b6ab4f2d09dce3f7e68993cc
"Земеделска земя, 5900m²","Категория 4, Нива",185000.0,EUR,False, продажба,земя,,,,,,,2,,,homesbg,,,,,,,d0cc0e9e68efc80df52758a8889918d4
"Земеделска земя, 3000m²","Категория 5, Нива",7500.0,ЛЕВА,False, продажба,земя,,,,,,,1,,,homesbg,,,,,,,a55b09f50f28a8f584637c62359d0111
"Земеделска земя, 18700m²","Категория 4, Нива",149000.0,EUR,False, продажба,земя,,,,,,,0,,,homesbg,,,,,,,cd125f8e0367a61ceae022181885c3cf
"Земеделска земя, 3500m²","Категория 4, Нива",26000.0,EUR,False, продажба,земя,,,,,,,3,,,homesbg,,,,,,,eabc8f0c8960bca6c84dec2e0903e685
"Земеделска земя, 4000m²","Категория 4, Нива",25500.0,EUR,False, продажба,земя,,,,,,,3,,,homesbg,,,,,,,93d83570b2c9a0b5f9c1adcf9047c859
"Земеделска земя, 2200m²","Категория 3, Лозе",16500.0,ЛЕВА,False, продажба,земя,,,,,,,2,,,homesbg,,,,,,,dc848bb3a5090f4c6d131e43cbfeb79a
"Земеделска земя, 20500m²","Категория 5, Нива",67000.0,ЛЕВА,False, продажба,земя,,,,,,,1,,,homesbg,,,,,,,f30a240aad4e0001b90354faeeaac52d
"Земеделска земя, 3730m²","Категория 3, Овощна градина",35600.0,EUR,False, продажба,земя,,,,,,,0,,,homesbg,,,,,,,1df780b8b35c17880abd5d6ebea6963a
"Земеделска земя, 20100m²","Категория 4, Овощна градина",138690.0,ЛЕВА,False, продажба,земя,,,,,,,3,,,homesbg,,,,,,,fe3a0c2635f8d56a15d77ebb60b58504
"Земеделска земя, 3900m²","Категория 6, Нива",12800.0,ЛЕВА,False, продажба,земя,,,,,,,2,,,homesbg,,,,,,,8f77aa20a7ac920fdde5298c9152c277
"Земеделска земя, 28000m²","Категория 3, Овощна градина",204000.0,EUR,False, продажба,земя,,,,,,,2,,,homesbg,,,,,,,1f2a8b48b5e1d8236269d8da07928cd1
"Земеделска земя, 15000m²","Категория 5, Нива",28000.0,ЛЕВА,False, продажба,земя,,,,,,,3,,,homesbg,,,,,,,ed50771a62ec073aa59cbc403ee5f46a
"Земеделска земя, 9000m²","Категория 4, Овощна градина",62000.0,EUR,False, продажба,земя,,,,,,,3,,,homesbg,,,,,,,ded584ff5ee6aff2b54520d047fdf39c
"Земеделска земя, 5700m²","Категория 4, Нива",15300.0,EUR,False, продажба,земя,,,,,,,3,,,homesbg,,,,,,,4bc2fc448932e7a9e31bd5bce8e68987
"Земеделска земя, 4800m²","Категория 4, Нива",115000.0,EUR,False, продажба,земя,,,,,,,1,,,homesbg,,,,,,,cee67028bd697fd3290a8e5e897d4fb3
"Земеделска земя, 13000m²","Категория 5, Нива",36900.0,EUR,False, продажба,земя,,,,,,,3,,,homesbg,,,,,,,98d6bb69312d6c14f86d8b1671c52ab6
"Земеделска земя, 7000m²","Категория 8, Нива",11000.0,ЛЕВА,False, продажба,земя,,,,,,,3,,,homesbg,,,,,,,6d277743e093b3db5d26b36e971277b1
"Земеделска земя, 11500m²","Категория 3, Нива",211000.0,EUR,False, продажба,земя,,,,,,,2,,,homesbg,,,,,,,9f17ff522170933c6e59b44b56c60213
"Земеделска земя, 26000m²","Категория 4, Нива",45000.0,ЛЕВА,False, продажба,земя,,,,,,,0,,,homesbg,,,,,,,15623563a337b4dbbc3371fe39569f92
"Земеделска земя, 2500m²",Нива,38000.0,EUR,False, продажба,земя,,,,,,,3,,,homesbg,,,,,,,3cda8dc34dc4960c54bcb5a8adcf05d5
"Земеделска земя, 18000m²","Категория 4, Нива",103000.0,EUR,False, продажба,земя,,,,,,,3,,,homesbg,,,,,,,fee4a5f6a7c09db4484babc387e272a6
"Земеделска земя, 100000m²","Категория 1, Гора",110000.0,ЛЕВА,False, продажба,земя,,,,,,,3,,,homesbg,,,,,,,72e843b644fd6c207721bf1280bc862d
"Земеделска земя, 8950m²",Нива,150000.0,EUR,False, продажба,земя,,,,,,,0,,,homesbg,,,,,,,ecc0ff1f0650055038b832c717cfed25
"Земеделска земя, 1640m²","Категория 4, Нива",11500.0,ЛЕВА,False, продажба,земя,,,,,,,4,,,homesbg,,,,,,,69fc95bcd7243fab52c0beb737e81dda
"Земеделска земя, 3000m²","Категория 3, Лозе",79500.0,EUR,False, продажба,земя,,,,,,,3,,,homesbg,,,,,,,6dca773c6cb84679238601110a3baa24
"Земеделска земя, 8900m²",Нива,135000.0,EUR,False, продажба,земя,,,,,,,2,,,homesbg,,,,,,,c3b8478ff73e3d3906d0505dcc5859f4
"Земеделска земя, 1800m²","Категория 6, Нива",9000.0,EUR,False, продажба,земя,,,,,,,5,,,homesbg,,,,,,,ea3e45d2dcebb65ac2503c517ddff8ec
"Земеделска земя, 41800m²",Гора,3345000.0,EUR,False, продажба,земя,,,,,,,8,,,homesbg,,,,,,,4008b982eecf15ff36559274d8f8d235
"Земеделска земя, 61000m²","Категория 4, Нива",94000.0,EUR,False, продажба,земя,,,,,,,2,,,homesbg,,,,,,,5ab0fde8752720d062d62b1a30bbd815
"Земеделска земя, 2600m²","Категория 3, Нива",91000.0,EUR,False, продажба,земя,,,,,,,2,,,homesbg,,,,,,,d757d617903359884b5ff834cf403127
"Земеделска земя, 3300m²","Категория 4, Нива",85000.0,EUR,False, продажба,земя,,,,,,,0,,,homesbg,,,,,,,3c0d263778fae64a6875accc3918d99f
"Земеделска земя, 7000m²","Категория 4, Овощна градина",107000.0,EUR,False, продажба,земя,,,,,,,3,,,homesbg,,,,,,,b880a3d4182ccb901472e0740c97783e
"Земеделска земя, 5000m²","Категория 4, Нива",30000.0,EUR,False, продажба,земя,,,,,,,2,,,homesbg,,,,,,,7d20f6b2d08775fb9742d7788ecfbe22
"Земеделска земя, 3100m²",Лозе,63000.0,EUR,False, продажба,земя,,,,,,,3,,,homesbg,,,,,,,4aa1c2192f486e087532b40b2d850c3f
"Земеделска земя, 2500m²",Нива,73000.0,EUR,False, продажба,земя,,,,,,,5,,,homesbg,,,,,,,ed55396a8c13eba814200e805b4ea916
"Земеделска земя, 1500m²","Категория 3, Нива",56000.0,EUR,False, продажба,земя,,,,,,,2,,,homesbg,,,,,,,908e2b206199aaf33b35a10787034390
"Земеделска земя, 12600m²","Категория 5, Нива",167600.0,EUR,False, продажба,земя,,,,,,,3,,,homesbg,,,,,,,96fc833cdf10107cb9c4010a7531d844
"Земеделска земя, 15000m²",Нива,121000.0,ЛЕВА,False, продажба,земя,,,,,,,3,,,homesbg,,,,,,,4c607040cdda1eda0a8b7d20519bf811
"Земеделска земя, 16700m²","Категория 5, Нива",51500.0,EUR,False, продажба,земя,,,,,,,0,,,homesbg,,,,,,,61bc0063b67132bf77974098d36cca09
"Земеделска земя, 3200m²","Категория 4, Овощна градина",24800.0,ЛЕВА,False, продажба,земя,,,,,,,3,,,homesbg,,,,,,,d303010f3cf3e9b02f4e0595d06a8c69
"Земеделска земя, 1400m²","Категория 4, Овощна градина",8500.0,ЛЕВА,False, продажба,земя,,,,,,,3,,,homesbg,,,,,,,96e6177db871ca9ec4af677bc7acc9bb
"Земеделска земя, 7200m²","Категория 4, Нива",42800.0,EUR,False, продажба,земя,,,,,,,3,,,homesbg,,,,,,,7c2eaede5e7523330fafa897ef10d180
"Земеделска земя, 5700m²","Категория 6, Овощна градина",13000.0,EUR,False, продажба,земя,,,,,,,2,,,homesbg,,,,,,,2a84c662565357673d8cc900904de466
"Земеделска земя, 20000m²","Категория 4, Нива",65000.0,ЛЕВА,False, продажба,земя,,,,,,,5,,,homesbg,,,,,,,50bab1c2f2d3f4d65bd7a789213080ca
"Земеделска земя, 4000m²","Категория 5, Нива",40500.0,EUR,False, продажба,земя,,,,,,,0,,,homesbg,,,,,,,4923ff216d51e351a296ef64e5f189a6
"Земеделска земя, 2150m²",Нива,50500.0,EUR,False, продажба,земя,,,,,,,5,,,homesbg,,,,,,,2cfedc5e11079573420094911096cd93
"Земеделска земя, 4579m²",Нива,205000.0,EUR,False, продажба,земя,,,,,,,4,,,homesbg,,,,,,,1e6ca10db45bcfce31362e621826c86f
"Земеделска земя, 3000m²","Категория 4, Нива",9500.0,EUR,False, продажба,земя,,,,,,,2,,,homesbg,,,,,,,2f65dfdd15b32acd0a3f3fb39c21584d
"Земеделска земя, 5000m²",Нива,133000.0,EUR,False, продажба,земя,,,,,,,7,,,homesbg,,,,,,,44fda12d1b173423927e1824bc62f329
"Земеделска земя, 2900m²","Категория 4, Лозе",60000.0,EUR,False, продажба,земя,,,,,,,3,,,homesbg,,,,,,,b22852c7b6ab4f2d09dce3f7e68993cc
"Земеделска земя, 2750m²","Категория 4, Лозе",56600.0,EUR,False, продажба,земя,,,,,,,3,,,homesbg,,,,,,,8b0f53285cc80955854ae1aab4c8f48d
"Земеделска земя, 4700m²","Категория 4, Нива",125000.0,EUR,False, продажба,земя,,,,,,,6,,,homesbg,,,,,,,65914ecde58e3ebbc853b6957bc2ea6e
"Земеделска земя, 3930m²","Категория 4, Нива",68000.0,EUR,False, продажба,земя,,,,,,,3,,,homesbg,,,,,,,30d191fe3567938bdc3b19853fe12631
"Земеделска земя, 6300m²","Категория 6, Лозе",108000.0,EUR,False, продажба,земя,,,,,,,3,,,homesbg,,,,,,,f7a13a023642b5075e63fbb6a50203a8
"Земеделска земя, 5000m²","Категория 5, Нива",30700.0,EUR,False, продажба,земя,,,,,,,4,,,homesbg,,,,,,,0eea3f335083eba3bf4bfe85c142c302
"Земеделска земя, 5410m²","Категория 4, Нива",15500.0,EUR,False, продажба,земя,,,,,,,2,,,homesbg,,,,,,,1e46d2e14405138833ce51c07dda7f06
"Земеделска земя, 3500m²","Категория 5, Нива",14500.0,ЛЕВА,False, продажба,земя,,,,,,,3,,,homesbg,,,,,,,48f82c40bfc227e9f890c1c9bebdabed
"Земеделска земя, 6500m²","Категория 4, Овощна градина",39900.0,EUR,False, продажба,земя,,,,,,,3,,,homesbg,,,,,,,ee5b9d49ed1f034cc18a1cb382df7d58
"Земеделска земя, 4000m²","Категория 4, Овощна градина",82000.0,ЛЕВА,False, продажба,земя,,,,,,,5,,,homesbg,,,,,,,733948bafac14ca99640c2cb55a8aaad
"Земеделска земя, 8400m²",Нива,82000.0,ЛЕВА,False, продажба,земя,,,,,,,3,,,homesbg,,,,,,,733948bafac14ca99640c2cb55a8aaad
"Земеделска земя, 17000m²","Категория 4, Нива",45000.0,ЛЕВА,False, продажба,земя,,,,,,,0,,,homesbg,,,,,,,15623563a337b4dbbc3371fe39569f92
"Земеделска земя, 6500m²","Категория 4, Овощна градина",34000.0,EUR,False, продажба,земя,,,,,,,2,,,homesbg,,,,,,,11cf3bc9a19374c648de6f25e23cee8e
"Земеделска земя, 6900m²","Категория 4, Нива",20500.0,EUR,False, продажба,земя,,,,,,,3,,,homesbg,,,,,,,157c4d95a5d159f89c86f11de9409409
"Земеделска земя, 1500m²",Нива,37000.0,ЛЕВА,False, продажба,земя,,,,,,,3,,,homesbg,,,,,,,7787099204ef020b2b53f63dc09eff46
"Земеделска земя, 6000m²",Нива,270000.0,EUR,False, продажба,земя,,,,,,,0,,,homesbg,,,,,,,43637d2fae5250458314ff7c2e8beb46
"Земеделска земя, 6000m²","Категория 3, Нива",123000.0,EUR,False, продажба,земя,,,,,,,4,,,homesbg,,,,,,,3b84bf62ea9e2eda70f44e2a79056c03
"Земеделска земя, 22500m²","Категория 4, Нива",68500.0,EUR,False, продажба,земя,,,,,,,3,,,homesbg,,,,,,,271f604dd73736b7be882bc065c2b9ff
"Земеделска земя, 1400m²","Категория 4, Овощна градина",25600.0,EUR,False, продажба,земя,,,,,,,3,,,homesbg,,,,,,,8123fe41b9e32be6d78082c2d28afd52
"Земеделска земя, 5600m²","Категория 4, Лозе",75000.0,EUR,False, продажба,земя,,,,,,,0,,,homesbg,,,,,,,7c865dbb04d8ed51952e02981338bc3b
"Земеделска земя, 5000m²","Категория 4, Лозе",123000.0,ЛЕВА,False, продажба,земя,,,,,,,5,,,homesbg,,,,,,,3b84bf62ea9e2eda70f44e2a79056c03
"Земеделска земя, 5000m²","Категория 5, Нива",35800.0,EUR,False, продажба,земя,,,,,,,3,,,homesbg,,,,,,,d69709247aad1105bb1533906f2c8c87
"Земеделска земя, 5600m²","Категория 4, Лозе",143000.0,ЛЕВА,False, продажба,земя,,,,,,,3,,,homesbg,,,,,,,06f225e1b58fca7836714c29267b53f3
"Земеделска земя, 37000m²",Нива,81500.0,ЛЕВА,False, продажба,земя,,,,,,,0,,,homesbg,,,,,,,053d00d4a85af2c0674cd3038f638a4f
"Земеделска земя, 3700m²","Категория 6, Нива",23600.0,EUR,False, продажба,земя,,,,,,,3,,,homesbg,,,,,,,9fadabfb73d33a3ff46bc9029bfc5228
"Земеделска земя, 19600m²","Категория 4, Нива",51500.0,EUR,False, продажба,земя,,,,,,,3,,,homesbg,,,,,,,61bc0063b67132bf77974098d36cca09
"Земеделска земя, 12000m²","Категория 4, Нива",69000.0,ЛЕВА,False, продажба,земя,,,,,,,3,,,homesbg,,,,,,,2537398e0e26a3d4e017a7b58e733324
"Земеделска земя, 1100m²","Категория 3, Овощна градина",35000.0,ЛЕВА,False, продажба,земя,,,,,,,2,,,homesbg,,,,,,,692bb78fc14b44c281bb332e6810d995
"Земеделска земя, 19600m²","Категория 9, Нива",13800.0,EUR,False, продажба,земя,,,,,,,4,,,homesbg,,,,,,,158016a93e62b8fdb0d3c2f1a8e3d58a
"Земеделска земя, 30000m²","Категория 4, Нива",920000.0,EUR,False, продажба,земя,,,,,,,3,,,homesbg,,,,,,,51302d68b8f42e5d3e8d865712c037f9
"Земеделска земя, 13600m²","Категория 8, Нива",43000.0,EUR,False, продажба,земя,,,,,,,2,,,homesbg,,,,,,,ebe3669e973149b7e9b74abba775fb45
"Земеделска земя, 6100m²","Категория 4, Нива",75000.0,ЛЕВА,False, продажба,земя,,,,,,,3,,,homesbg,,,,,,,7c865dbb04d8ed51952e02981338bc3b
"Земеделска земя, 3900m²","Категория 4, Нива",57000.0,ЛЕВА,False, продажба,земя,,,,,,,3,,,homesbg,,,,,,,f45e12b141a197e583470e3f6c8622e3
"Земеделска земя, 8000m²","Категория 3, Нива",115000.0,EUR,False, продажба,земя,,,,,,,3,,,homesbg,,,,,,,cee67028bd697fd3290a8e5e897d4fb3
"Земеделска земя, 1700m²","Категория 4, Нива",17000.0,EUR,False, продажба,земя,,,,,,,3,,,homesbg,,,,,,,1e49054fde411d899ebdc79702011b23
"Земеделска земя, 3400m²","Категория 5, Нива",71500.0,ЛЕВА,False, продажба,земя,,,,,,,3,,,homesbg,,,,,,,b5e4f1834d064057ed8ba914ae97f61f
"Земеделска земя, 5400m²","Категория 5, Нива",56600.0,EUR,False, продажба,земя,,,,,,,8,,,homesbg,,,,,,,8b0f53285cc80955854ae1aab4c8f48d
"Земеделска земя, 4740m²","Категория 4, Нива",168500.0,EUR,False, продажба,земя,,,,,,,2,,,homesbg,,,,,,,cef4d290f4845f9cf5002b887ffb1cac
"Земеделска земя, 10000m²","Категория 5, Овощна градина",21500.0,EUR,False, продажба,земя,,,,,,,4,,,homesbg,,,,,,,8964c98d92d78d10aca7a47bd6eb359f
"Земеделска земя, 94000m²","Категория 5, Нива",180000.0,EUR,False, продажба,земя,,,,,,,3,,,homesbg,,,,,,,c6cf94d1acc4e6666cbf228fdca2705e
"Земеделска земя, 9400m²","Категория 3, Нива",92000.0,EUR,False, продажба,земя,,,,,,,1,,,homesbg,,,,,,,403ae9a8ceefe35338e489476e577a09
"Земеделска земя, 5000m²","Категория 10, Нива",51000.0,EUR,False, продажба,земя,,,,,,,3,,,homesbg,,,,,,,cbd62711586107dcc7771819b3136c26
"Земеделска земя, 3000m²","Категория 4, Нива",25000.0,EUR,False, продажба,земя,,,,,,,0,,,homesbg,,,,,,,826fdce77d10b5115c850640966e3364
"Земеделска земя, 40500m²","Категория 3, Овощна градина",270000.0,ЛЕВА,False, продажба,земя,,,,,,,3,,,homesbg,,,,,,,43637d2fae5250458314ff7c2e8beb46
"Земеделска земя, 17200m²","Категория 5, Нива",18500.0,EUR,False, продажба,земя,,,,,,,5,,,homesbg,,,,,,,e7c31d9d814be196a07ca507ec5baba3
"Земеделска земя, 8819m²",Нива,123000.0,EUR,False, продажба,земя,,,,,,,3,,,homesbg,,,,,,,3b84bf62ea9e2eda70f44e2a79056c03
"Земеделска земя, 4800m²","Категория 6, Овощна градина",27000.0,EUR,False, продажба,земя,,,,,,,3,,,homesbg,,,,,,,08f0bd3a6ba9922e83ae3e78d6422c71
"Земеделска земя, 12423m²","Категория 5, Нива",560000.0,EUR,False, продажба,земя,,,,,,,5,,,homesbg,,,,,,,9693dec0f4216a68cb43a3a06bbc37b7
"Земеделска земя, 12423m²","Категория 5, Нива",560000.0,EUR,False, продажба,земя,,,,,,,7,,,homesbg,,,,,,,9693dec0f4216a68cb43a3a06bbc37b7
"Земеделска земя, 8770m²",Нива,135500.0,EUR,False, продажба,земя,,,,,,,1,,,homesbg,,,,,,,b81558d2b317f5024e03cfb4c73bc216
"Земеделска земя, 13000m²","Категория 4, Нива",93000.0,ЛЕВА,False, продажба,земя,,,,,,,3,,,homesbg,,,,,,,27aa9c9e19aeb16c82ed360293e64fa4
"Земеделска земя, 17453m²",Друго,499000.0,EUR,False, продажба,земя,,,,,,,4,,,homesbg,,,,,,,2b8396816d2e4e00680ef028d45c2176
"Земеделска земя, 2743m²",,385000.0,EUR,False, продажба,земя,,,,,,,2,,,homesbg,,,,,,,fbfea4509338f6c25966c9d6e87f45c7
"Земеделска земя, 5600m²",Нива,280000.0,EUR,False, продажба,земя,,,,,,,4,,,homesbg,,,,,,,bdcf6d47e426ab7820e4c8d21e0d5199
"Земеделска земя, 4949m²",Нива,175000.0,EUR,False, продажба,земя,,,,,,,2,,,homesbg,,,,,,,fc2d844d4eac5354263bb93844a54243
"Земеделска земя, 2701m²",Нива,54500.0,EUR,False, продажба,земя,,,,,,,2,,,homesbg,,,,,,,958a4826f3074c8ad9d28d419b1b3333
"Земеделска земя, 1270m²",Нива,50800.0,EUR,False, продажба,земя,,,,,,,2,,,homesbg,,,,,,,eeb55032014338d23053e3d21c765de5
"Земеделска земя, 19048m²","Категория 5, Нива",133336.0,EUR,False, продажба,земя,,,,,,,2,,,homesbg,,,,,,,1d0d9732af9cbfc7bca8d389726f36d1
"Земеделска земя, 3408m²",,22000.0,ЛЕВА,False, продажба,земя,,,,,,,1,,,homesbg,,,,,,,58750575bb8b8e84c7e0c9342288a8d9
"Земеделска земя, 5997m²",Друго,96000.0,EUR,False, продажба,земя,,,,,,,2,,,homesbg,,,,,,,6e96a0bdf6c9c9910dc9935ef51ab855
"Земеделска земя, 7164m²",Друго,110000.0,EUR,False, продажба,земя,,,,,,,2,,,homesbg,,,,,,,72e843b644fd6c207721bf1280bc862d
"Земеделска земя, 8999m²",Друго,80000.0,EUR,False, продажба,земя,,,,,,,2,,,homesbg,,,,,,,6a33d3a5bdc27b41d0213263716e6fd3
"Земеделска земя, 2500m²",,17500.0,ЛЕВА,False, продажба,земя,,,,,,,1,,,homesbg,,,,,,,354e5678317e995b1f4c75f411ff6be4
"Земеделска земя, 10001m²",,70000.0,ЛЕВА,False, продажба,земя,,,,,,,1,,,homesbg,,,,,,,b6e9c9174ce4a08221cb77ac2a462f8b
"Земеделска земя, 2600m²",Нива,156000.0,EUR,False, продажба,земя,,,,,,,0,,,homesbg,,,,,,,a728b8e066ca3d4031368b07833d44f0
"Земеделска земя, 3199m²","Категория 4, Нива",79975.0,EUR,False, продажба,земя,,,,,,,1,,,homesbg,,,,,,,6a33d3a5bdc27b41d0213263716e6fd3
"Земеделска земя, 2115m²","Категория 5, Нива",31725.0,EUR,False, продажба,земя,,,,,,,1,,,homesbg,,,,,,,2fe5d9b6b5281a365be4294b6e7ee657
"Земеделска земя, 6498m²","Категория 4, Нива",45000.0,EUR,False, продажба,земя,,,,,,,1,,,homesbg,,,,,,,15623563a337b4dbbc3371fe39569f92
"Земеделска земя, 5000m²",Друго,42000.0,EUR,False, продажба,земя,,,,,,,3,,,homesbg,,,,,,,597210c0c42d762339cb205f68ab8a91
"Земеделска земя, 2875m²","Категория 5, Нива",58800.0,EUR,False, продажба,земя,,,,,,,4,,,homesbg,,,,,,,40886256083ebfb886382dee6f5106db
"Земеделска земя, 3000m²",,13805.0,EUR,False, продажба,земя,,,,,,,2,,,homesbg,,,,,,,158016a93e62b8fdb0d3c2f1a8e3d58a
"Земеделска земя, 1800m²","Категория 4, Овощна градина",26500.0,EUR,False, продажба,земя,,,,,,,5,,,homesbg,,,,,,,820e0bfd205a99acd9fa3eb8cb64afec
"Земеделска земя, 1209m²",Нива,36300.0,EUR,False, продажба,земя,,,,,,,3,,,homesbg,,,,,,,5f17cef1c4eed2f57d8b10f09f391c46
"Земеделска земя, 3000m²","Категория 5, Нива",16000.0,EUR,False, продажба,земя,,,,,,,2,,,homesbg,,,,,,,762e5e25f71afca667ab5dca172bb9ec
"Земеделска земя, 5499m²","Категория 4, Нива",49500.0,EUR,False, продажба,земя,,,,,,,2,,,homesbg,,,,,,,94efc189ea14717937396b69dea4420b
"Земеделска земя, 15996m²",Нива,48000.0,EUR,False, продажба,земя,,,,,,,2,,,homesbg,,,,,,,9c4218a2a266b9039ee0687012338a54
"Земеделска земя, 5300m²","Категория 4, Нива",32000.0,ЛЕВА,False, продажба,земя,,,,,,,2,,,homesbg,,,,,,,305fba2974497cd412bf018f766b2ade
"Земеделска земя, 45790m²","Категория 6, Нива",65000.0,EUR,False, продажба,земя,,,,,,,1,,,homesbg,,,,,,,50bab1c2f2d3f4d65bd7a789213080ca
"Земеделска земя, 5103m²","Категория 5, Нива",21000.0,EUR,False, продажба,земя,,,,,,,2,,,homesbg,,,,,,,ee69a285f4a12344b2ca88d338fff2c7
"Земеделска земя, 13307m²",Нива,30700.0,EUR,False, продажба,земя,,,,,,,1,,,homesbg,,,,,,,0eea3f335083eba3bf4bfe85c142c302
"Земеделска земя, 675m²",Нива,25999.0,EUR,False, продажба,земя,,,,,,,1,,,homesbg,,,,,,,eabc8f0c8960bca6c84dec2e0903e685
"Земеделска земя, 2600m²",Друго,30000.0,EUR,False, продажба,земя,,,,,,,2,,,homesbg,,,,,,,7d20f6b2d08775fb9742d7788ecfbe22
"Земеделска земя, 3000m²",,60000.0,EUR,False, продажба,земя,,,,,,,6,,,homesbg,,,,,,,b22852c7b6ab4f2d09dce3f7e68993cc
"Земеделска земя, 1000m²",,30000.0,EUR,False, продажба,земя,,,,,,,1,,,homesbg,,,,,,,7d20f6b2d08775fb9742d7788ecfbe22
"Земеделска земя, 11841m²",Друго,23000.0,EUR,False, продажба,земя,,,,,,,2,,,homesbg,,,,,,,5f4216b7f674dfff85aa9e09aff760ac
"Земеделска земя, 5387m²","Категория 3, Нива",25000.0,ЛЕВА,False, продажба,земя,,,,,,,0,,,homesbg,,,,,,,826fdce77d10b5115c850640966e3364
"Земеделска земя, 700m²",,14000.0,EUR,False, продажба,земя,,,,,,,3,,,homesbg,,,,,,,ca45430c5d58a9caf601953fef2498aa
"Земеделска земя, 3688m²",,69900.0,ЛЕВА,False, продажба,земя,,,,,,,1,,,homesbg,,,,,,,0a50feffb24f6cf3d19118468259d2db
"Земеделска земя, 2000m²",Гора,170000.0,EUR,False, продажба,земя,,,,,,,3,,,homesbg,,,,,,,ca3efbde81671f6f155bb67c8afb9e2b
"Земеделска земя, 1039m²","Категория 4, Нива",28000.0,EUR,False, продажба,земя,,,,,,,1,,,homesbg,,,,,,,ed50771a62ec073aa59cbc403ee5f46a
"Земеделска земя, 739m²",Нива,23170.0,EUR,False, продажба,земя,,,,,,,1,,,homesbg,,,,,,,9f4f1dd24df43f827ecc7d62953c2020
"Земеделска земя, 10043m²",,251075.0,EUR,False, продажба,земя,,,,,,,1,,,homesbg,,,,,,,462e1800486aeb7c253f17bfac8df1b4
"Земеделска земя, 739m²","Категория 4, Нива",24500.0,EUR,False, продажба,земя,,,,,,,1,,,homesbg,,,,,,,62225a9dbd563d34d01604706cb906f1
"Земеделска земя, 20000m²","Категория 8, Нива",26000.0,ЛЕВА,False, продажба,земя,,,,,,,0,,,homesbg,,,,,,,eabc8f0c8960bca6c84dec2e0903e685
"Земеделска земя, 800m²",Друго,94500.0,EUR,False, продажба,земя,,,,,,,5,,,homesbg,,,,,,,80fe7375e3ba54dd3fff2c6b522e1869
"Земеделска земя, 18000m²",Друго,306000.0,EUR,False, продажба,земя,,,,,,,0,,,homesbg,,,,,,,bfd09721fbcabb8e9aa4eb45b1d1095a
"Земеделска земя, 5348m²",Друго,17400.0,EUR,False, продажба,земя,,,,,,,1,,,homesbg,,,,,,,5ed8b60ba2b70966c9f64ea0c0e8bf37
"Земеделска земя, 10219m²",,35000.0,EUR,False, продажба,земя,,,,,,,3,,,homesbg,,,,,,,692bb78fc14b44c281bb332e6810d995
"Земеделска земя, 58103m²",Пасище,580000.0,EUR,False, продажба,земя,,,,,,,1,,,homesbg,,,,,,,6276e4c7ca3709743c32645271fc9019
"Земеделска земя, 3358m²","Категория 6, Друго",100740.0,EUR,False, продажба,земя,,,,,,,5,,,homesbg,,,,,,,97f85a8348fc92e45637ded388abfb90
"Земеделска земя, 4500m²",,75000.0,EUR,False, продажба,земя,,,,,,,4,,,homesbg,,,,,,,7c865dbb04d8ed51952e02981338bc3b
"Земеделска земя, 7424m²",,16000.0,EUR,False, продажба,земя,,,,,,,1,,,homesbg,,,,,,,762e5e25f71afca667ab5dca172bb9ec
"Земеделска земя, 12780m²",,22900.0,EUR,False, продажба,земя,,,,,,,0,,,homesbg,,,,,,,4cdbdc5dd404b3ddd7a628217cfa8d08
"Земеделска земя, 3098m²",,108430.0,EUR,False, продажба,земя,,,,,,,2,,,homesbg,,,,,,,99b631075ff119c9f27133ffa7a213e0
"Земеделска земя, 2002m²",,26200.0,ЛЕВА,False, продажба,земя,,,,,,,1,,,homesbg,,,,,,,65b6b9edc830c472367faa126eca98b1
"Земеделска земя, 1821m²","Категория 4, Лозе",45525.0,EUR,False, продажба,земя,,,,,,,1,,,homesbg,,,,,,,9aa4cf801fa5a1f5404df08d9576cdc3
"Земеделска земя, 20000m²","Категория 3, Овощна градина",40000.0,ЛЕВА,False, продажба,земя,,,,,,,2,,,homesbg,,,,,,,560583ff4cf186cf48a27f1c1484b213
"Земеделска земя, 6400m²",Друго,0.0,EUR,False, продажба,земя,,,,,,,4,,,homesbg,,,,,,,b7c2d2784429cf4aa0f78a8b58a83570
"Земеделска земя, 300m²","Категория 9, Лозе",15500.0,EUR,False, продажба,земя,,,,,,,9,,,homesbg,,,,,,,1e46d2e14405138833ce51c07dda7f06
"Земеделска земя, 4590m²",Друго,45900.0,EUR,False, продажба,земя,,,,,,,1,,,homesbg,,,,,,,a5c071c8c5790ca3876ade98fa70e143
"Земеделска земя, 3203m²",Друго,96060.0,EUR,False, продажба,земя,,,,,,,1,,,homesbg,,,,,,,54aec59610617d9fdd0df087d316e360
"Земеделска земя, 4000m²",Друго,84000.0,EUR,False, продажба,земя,,,,,,,1,,,homesbg,,,,,,,79068c345ae4710be2301c6ac19e95cf
"Земеделска земя, 2950m²",Друго,73750.0,EUR,False, продажба,земя,,,,,,,2,,,homesbg,,,,,,,f00977252b96c277b50fe52f73c87dd8
"Земеделска земя, 4000m²",Друго,64000.0,EUR,False, продажба,земя,,,,,,,2,,,homesbg,,,,,,,c1f4e8a7a9ec1b57eb65d8f7fa2ea421
"Земеделска земя, 10000m²",Друго,250000.0,EUR,False, продажба,земя,,,,,,,1,,,homesbg,,,,,,,ac1abcccfbd2cd4973f368ff6cc0be5b
"Земеделска земя, 12106m²",Друго,62000.0,EUR,False, продажба,земя,,,,,,,1,,,homesbg,,,,,,,ded584ff5ee6aff2b54520d047fdf39c
"Земеделска земя, 4200m²",Друго,30000.0,EUR,False, продажба,земя,,,,,,,3,,,homesbg,,,,,,,7d20f6b2d08775fb9742d7788ecfbe22
"Земеделска земя, 4820m²",Друго,72300.0,EUR,False, продажба,земя,,,,,,,3,,,homesbg,,,,,,,53a5bacfb868bf85fdfc95def910f318
"Земеделска земя, 6407m²",Друго,160000.0,EUR,False, продажба,земя,,,,,,,3,,,homesbg,,,,,,,1d96fcfdbdee8a3d040212c0934ce5bf
"Земеделска земя, 11523m²",Друго,340000.0,EUR,False, продажба,земя,,,,,,,3,,,homesbg,,,,,,,7f7be3b1c7e9f1fee8da93aeab65a331
"Земеделска земя, 4007m²",Друго,0.0,EUR,False, продажба,земя,,,,,,,1,,,homesbg,,,,,,,b7c2d2784429cf4aa0f78a8b58a83570
"Земеделска земя, 4751m²",Друго,108000.0,EUR,False, продажба,земя,,,,,,,1,,,homesbg,,,,,,,f7a13a023642b5075e63fbb6a50203a8
"Земеделска земя, 7992m²",,4500.0,EUR,False, продажба,земя,,,,,,,0,,,homesbg,,,,,,,d12c06db2fd2d224d5719acb6e70eaf8
"Земеделска земя, 9388m²",Друго,186760.0,EUR,False, продажба,земя,,,,,,,2,,,homesbg,,,,,,,bc3e7c1f81aa1374329341b1217e902d
"Земеделска земя, 4339m²",Друго,65085.0,EUR,False, продажба,земя,,,,,,,2,,,homesbg,,,,,,,550900704b8cac4debe5d0a12260d2d1
"Земеделска земя, 999m²",Друго,21000.0,EUR,False, продажба,земя,,,,,,,1,,,homesbg,,,,,,,ee69a285f4a12344b2ca88d338fff2c7
"Земеделска земя, 8075m²",,89000.0,EUR,False, продажба,земя,,,,,,,1,,,homesbg,,,,,,,1bb69c71616b1111718547d827c4992a
"Земеделска земя, 16795m²","Категория 7, Нива",0.0,EUR,False, продажба,земя,,,,,,,0,,,homesbg,,,,,,,b7c2d2784429cf4aa0f78a8b58a83570
"Земеделска земя, 93000m²",,1209000.0,ЛЕВА,False, продажба,земя,,,,,,,2,,,homesbg,,,,,,,01ccfb34c3b0fcdb57afb6cd3dfcabe4
"Земеделска земя, 9000m²",Нива,270000.0,EUR,False, продажба,земя,,,,,,,8,,,homesbg,,,,,,,43637d2fae5250458314ff7c2e8beb46
"Земеделска земя, 1001m²",Друго,52000.0,EUR,False, продажба,земя,,,,,,,5,,,homesbg,,,,,,,50ef92fe5f978c859457faf37007a269
"Земеделска земя, 587623m²",Гора,429485.0,EUR,False, продажба,земя,,,,,,,5,,,homesbg,,,,,,,62f579970d105114fa1a09db7b8471be
"Земеделска земя, 3450m²","Категория 6, Нива",18150.0,EUR,False, продажба,земя,,,,,,,10,,,homesbg,,,,,,,b935c6ab02095f7c04fe16e5a9234721
"Земеделска земя, 8328m²","Категория 9, Нива",30000.0,EUR,False, продажба,земя,,,,,,,0,,,homesbg,,,,,,,7d20f6b2d08775fb9742d7788ecfbe22
"Земеделска земя, 11762m²","Категория 9, Нива",55000.0,EUR,False, продажба,земя,,,,,,,0,,,homesbg,,,,,,,057488d3741c6756f2f29c604c984c87
"Земеделска земя, 6138m²",Друго,122760.0,EUR,False, продажба,земя,,,,,,,2,,,homesbg,,,,,,,49eb0bf57f7521e6f8cbb7dd8f085da0
"Земеделска земя, 5336m²",Друго,150000.0,EUR,False, продажба,земя,,,,,,,2,,,homesbg,,,,,,,ecc0ff1f0650055038b832c717cfed25
"Земеделска земя, 330m²","Категория 9, Лозе",11700.0,ЛЕВА,False, продажба,земя,,,,,,,5,,,homesbg,,,,,,,119a4b33843a64fdabc66d607c2b724c
"Земеделска земя, 19000m²",Друго,1805000.0,EUR,False, продажба,земя,,,,,,,1,,,homesbg,,,,,,,49ede744809f76f84e57a81770687d1e
"Земеделска земя, 3898m²",Друго,401000.0,EUR,False, продажба,земя,,,,,,,2,,,homesbg,,,,,,,372f00fc4da4881d9eb5e6acf5fdf449
"Земеделска земя, 3001m²",Гора,85000.0,EUR,False, продажба,земя,,,,,,,2,,,homesbg,,,,,,,3c0d263778fae64a6875accc3918d99f
"Земеделска земя, 56000m²",Друго,100000.0,EUR,False, продажба,земя,,,,,,,2,,,homesbg,,,,,,,0ae14a5e4b0019a5026d473f87f54b4a
"Земеделска земя, 5044m²",,504400.0,EUR,False, продажба,земя,,,,,,,1,,,homesbg,,,,,,,c41a27daea299862c7d4be054a248570
"Земеделска земя, 7456m²",Нива,92990.0,EUR,False, продажба,земя,,,,,,,1,,,homesbg,,,,,,,27aa9c9e19aeb16c82ed360293e64fa4
"Земеделска земя, 3742m²",Гора,57900.0,EUR,False, продажба,земя,,,,,,,3,,,homesbg,,,,,,,c21c7ab6ee814406a366b03d5212889c
"Земеделска земя, 76000m²",Друго,100000.0,EUR,False, продажба,земя,,,,,,,5,,,homesbg,,,,,,,0ae14a5e4b0019a5026d473f87f54b4a
"Земеделска земя, 1600m²",Друго,49000.0,EUR,False, продажба,земя,,,,,,,1,,,homesbg,,,,,,,ae6cf8a8f66c7a313569ed988e4ac45e
"Земеделска земя, 1590m²",,18500.0,EUR,False, продажба,земя,,,,,,,1,,,homesbg,,,,,,,e7c31d9d814be196a07ca507ec5baba3
"Земеделска земя, 19690m²",Друго,662600.0,EUR,False, продажба,земя,,,,,,,5,,,homesbg,,,,,,,b987feb0f3590e26bc70d70e8424e878
"Земеделска земя, 5001m²",,20004.0,ЛЕВА,False, продажба,земя,,,,,,,1,,,homesbg,,,,,,,acd207c8ddf40cc2e93a5b7cba16511c
"Земеделска земя, 6739m²",,26956.0,ЛЕВА,False, продажба,земя,,,,,,,1,,,homesbg,,,,,,,08f0bd3a6ba9922e83ae3e78d6422c71
"Земеделска земя, 6000m²","Категория 10, Нива",60000.0,ЛЕВА,False, продажба,земя,,,,,,,0,,,homesbg,,,,,,,b22852c7b6ab4f2d09dce3f7e68993cc
"Земеделска земя, 9000m²",Нива,0.0,EUR,False, продажба,земя,,,,,,,1,,,homesbg,,,,,,,b7c2d2784429cf4aa0f78a8b58a83570
"Земеделска земя, 10000m²",Нива,0.0,EUR,False, продажба,земя,,,,,,,0,,,homesbg,,,,,,,b7c2d2784429cf4aa0f78a8b58a83570
"Земеделска земя, 2330m²","Категория 4, Нива",151450.0,EUR,False, продажба,земя,,,,,,,1,,,homesbg,,,,,,,7f1ca6612ee49289b7f89244e93d8996
"Земеделска земя, 2670m²",Друго,7500.0,EUR,False, продажба,земя,,,,,,,2,,,homesbg,,,,,,,a55b09f50f28a8f584637c62359d0111
"Земеделска земя, 8262m²","Категория 6, Овощна градина",100000.0,ЛЕВА,False, продажба,земя,,,,,,,3,,,homesbg,,,,,,,0ae14a5e4b0019a5026d473f87f54b4a
"Земеделска земя, 1000m²",,25000.0,ЛЕВА,False, продажба,земя,,,,,,,10,,,homesbg,,,,,,,826fdce77d10b5115c850640966e3364
"Земеделска земя, 2759m²",Друго,137950.0,EUR,False, продажба,земя,,,,,,,7,,,homesbg,,,,,,,481b6d546baea2c2e3c4babb29007317
"Земеделска земя, 6992m²",Друго,253529.0,EUR,False, продажба,земя,,,,,,,1,,,homesbg,,,,,,,dcafb3931a144c0a26359c5fea458251
"Земеделска земя, 2000m²",,50000.0,EUR,False, продажба,земя,,,,,,,1,,,homesbg,,,,,,,99ecfbead748bb3b1399ac19fcf6b17c
"Земеделска земя, 2503m²",Нива,137665.0,EUR,False, продажба,земя,,,,,,,1,,,homesbg,,,,,,,130929da3d9c041a27c67db9fb620df2
"Земеделска земя, 6691m²","Категория 4, Нива",167275.0,EUR,False, продажба,земя,,,,,,,1,,,homesbg,,,,,,,9f56861c5f3e45c31bf4198dbdd2de69
"Земеделска земя, 3000m²","Категория 9, Нива",45000.0,EUR,False, продажба,земя,,,,,,,4,,,homesbg,,,,,,,15623563a337b4dbbc3371fe39569f92
"Земеделска земя, 4715m²","Категория 4, Нива",16000.0,ЛЕВА,False, продажба,земя,,,,,,,5,,,homesbg,,,,,,,762e5e25f71afca667ab5dca172bb9ec
"Земеделска земя, 6000m²","Категория 3, Нива",18000.0,ЛЕВА,False, продажба,земя,,,,,,,0,,,homesbg,,,,,,,669ce58477d43c5c5251ebffaf16fe26
"Земеделска земя, 10000m²",,37000.0,ЛЕВА,False, продажба,земя,,,,,,,4,,,homesbg,,,,,,,7787099204ef020b2b53f63dc09eff46
"Земеделска земя, 7729m²",,42000.0,EUR,False, продажба,земя,,,,,,,1,,,homesbg,,,,,,,597210c0c42d762339cb205f68ab8a91
"Земеделска земя, 1015m²",,13000.0,EUR,False, продажба,земя,,,,,,,1,,,homesbg,,,,,,,2a84c662565357673d8cc900904de466
"Земеделска земя, 23513m²",,205000.0,ЛЕВА,False, продажба,земя,,,,,,,1,,,homesbg,,,,,,,1e6ca10db45bcfce31362e621826c86f
"Земеделска земя, 16500m²",Друго,22000.0,EUR,False, продажба,земя,,,,,,,3,,,homesbg,,,,,,,58750575bb8b8e84c7e0c9342288a8d9
"Земеделска земя, 5500m²",Друго,5300.0,EUR,False, продажба,земя,,,,,,,1,,,homesbg,,,,,,,0ee03d2410012a4d374968d244efcf17
"Земеделска земя, 2261m²",Друго,105399.0,EUR,False, продажба,земя,,,,,,,3,,,homesbg,,,,,,,ff9c27c8abb8f6f85a7ed4ea942d7d01
"Земеделска земя, 2m²","Категория 10, Нива",0.0,EUR,False, продажба,земя,,,,,,,1,,,homesbg,,,,,,,b7c2d2784429cf4aa0f78a8b58a83570
"Земеделска земя, 3501m²",,33200.0,EUR,False, продажба,земя,,,,,,,1,,,homesbg,,,,,,,d08bf7db61517841a65eef18fa04a1b1
"Земеделска земя, 3746m²",,52000.0,ЛЕВА,False, продажба,земя,,,,,,,1,,,homesbg,,,,,,,50ef92fe5f978c859457faf37007a269
"Земеделска земя, 7121m²",,428000.0,EUR,False, продажба,земя,,,,,,,1,,,homesbg,,,,,,,388b53d3b4a8da175d648aae93cb772d
"Земеделска земя, 4739m²",Друго,94700.0,EUR,False, продажба,земя,,,,,,,4,,,homesbg,,,,,,,9ec8d67f6ce5f47d4d4094c654efb6d8
"Земеделска земя, 7367m²",Друго,50650.0,EUR,False, продажба,земя,,,,,,,4,,,homesbg,,,,,,,b55bc9d86ecbf66dce26a3e359bcd9d1
"Земеделска земя, 4940m²",Друго,0.0,EUR,False, продажба,земя,,,,,,,2,,,homesbg,,,,,,,b7c2d2784429cf4aa0f78a8b58a83570
"Земеделска земя, 5200m²",Друго,0.0,EUR,False, продажба,земя,,,,,,,1,,,homesbg,,,,,,,b7c2d2784429cf4aa0f78a8b58a83570
"Земеделска земя, 2270m²",Нива,100300.0,EUR,False, продажба,земя,,,,,,,1,,,homesbg,,,,,,,e71f23203a13a1b65a96a350ad4a39c3
"Земеделска земя, 5556m²",Нива,83340.0,EUR,False, продажба,земя,,,,,,,1,,,homesbg,,,,,,,7eeb2e88e28efa0a0de10a18c590fdc8
"Земеделска земя, 8498m²","Категория 5, Нива",93478.0,EUR,False, продажба,земя,,,,,,,1,,,homesbg,,,,,,,b979e5dd437a202eb5e4e78df8961851
"Земеделска земя, 22475m²",Нива,247225.0,EUR,False, продажба,земя,,,,,,,4,,,homesbg,,,,,,,e483924a75ec7c975922682b7ef3739b
"Земеделска земя, 9872m²","Категория 5, Пасище",20000.0,ЛЕВА,False, продажба,земя,,,,,,,4,,,homesbg,,,,,,,acd207c8ddf40cc2e93a5b7cba16511c
"Земеделска земя, 2451m²",Нива,134805.0,EUR,False, продажба,земя,,,,,,,1,,,homesbg,,,,,,,4693f6c89f0db4d54e3319f7d0004833
"Земеделска земя, 1900m²","Категория 5, Лозе",0.0,EUR,False, продажба,земя,,,,,,,1,,,homesbg,,,,,,,b7c2d2784429cf4aa0f78a8b58a83570
"Земеделска земя, 4997m²",,178500.0,EUR,False, продажба,земя,,,,,,,1,,,homesbg,,,,,,,76d8c2249fb8959d5a8127ddbeb0fb03
"Земеделска земя, 5972m²",Друго,179500.0,EUR,False, продажба,земя,,,,,,,7,,,homesbg,,,,,,,db2371de01b54b8235abd52044df0b4f
"Земеделска земя, 2289m²",Друго,27500.0,EUR,False, продажба,земя,,,,,,,2,,,homesbg,,,,,,,8eed25faf4bac10b9f0f4709a59a1653
"Земеделска земя, 1895m²",Нива,66325.0,EUR,False, продажба,земя,,,,,,,1,,,homesbg,,,,,,,745f7d840c9ca34ce0fd55fd3460a27a
"Земеделска земя, 4560m²",Друго,68400.0,EUR,False, продажба,земя,,,,,,,3,,,homesbg,,,,,,,c1b0ba0f8d876c0d7a4760807259b521
"Земеделска земя, 2216m²","Категория 7, Нива",18000.0,ЛЕВА,False, продажба,земя,,,,,,,2,,,homesbg,,,,,,,669ce58477d43c5c5251ebffaf16fe26
"Земеделска земя, 2000m²",Нива,38000.0,EUR,False, продажба,земя,,,,,,,2,,,homesbg,,,,,,,3cda8dc34dc4960c54bcb5a8adcf05d5
"Земеделска земя, 14998m²","Категория 4, Нива",39000.0,ЛЕВА,False, продажба,земя,,,,,,,1,,,homesbg,,,,,,,f26b6a0ddaf4419502be915de0f275fe
"Земеделска земя, 6751m²","Категория 3, Нива",35000.0,EUR,False, продажба,земя,,,,,,,3,,,homesbg,,,,,,,692bb78fc14b44c281bb332e6810d995
"Земеделска земя, 3203m²",Нива,112105.0,EUR,False, продажба,земя,,,,,,,1,,,homesbg,,,,,,,16f4ed8dc44e793fa95c9ca8f5dd74e3
"Земеделска земя, 6300m²",Друго,114000.0,EUR,False, продажба,земя,,,,,,,1,,,homesbg,,,,,,,06f97045cb456dec3337f43e618570ed
"Земеделска земя, 5042m²","Категория 1, Нива",22000.0,EUR,False, продажба,земя,,,,,,,3,,,homesbg,,,,,,,58750575bb8b8e84c7e0c9342288a8d9
"Земеделска земя, 46161m²",Друго,115402.0,EUR,False, продажба,земя,,,,,,,1,,,homesbg,,,,,,,6e622c93c8c51ed3b3f3cc7ff4c2ac64
"Земеделска земя, 12497m²","Категория 4, Нива",643596.0,EUR,False, продажба,земя,,,,,,,1,,,homesbg,,,,,,,d9accd966b938808b0fc5d7638d3eef4
"Земеделска земя, 599m²",,18000.0,EUR,False, продажба,земя,,,,,,,2,,,homesbg,,,,,,,669ce58477d43c5c5251ebffaf16fe26
"Земеделска земя, 6898m²",,138000.0,EUR,False, продажба,земя,,,,,,,1,,,homesbg,,,,,,,481b6d546baea2c2e3c4babb29007317
"Земеделска земя, 6763m²",,34000.0,EUR,False, продажба,земя,,,,,,,2,,,homesbg,,,,,,,11cf3bc9a19374c648de6f25e23cee8e
"Земеделска земя, 3002m²",,36000.0,EUR,False, продажба,земя,,,,,,,2,,,homesbg,,,,,,,30ada375d0c169bd15c2518f3cffc11b
"Земеделска земя, 796m²",,28000.0,EUR,False, продажба,земя,,,,,,,2,,,homesbg,,,,,,,ed50771a62ec073aa59cbc403ee5f46a
"Земеделска земя, 900m²",,45000.0,EUR,False, продажба,земя,,,,,,,2,,,homesbg,,,,,,,15623563a337b4dbbc3371fe39569f92
"Земеделска земя, 11182m²",,78274.0,EUR,False, продажба,земя,,,,,,,2,,,homesbg,,,,,,,b9155d7cdf088a71b1564346479754ad
"Земеделска земя, 500m²",,30000.0,EUR,False, продажба,земя,,,,,,,1,,,homesbg,,,,,,,7d20f6b2d08775fb9742d7788ecfbe22
"Земеделска земя, 1764m²",Друго,105840.0,EUR,False, продажба,земя,,,,,,,2,,,homesbg,,,,,,,1f4b1a39f95dcc80055812523bc3c8d1
"Земеделска земя, 3599m²",Друго,89975.0,EUR,False, продажба,земя,,,,,,,1,,,homesbg,,,,,,,a509f2bda991911e74d51f5f670ff2b0
"Земеделска земя, 135000m²",Друго,176000.0,EUR,False, продажба,земя,,,,,,,5,,,homesbg,,,,,,,457553f027ee082b37cd9087f5b20e46
"Земеделска земя, 8400m²",Друго,126000.0,EUR,False, продажба,земя,,,,,,,1,,,homesbg,,,,,,,1d1618d878d370dc5d8a35a020305605
"Земеделска земя, 53000m²",Гора,265000.0,EUR,False, продажба,земя,,,,,,,1,,,homesbg,,,,,,,efa8a4d96c2ce521caf9d2d3f6a7d9ab
"Земеделска земя, 854m²",Друго,11000.0,EUR,False, продажба,земя,,,,,,,1,,,homesbg,,,,,,,6d277743e093b3db5d26b36e971277b1
"Земеделска земя, 2668m²",Друго,75000.0,EUR,False, продажба,земя,,,,,,,2,,,homesbg,,,,,,,7c865dbb04d8ed51952e02981338bc3b
"Земеделска земя, 2600m²","Категория 9, Лозе",45000.0,ЛЕВА,False, продажба,земя,,,,,,,2,,,homesbg,,,,,,,15623563a337b4dbbc3371fe39569f92
"Земеделска земя, 4006m²",,22200.0,ЛЕВА,False, продажба,земя,,,,,,,2,,,homesbg,,,,,,,d69c51450e90604f72bb3d79f15a6948
"Земеделска земя, 6000m²",Гора,170000.0,EUR,False, продажба,земя,,,,,,,3,,,homesbg,,,,,,,ca3efbde81671f6f155bb67c8afb9e2b
"Земеделска земя, 4569m²",Друго,182760.0,EUR,False, продажба,земя,,,,,,,4,,,homesbg,,,,,,,d54e13545fa502cb6ac544349e770bc5
"Земеделска земя, 2500m²",Нива,75000.0,EUR,False, продажба,земя,,,,,,,2,,,homesbg,,,,,,,7c865dbb04d8ed51952e02981338bc3b
"Земеделска земя, 4999m²","Категория 5, Нива",149970.0,EUR,False, продажба,земя,,,,,,,2,,,homesbg,,,,,,,ecc0ff1f0650055038b832c717cfed25
"Земеделска земя, 4198m²","Категория 5, Нива",125940.0,EUR,False, продажба,земя,,,,,,,2,,,homesbg,,,,,,,0f35b1770fa31ae26c3125060ce399a2
"Земеделска земя, 1496m²","Категория 8, Нива",44880.0,EUR,False, продажба,земя,,,,,,,2,,,homesbg,,,,,,,be030f649eff34031b60999dd5ed8c37
"Земеделска земя, 5198m²","Категория 8, Нива",155940.0,EUR,False, продажба,земя,,,,,,,2,,,homesbg,,,,,,,6afa3b1ca2afd18c727237d829696ae3
"Земеделска земя, 2703m²",Нива,19700.0,EUR,False, продажба,земя,,,,,,,1,,,homesbg,,,,,,,ddc27dfe2ced29ee2c65b1c2fbb464df
"Земеделска земя, 22256m²",Друго,667680.0,EUR,False, продажба,земя,,,,,,,2,,,homesbg,,,,,,,dc095b768349a5b61022320b983c8575
"Земеделска земя, 14998m²",Друго,89988.0,EUR,False, продажба,земя,,,,,,,3,,,homesbg,,,,,,,a509f2bda991911e74d51f5f670ff2b0
"Земеделска земя, 3923m²","Категория 4, Друго",10000.0,ЛЕВА,False, продажба,земя,,,,,,,0,,,homesbg,,,,,,,d1ef53bcbb65a60f5fbbbf0373022f32
"Земеделска земя, 2100m²","Категория 8, Нива",7200.0,EUR,False, продажба,земя,,,,,,,4,,,homesbg,,,,,,,cc4eaf5845ec29d2aad7b4c11839786c
"Земеделска земя, 1800m²","Категория 3, Овощна градина",41000.0,ЛЕВА,False, продажба,земя,,,,,,,0,,,homesbg,,,,,,,551c8771cab33e4760bc39b2019ca6db
"Земеделска земя, 3400m²",Овощна градина,41300.0,EUR,False, продажба,земя,,,,,,,3,,,homesbg,,,,,,,1f143d45006182d590e68e0a32f5e4b7
"Земеделска земя, 2800m²","Категория 4, Лозе",8300.0,ЛЕВА,False, продажба,земя,,,,,,,5,,,homesbg,,,,,,,599c3cfe47f475d5eebbe1602054985f
"Земеделска земя, 2800m²","Категория 4, Лозе",8300.0,ЛЕВА,False, продажба,земя,,,,,,,5,,,homesbg,,,,,,,599c3cfe47f475d5eebbe1602054985f
"Земеделска земя, 30000m²","Категория 8, Овощна градина",85000.0,ЛЕВА,False, продажба,земя,,,,,,,0,,,homesbg,,,,,,,3c0d263778fae64a6875accc3918d99f
"Земеделска земя, 57000m²",,128440.0,EUR,False, продажба,земя,,,,,,,3,,,homesbg,,,,,,,3f8a42050a20186dd44787b109fe9aa6
"Земеделска земя, 102915m²",Гора,33240.0,EUR,False, продажба,земя,,,,,,,3,,,homesbg,,,,,,,d08bf7db61517841a65eef18fa04a1b1
"Земеделска земя, 4126m²",,20000.0,EUR,False, продажба,земя,,,,,,,6,,,homesbg,,,,,,,acd207c8ddf40cc2e93a5b7cba16511c
"Земеделска земя, 4999m²","Категория 5, Нива",99980.0,EUR,False, продажба,земя,,,,,,,2,,,homesbg,,,,,,,0ae14a5e4b0019a5026d473f87f54b4a
"Земеделска земя, 6970m²",Нива,113250.0,EUR,False, продажба,земя,,,,,,,3,,,homesbg,,,,,,,9603f45030511f0f8092b8ac8b484df8
"Земеделска земя, 5000m²","Категория 3, Нива",60000.0,EUR,False, продажба,земя,,,,,,,0,,,homesbg,,,,,,,b22852c7b6ab4f2d09dce3f7e68993cc
"Земеделска земя, 3750m²",Нива,190000.0,EUR,False, продажба,земя,,,,,,,1,,,homesbg,,,,,,,0e839eeb0a3e31abcc9bd1e23c74eb64
"Земеделска земя, 13333m²",,22000.0,EUR,False, продажба,земя,,,,,,,0,,,homesbg,,,,,,,58750575bb8b8e84c7e0c9342288a8d9
"Земеделска земя, 3768m²","Категория 4, Лозе",279000.0,EUR,False, продажба,земя,,,,,,,2,,,homesbg,,,,,,,d2a25b7f6546a901e4a4549764183821
"Земеделска земя, 3250m²",Нива,183999.0,EUR,False, продажба,земя,,,,,,,1,,,homesbg,,,,,,,d8b6c02aabbd7188c2aec2f264e371de
"Земеделска земя, 4051m²",Друго,272787.0,EUR,False, продажба,земя,,,,,,,3,,,homesbg,,,,,,,9d1d52cd858f0059cc05fa520204b3b8
"Земеделска земя, 6303m²",Друго,489743.0,EUR,False, продажба,земя,,,,,,,2,,,homesbg,,,,,,,d7ef056a7f82944a296d1127290651e7
"Земеделска земя, 2710m²",Нива,108000.0,EUR,False, продажба,земя,,,,,,,1,,,homesbg,,,,,,,f7a13a023642b5075e63fbb6a50203a8
"Земеделска земя, 13106m²",Нива,222802.0,EUR,False, продажба,земя,,,,,,,1,,,homesbg,,,,,,,96b48e3e6ddcad145ed96df9131b81f7
"Земеделска земя, 12700m²",,82000.0,EUR,False, продажба,земя,,,,,,,0,,,homesbg,,,,,,,733948bafac14ca99640c2cb55a8aaad
"Земеделска земя, 3499m²",Друго,63000.0,EUR,False, продажба,земя,,,,,,,1,,,homesbg,,,,,,,4aa1c2192f486e087532b40b2d850c3f
"Земеделска земя, 4269m²",Друго,168000.0,EUR,False, продажба,земя,,,,,,,4,,,homesbg,,,,,,,c6200dfbc77b562fe0e9883d3cdd1f3e
"Земеделска земя, 2153m²","Категория 9, Нива",65000.0,EUR,False, продажба,земя,,,,,,,8,,,homesbg,,,,,,,50bab1c2f2d3f4d65bd7a789213080ca
"Земеделска земя, 2047m²","Категория 7, Нива",67000.0,EUR,False, продажба,земя,,,,,,,7,,,homesbg,,,,,,,f30a240aad4e0001b90354faeeaac52d
"Земеделска земя, 1999m²",Друго,124242.0,EUR,False, продажба,земя,,,,,,,2,,,homesbg,,,,,,,6a2b432fd7c126ab9d7b868c21eae432
"Земеделска земя, 800m²",Друго,49730.0,EUR,False, продажба,земя,,,,,,,3,,,homesbg,,,,,,,9d17d6ad028c1b80a9f0ee652e292907
"Земеделска земя, 900m²",Нива,54000.0,ЛЕВА,False, продажба,земя,,,,,,,2,,,homesbg,,,,,,,a0413fe8e002cd79dc96e39ce9eb8bfd
"Земеделска земя, 3920m²","Категория 8, Нива",113052.0,EUR,False, продажба,земя,,,,,,,2,,,homesbg,,,,,,,1009634aeeb106a24704c8b294bcf75e
"Земеделска земя, 4300m²",Нива,73000.0,EUR,False, продажба,земя,,,,,,,2,,,homesbg,,,,,,,ed55396a8c13eba814200e805b4ea916
"Земеделска земя, 12000m²",Друго,0.0,EUR,False, продажба,земя,,,,,,,6,,,homesbg,,,,,,,b7c2d2784429cf4aa0f78a8b58a83570
"Земеделска земя, 1318m²",Друго,23725.0,EUR,False, продажба,земя,,,,,,,4,,,homesbg,,,,,,,bcf9b3dacb06fca846781c176bd49f2b
"Земеделска земя, 2000m²",,140000.0,ЛЕВА,False, продажба,земя,,,,,,,0,,,homesbg,,,,,,,b3599f2a7a571baa6d352a36ce4ce46a
"Земеделска земя, 3000m²","Категория 4, Нива",180000.0,EUR,False, продажба,земя,,,,,,,1,,,homesbg,,,,,,,c6cf94d1acc4e6666cbf228fdca2705e
"Земеделска земя, 4100m²",Друго,102500.0,EUR,False, продажба,земя,,,,,,,1,,,homesbg,,,,,,,6e72dfb0ed514bf2e0a66f661c5039f4
"Земеделска земя, 4930m²",Друго,34510.0,EUR,False, продажба,земя,,,,,,,2,,,homesbg,,,,,,,aa16977183227d3de388c2e4b63dc9ab
"Земеделска земя, 24751m²",Друго,800000.0,EUR,False, продажба,земя,,,,,,,1,,,homesbg,,,,,,,57164d8de11bb5a4e7584be2c672ac07
"Земеделска земя, 4330m²","Категория 5, Нива",110000.0,EUR,False, продажба,земя,,,,,,,1,,,homesbg,,,,,,,72e843b644fd6c207721bf1280bc862d
"Земеделска земя, 15000m²","Категория 10, Пасище",180000.0,EUR,False, продажба,земя,,,,,,,0,,,homesbg,,,,,,,c6cf94d1acc4e6666cbf228fdca2705e
"Земеделска земя, 3110m²","Категория 7, Пасище",61000.0,EUR,False, продажба,земя,,,,,,,3,,,homesbg,,,,,,,338708058c669bf37ff5f19018795fcc
"Земеделска земя, 12800m²","Категория 6, Лозе",38400.0,ЛЕВА,False, продажба,земя,,,,,,,1,,,homesbg,,,,,,,968f0ef9ff047c3f1b44f5a94536f142
"Земеделска земя, 670m²","Категория 5, Лозе",18000.0,ЛЕВА,False, продажба,земя,,,,,,,6,,,homesbg,,,,,,,669ce58477d43c5c5251ebffaf16fe26
"Земеделска земя, 14101m²",,98728.0,EUR,False, продажба,земя,,,,,,,3,,,homesbg,,,,,,,e038145da1a5184c4658667cafbd1d30
"Земеделска земя, 2363m²","Категория 5, Нива",43000.0,EUR,False, продажба,земя,,,,,,,3,,,homesbg,,,,,,,ebe3669e973149b7e9b74abba775fb45
"Земеделска земя, 7013m²","Категория 3, Нива",28500.0,EUR,False, продажба,земя,,,,,,,5,,,homesbg,,,,,,,9235018a73e5107101db5293a345e93d
"Земеделска земя, 5400m²",Нива,270000.0,EUR,False, продажба,земя,,,,,,,2,,,homesbg,,,,,,,43637d2fae5250458314ff7c2e8beb46
"Земеделска земя, 10391m²","Категория 5, Нива",91520.0,EUR,False, продажба,земя,,,,,,,1,,,homesbg,,,,,,,0abbe83ac222268a78cdafb0119050b8
"Земеделска земя, 35907m²",,323163.0,EUR,False, продажба,земя,,,,,,,1,,,homesbg,,,,,,,fb8df2f8f1fd59a97f7866e12fc99c14
"Земеделска земя, 27294m²",,339000.0,EUR,False, продажба,земя,,,,,,,1,,,homesbg,,,,,,,90539a7adc8e2adb5f22cf2203f01cb3
"Земеделска земя, 2000m²",,250000.0,ЛЕВА,False, продажба,земя,,,,,,,1,,,homesbg,,,,,,,ac1abcccfbd2cd4973f368ff6cc0be5b
"Земеделска земя, 3127m²",,128900.0,EUR,False, продажба,земя,,,,,,,1,,,homesbg,,,,,,,bbbd1825b9571600baafcf8a122212d8
"Земеделска земя, 4199m²","Категория 8, Пасище",200000.0,EUR,False, продажба,земя,,,,,,,0,,,homesbg,,,,,,,f5daad79f86268a00d3088977e575b25
"Земеделска земя, 3120m²",Друго,98600.0,EUR,False, продажба,земя,,,,,,,5,,,homesbg,,,,,,,c037a248a56e86c06ab3963ca2483e2d
"Земеделска земя, 1765m²",Друго,132375.0,EUR,False, продажба,земя,,,,,,,2,,,homesbg,,,,,,,8facf729b8f40431d13ab87a3df96c42
"Земеделска земя, 1500m²",,10000.0,ЛЕВА,False, продажба,земя,,,,,,,1,,,homesbg,,,,,,,d1ef53bcbb65a60f5fbbbf0373022f32
"Земеделска земя, 29000m²","Категория 4, Лозе",33000.0,ЛЕВА,False, продажба,земя,,,,,,,1,,,homesbg,,,,,,,94cf28820146de9609034480accd978b
"Земеделска земя, 2502m²",Друго,100000.0,EUR,False, продажба,земя,,,,,,,1,,,homesbg,,,,,,,0ae14a5e4b0019a5026d473f87f54b4a
"Земеделска земя, 4500m²",Нива,315000.0,EUR,False, продажба,земя,,,,,,,1,,,homesbg,,,,,,,d0aec3774a93cd06a05d46238d099925
"Земеделска земя, 3000m²",Нива,75000.0,EUR,False, продажба,земя,,,,,,,1,,,homesbg,,,,,,,7c865dbb04d8ed51952e02981338bc3b
"Земеделска земя, 1984m²",Друго,11500.0,EUR,False, продажба,земя,,,,,,,5,,,homesbg,,,,,,,69fc95bcd7243fab52c0beb737e81dda
"Земеделска земя, 2700m²",Друго,140000.0,EUR,False, продажба,земя,,,,,,,7,,,homesbg,,,,,,,b3599f2a7a571baa6d352a36ce4ce46a
"Земеделска земя, 3005m²",,67000.0,ЛЕВА,False, продажба,земя,,,,,,,0,,,homesbg,,,,,,,f30a240aad4e0001b90354faeeaac52d
"Земеделска земя, 26000m²","Категория 4, Ливада",173055.0,EUR,False, продажба,земя,,,,,,,4,,,homesbg,,,,,,,3f97243f551a307a20185ceb47e0c9c1
"Земеделска земя, 13296m²","Категория 7, Нива",10000.0,EUR,False, продажба,земя,,,,,,,1,,,homesbg,,,,,,,d1ef53bcbb65a60f5fbbbf0373022f32
"Земеделска земя, 4506m²",,157710.0,EUR,False, продажба,земя,,,,,,,3,,,homesbg,,,,,,,d78ff98b10454a999b021b59eb988900
"Земеделска земя, 951m²",,26000.0,EUR,False, продажба,земя,,,,,,,1,,,homesbg,,,,,,,eabc8f0c8960bca6c84dec2e0903e685
"Земеделска земя, 4274m²","Категория 4, Нива",170000.0,EUR,False, продажба,земя,,,,,,,1,,,homesbg,,,,,,,ca3efbde81671f6f155bb67c8afb9e2b
"Земеделска земя, 3580m²","Категория 3, Нива",20000.0,EUR,False, продажба,земя,,,,,,,5,,,homesbg,,,,,,,acd207c8ddf40cc2e93a5b7cba16511c
"Земеделска земя, 3999m²","Категория 5, Лозе",9200.0,ЛЕВА,False, продажба,земя,,,,,,,3,,,homesbg,,,,,,,094485d4dc4f18edcfbc4865509b54bd
"Земеделска земя, 2995m²",Гора,164725.0,EUR,False, продажба,земя,,,,,,,1,,,homesbg,,,,,,,a3407fbf39dc5f7ded2feda1e9b44603
"Земеделска земя, 3670m²",,55050.0,EUR,False, продажба,земя,,,,,,,2,,,homesbg,,,,,,,057488d3741c6756f2f29c604c984c87
"Земеделска земя, 5997m²","Категория 5, Овощна градина",18000.0,EUR,False, продажба,земя,,,,,,,0,,,homesbg,,,,,,,669ce58477d43c5c5251ebffaf16fe26
"Земеделска земя, 13499m²","Категория 3, Нива",108000.0,EUR,False, продажба,земя,,,,,,,0,,,homesbg,,,,,,,f7a13a023642b5075e63fbb6a50203a8
"Земеделска земя, 11991m²","Категория 3, Нива",72000.0,EUR,False, продажба,земя,,,,,,,0,,,homesbg,,,,,,,81ea6d1a1fec27e4d2c2ed2c5271b4ab
"Земеделска земя, 5000m²","Категория 3, Нива",40000.0,EUR,False, продажба,земя,,,,,,,0,,,homesbg,,,,,,,560583ff4cf186cf48a27f1c1484b213
"Земеделска земя, 6419m²","Категория 4, Лозе",44933.0,ЛЕВА,False, продажба,земя,,,,,,,0,,,homesbg,,,,,,,be030f649eff34031b60999dd5ed8c37
"Земеделска земя, 7129m²","Категория 4, Нива",64161.0,ЛЕВА,False, продажба,земя,,,,,,,0,,,homesbg,,,,,,,8f3217425a863f59553dbe2e849d1667
"Земеделска земя, 5679m²","Категория 3, Пасище",68148.0,ЛЕВА,False, продажба,земя,,,,,,,0,,,homesbg,,,,,,,1325af11fc028e75548d6c5c3a5e71db
"Земеделска земя, 3060m²",Нива,18000.0,ЛЕВА,False, продажба,земя,,,,,,,0,,,homesbg,,,,,,,669ce58477d43c5c5251ebffaf16fe26
"Земеделска земя, 2458m²","Категория 3, Лозе",22122.0,ЛЕВА,False, продажба,земя,,,,,,,0,,,homesbg,,,,,,,abd0f57f4e6e8a11f6354b138b7a8934
"Земеделска земя, 5998m²",Нива,269910.0,EUR,False, продажба,земя,,,,,,,1,,,homesbg,,,,,,,b60db27935c6df2580b530f5894d57af
"Земеделска земя, 1018m²",,86000.0,EUR,False, продажба,земя,,,,,,,1,,,homesbg,,,,,,,a16e5ef1a18115e3f4fa0a13abc27069
"Земеделска земя, 2630m²",,5700.0,EUR,False, продажба,земя,,,,,,,1,,,homesbg,,,,,,,87dccf676ea169049afb2b39518ef5a4
"Земеделска земя, 3288m²",,99000.0,EUR,False, продажба,земя,,,,,,,1,,,homesbg,,,,,,,6c7fddd4e8ea7e424ea3ec0e512dbeb5
"Земеделска земя, 1501m²","Категория 3, Нива",49533.0,EUR,False, продажба,земя,,,,,,,1,,,homesbg,,,,,,,94efc189ea14717937396b69dea4420b
"Земеделска земя, 6825m²",Нива,216000.0,EUR,False, продажба,земя,,,,,,,4,,,homesbg,,,,,,,ae595ce11565adc7ae5d77fc775fec9a
"Земеделска земя, 1000m²",,21500.0,EUR,False, продажба,земя,,,,,,,1,,,homesbg,,,,,,,8964c98d92d78d10aca7a47bd6eb359f
"Земеделска земя, 6287m²",,127500.0,EUR,False, продажба,земя,,,,,,,0,,,homesbg,,,,,,,68ae5943e8189690eea41a316651ca2b
"Земеделска земя, 3399m²",Нива,91773.0,EUR,False, продажба,земя,,,,,,,8,,,homesbg,,,,,,,995c644abc1f0be46878c36fef34c21f
"Земеделска земя, 2399m²","Категория 3, Нива",100758.0,EUR,False, продажба,земя,,,,,,,5,,,homesbg,,,,,,,de442511cca5c2641ebdbac12230639a
"Земеделска земя, 3600m²",Нива,216000.0,EUR,False, продажба,земя,,,,,,,6,,,homesbg,,,,,,,ae595ce11565adc7ae5d77fc775fec9a
"Земеделска земя, 4943m²",Нива,222435.0,EUR,False, продажба,земя,,,,,,,1,,,homesbg,,,,,,,984ea0c10ee39ea2072353f7d88d2019
"Земеделска земя, 886m²","Категория 8, Лозе",15000.0,ЛЕВА,False, продажба,земя,,,,,,,1,,,homesbg,,,,,,,847a29127c38975e2c4ffc3644922d51
"Земеделска земя, 2666m²",Нива,41000.0,EUR,False, продажба,земя,,,,,,,1,,,homesbg,,,,,,,551c8771cab33e4760bc39b2019ca6db
"Земеделска земя, 1290m²","Категория 4, Лозе",35000.0,ЛЕВА,False, продажба,земя,,,,,,,1,,,homesbg,,,,,,,692bb78fc14b44c281bb332e6810d995
"Земеделска земя, 5358m²",,241110.0,EUR,False, продажба,земя,,,,,,,1,,,homesbg,,,,,,,d5762a008cc0a10c56eff9e5938415d0
"Земеделска земя, 2393m²",,287160.0,EUR,False, продажба,земя,,,,,,,1,,,homesbg,,,,,,,35d974b9d656cbdc20af5b761ba46666
"Земеделска земя, 1530m²",,60000.0,EUR,False, продажба,земя,,,,,,,1,,,homesbg,,,,,,,b22852c7b6ab4f2d09dce3f7e68993cc
"Земеделска земя, 12000m²",Нива,31600.0,EUR,False, продажба,земя,,,,,,,1,,,homesbg,,,,,,,7d554c57fb80baedf7a9bed29488c1da
"Земеделска земя, 1357m²",,60000.0,EUR,False, продажба,земя,,,,,,,1,,,homesbg,,,,,,,b22852c7b6ab4f2d09dce3f7e68993cc
"Земеделска земя, 480m²",Нива,10000.0,EUR,False, продажба,земя,,,,,,,3,,,homesbg,,,,,,,d1ef53bcbb65a60f5fbbbf0373022f32
"Земеделска земя, 6000m²",,18000.0,EUR,False, продажба,земя,,,,,,,1,,,homesbg,,,,,,,669ce58477d43c5c5251ebffaf16fe26
"Земеделска земя, 13000m²",Нива,39999.0,EUR,False, продажба,земя,,,,,,,1,,,homesbg,,,,,,,560583ff4cf186cf48a27f1c1484b213
"Земеделска земя, 27000m²",,540000.0,EUR,False, продажба,земя,,,,,,,1,,,homesbg,,,,,,,cdf2cbe91c274b717149a9de19fae08b
"Земеделска земя, 2892m²",,44700.0,EUR,False, продажба,земя,,,,,,,2,,,homesbg,,,,,,,7fc108d71940e1043840978832c5fe35
"Земеделска земя, 10000m²",Нива,0.0,ЛЕВА,False, продажба,земя,,,,,,,2,,,homesbg,,,,,,,b7c2d2784429cf4aa0f78a8b58a83570
"Земеделска земя, 10000m²",Друго,0.0,EUR,False, продажба,земя,,,,,,,0,,,homesbg,,,,,,,b7c2d2784429cf4aa0f78a8b58a83570
"Земеделска земя, 10000m²",Нива,0.0,EUR,False, продажба,земя,,,,,,,0,,,homesbg,,,,,,,b7c2d2784429cf4aa0f78a8b58a83570
"Земеделска земя, 1000m²",,31200.0,ЛЕВА,False, продажба,земя,,,,,,,0,,,homesbg,,,,,,,9b76cf62b1afcc5f2408813bc612f9dc
"Земеделска земя, 601m²",,16200.0,ЛЕВА,False, продажба,земя,,,,,,,1,,,homesbg,,,,,,,8dc0792f9bbebdda16625d2ea065eef4
"Земеделска земя, 2496m²",,52000.0,EUR,False, продажба,земя,,,,,,,1,,,homesbg,,,,,,,50ef92fe5f978c859457faf37007a269
"Земеделска земя, 1000m²",,31200.0,ЛЕВА,False, продажба,земя,,,,,,,0,,,homesbg,,,,,,,9b76cf62b1afcc5f2408813bc612f9dc
"Земеделска земя, 5000m²",Нива,140000.0,EUR,False, продажба,земя,,,,,,,4,,,homesbg,,,,,,,b3599f2a7a571baa6d352a36ce4ce46a
"Земеделска земя, 5000m²",Ливада,87000.0,EUR,False, продажба,земя,,,,,,,3,,,homesbg,,,,,,,a26e231fe6ec69126ce5e5b9bfd8c97f
"Земеделска земя, 1052m²","Категория 9, Лозе",5000.0,ЛЕВА,False, продажба,земя,,,,,,,0,,,homesbg,,,,,,,ff3da09dc5531338fc14b2575aba7ea5
"Земеделска земя, 1500m²",Нива,36000.0,EUR,False, продажба,земя,,,,,,,9,,,homesbg,,,,,,,30ada375d0c169bd15c2518f3cffc11b
"Земеделска земя, 12211m²",Овощна градина,12000.0,EUR,False, продажба,земя,,,,,,,1,,,homesbg,,,,,,,994d6c5b3455752c6b72ed941b8ec6e4
"Земеделска земя, 10238m²",Друго,296902.0,EUR,False, продажба,земя,,,,,,,1,,,homesbg,,,,,,,3fd83d19f39a018c1ee8c6a9e0d424c6
"Земеделска земя, 4960m²","Категория 5, Нива",60000.0,ЛЕВА,False, продажба,земя,,,,,,,6,,,homesbg,,,,,,,b22852c7b6ab4f2d09dce3f7e68993cc
"Земеделска земя, 1000m²","Категория 7, Гора",27900.0,EUR,False, продажба,земя,,,,,,,1,,,homesbg,,,,,,,ad3e9931db750df47d7bca4c29c3e37f
"Земеделска земя, 7200m²","Категория 3, Нива",32000.0,ЛЕВА,False, продажба,земя,,,,,,,2,,,homesbg,,,,,,,305fba2974497cd412bf018f766b2ade
"Земеделска земя, 6752m²","Категория 3, Нива",67520.0,EUR,False, продажба,земя,,,,,,,0,,,homesbg,,,,,,,1c156eda81065b258751a934b70c893e
"Земеделска земя, 11515m²","Категория 10, Пасище",57600.0,EUR,False, продажба,земя,,,,,,,0,,,homesbg,,,,,,,0b4b19fc12fb46f89ab698c7df7e5e1c
"Земеделска земя, 2920m²",Нива,204400.0,EUR,False, продажба,земя,,,,,,,1,,,homesbg,,,,,,,44ce0b577401c85c5fe5ef5686d107ed
"Земеделска земя, 3700m²","Категория 4, Нива",113000.0,EUR,False, продажба,земя,,,,,,,1,,,homesbg,,,,,,,6f96986108499dbbce9087dba6336228
"Земеделска земя, 977m²",,107470.0,EUR,False, продажба,земя,,,,,,,7,,,homesbg,,,,,,,1ec8c33ead512fc235857f42703d4ef1
"Земеделска земя, 11998m²",,1199800.0,EUR,False, продажба,земя,,,,,,,6,,,homesbg,,,,,,,f285b34e625eb9ade63969bb161db9b7
"Земеделска земя, 3200m²",,320000.0,EUR,False, продажба,земя,,,,,,,4,,,homesbg,,,,,,,5ca3b29265342e115d94986374ddee2d
"Земеделска земя, 4235m²",,423500.0,EUR,False, продажба,земя,,,,,,,4,,,homesbg,,,,,,,4ad9f447952ce9a1cde57c847ec1ba6e
"Земеделска земя, 10000m²",,36000.0,EUR,False, продажба,земя,,,,,,,5,,,homesbg,,,,,,,30ada375d0c169bd15c2518f3cffc11b
"Земеделска земя, 3800m²","Категория 5, Нива",32000.0,EUR,False, продажба,земя,,,,,,,5,,,homesbg,,,,,,,305fba2974497cd412bf018f766b2ade
"Земеделска земя, 1692m²",Друго,22000.0,EUR,False, продажба,земя,,,,,,,3,,,homesbg,,,,,,,58750575bb8b8e84c7e0c9342288a8d9
"Земеделска земя, 1800m²",Друго,33000.0,EUR,False, продажба,земя,,,,,,,5,,,homesbg,,,,,,,94cf28820146de9609034480accd978b
"Земеделска земя, 8250m²",Друго,200000.0,EUR,False, продажба,земя,,,,,,,1,,,homesbg,,,,,,,f5daad79f86268a00d3088977e575b25
"Земеделска земя, 9350m²","Категория 4, Нива",25000.0,ЛЕВА,False, продажба,земя,,,,,,,1,,,homesbg,,,,,,,826fdce77d10b5115c850640966e3364
"Земеделска земя, 3230m²",Друго,120000.0,EUR,False, продажба,земя,,,,,,,5,,,homesbg,,,,,,,b84a25be0b5fd3724754c8f64fe56e09
"Земеделска земя, 30000m²",Друго,240000.0,EUR,False, продажба,земя,,,,,,,3,,,homesbg,,,,,,,c4f25876bb3bc849e38f50d88c3e501e
"Земеделска земя, 926m²",Нива,47345.0,EUR,False, продажба,земя,,,,,,,1,,,homesbg,,,,,,,e94b6235eb3dbf86d3a2553dbe8c5368
"Земеделска земя, 3950m²",Друго,40000.0,EUR,False, продажба,земя,,,,,,,3,,,homesbg,,,,,,,560583ff4cf186cf48a27f1c1484b213
"Земеделска земя, 1380m²",,16500.0,EUR,False, продажба,земя,,,,,,,2,,,homesbg,,,,,,,dc848bb3a5090f4c6d131e43cbfeb79a
"Земеделска земя, 11798m²",,354000.0,EUR,False, продажба,земя,,,,,,,1,,,homesbg,,,,,,,8bfe847517e6f673a5109f5fa75df3d5
"Земеделска земя, 1464m²","Категория 6, Нива",46300.0,EUR,False, продажба,земя,,,,,,,6,,,homesbg,,,,,,,dc0fd859ce5d479436b38744d1922374
"Земеделска земя, 1481m²","Категория 6, Нива",46500.0,EUR,False, продажба,земя,,,,,,,5,,,homesbg,,,,,,,7bd2cbe8863e79075dd363b9785a47e8
"Земеделска земя, 17728m²",,23100.0,EUR,False, продажба,земя,,,,,,,1,,,homesbg,,,,,,,be64257725f1fe25bf2a15fd6aa0fe24
"Земеделска земя, 8825m²","Категория 4, Лозе",45000.0,ЛЕВА,False, продажба,земя,,,,,,,0,,,homesbg,,,,,,,15623563a337b4dbbc3371fe39569f92
"Земеделска земя, 2700m²","Категория 5, Нива",10999.0,EUR,False, продажба,земя,,,,,,,1,,,homesbg,,,,,,,6d277743e093b3db5d26b36e971277b1
"Земеделска земя, 12600m²",Нива,136500.0,EUR,False, продажба,земя,,,,,,,1,,,homesbg,,,,,,,da8d6fa4cda270b02be6b54474b604a1
"Земеделска земя, 3606m²","Категория 4, Нива",33999.0,EUR,False, продажба,земя,,,,,,,1,,,homesbg,,,,,,,11cf3bc9a19374c648de6f25e23cee8e
"Земеделска земя, 5000m²",Нива,87000.0,EUR,False, продажба,земя,,,,,,,1,,,homesbg,,,,,,,a26e231fe6ec69126ce5e5b9bfd8c97f
"Земеделска земя, 4700m²",Нива,205999.0,EUR,False, продажба,земя,,,,,,,1,,,homesbg,,,,,,,a4edfcafbc86d7e3564ea56ad0a049d1
"Земеделска земя, 7000m²","Категория 4, Нива",350000.0,EUR,False, продажба,земя,,,,,,,1,,,homesbg,,,,,,,bc16beb3daaf174b474e0f8ef2179c6c
"Земеделска земя, 4000m²",Нива,24000.0,EUR,False, продажба,земя,,,,,,,1,,,homesbg,,,,,,,ccd571142d4d6280ae60c99d53e4fa75
"Земеделска земя, 13000m²",Нива,46527.0,EUR,False, продажба,земя,,,,,,,1,,,homesbg,,,,,,,7bd2cbe8863e79075dd363b9785a47e8
"Земеделска земя, 19500m²",Нива,52669.0,EUR,False, продажба,земя,,,,,,,1,,,homesbg,,,,,,,dc56eaef0b09cc6afa5d6867654c65fa
"Земеделска земя, 8898m²",Нива,133000.0,EUR,False, продажба,земя,,,,,,,1,,,homesbg,,,,,,,44fda12d1b173423927e1824bc62f329
"Земеделска земя, 11600m²",Нива,88990.0,EUR,False, продажба,земя,,,,,,,1,,,homesbg,,,,,,,1bb69c71616b1111718547d827c4992a
"Земеделска земя, 9600m²",Нива,96000.0,EUR,False, продажба,земя,,,,,,,1,,,homesbg,,,,,,,6e96a0bdf6c9c9910dc9935ef51ab855
"Земеделска земя, 6003m²",Нива,185500.0,EUR,False, продажба,земя,,,,,,,1,,,homesbg,,,,,,,0ae5865404f798006f5259be73496f1b
"Земеделска земя, 6262m²",Нива,51500.0,EUR,False, продажба,земя,,,,,,,1,,,homesbg,,,,,,,61bc0063b67132bf77974098d36cca09
"Земеделска земя, 8000m²",Нива,83000.0,EUR,False, продажба,земя,,,,,,,1,,,homesbg,,,,,,,186c8e16c57e25aa19a8a0edc010b574
"Земеделска земя, 2949m²",Нива,73725.0,EUR,False, продажба,земя,,,,,,,1,,,homesbg,,,,,,,1afcec0b5822f258b82a8fb884ac5eb2
"Земеделска земя, 2155m²","Категория 4, Нива",111000.0,EUR,False, продажба,земя,,,,,,,1,,,homesbg,,,,,,,45db3b79a9ef95a39e3b0ff9b7647718
"Земеделска земя, 6670m²","Категория 10, Нива",106720.0,EUR,False, продажба,земя,,,,,,,6,,,homesbg,,,,,,,fb59f00311ab3c911cee799aaea45edc
"Земеделска земя, 5400m²",Нива,291600.0,EUR,False, продажба,земя,,,,,,,1,,,homesbg,,,,,,,424b65aa1c98cec3b839aa8936ee374d
"Земеделска земя, 2500m²",Нива,35000.0,ЛЕВА,False, продажба,земя,,,,,,,1,,,homesbg,,,,,,,692bb78fc14b44c281bb332e6810d995
"Земеделска земя, 1425m²",,35000.0,EUR,False, продажба,земя,,,,,,,4,,,homesbg,,,,,,,692bb78fc14b44c281bb332e6810d995
"Земеделска земя, 1549m²",,18500.0,EUR,False, продажба,земя,,,,,,,1,,,homesbg,,,,,,,e7c31d9d814be196a07ca507ec5baba3
