title,details_url,ref_no,price_text,location,date,search_url,scraped_at
🏡 Луксозен апартамент с невероятна гледка до хотел ”Марица”,https://bazar.bg/obiava-53160394/luksozen-apartament-s-neweroiatna-gledka-do-hotel-maritsa,53160394,300 000€,"гр. Пловдив, Център",днес,https://bazar.bg/obiavi/prodazhba-apartamenti/plovdiv?asize[]=2&asize[]=3&asize[]=4&asize[]=5&asize[]=6&currency=2&district_id[]=710&district_id[]=714&district_id[]=979&district_id[]=718&district_id[]=720&district_id[]=984&district_id[]=723&district_id[]=270,2026-01-25T19:30:28.142417
"Продава 3-СТАЕН, гр. Пловдив, Западен",https://bazar.bg/obiava-53217146/prodawa-3-staen-gr-plowdiw-zapaden,53217146,172 000€,"гр. Пловдив, Западен",днес,https://bazar.bg/obiavi/prodazhba-apartamenti/plovdiv?asize[]=2&asize[]=3&asize[]=4&asize[]=5&asize[]=6&currency=2&district_id[]=710&district_id[]=714&district_id[]=979&district_id[]=718&district_id[]=720&district_id[]=984&district_id[]=723&district_id[]=270,2026-01-25T19:30:28.142578
"Продава 2-СТАЕН, гр. Пловдив, Младежки Хълм",https://bazar.bg/obiava-53160669/prodawa-2-staen-gr-plowdiw-mladezhki-halm,53160669,189 100€,"гр. Пловдив, Младежки Хълм",днес,https://bazar.bg/obiavi/prodazhba-apartamenti/plovdiv?asize[]=2&asize[]=3&asize[]=4&asize[]=5&asize[]=6&currency=2&district_id[]=710&district_id[]=714&district_id[]=979&district_id[]=718&district_id[]=720&district_id[]=984&district_id[]=723&district_id[]=270,2026-01-25T19:30:28.142725
"Продава МЕЗОНЕТ, гр. Пловдив, Център",https://bazar.bg/obiava-51240010/prodawa-mezonet-gr-plowdiw-tsentar,51240010,244 990€,"гр. Пловдив, Център",вчера,https://bazar.bg/obiavi/prodazhba-apartamenti/plovdiv?asize[]=2&asize[]=3&asize[]=4&asize[]=5&asize[]=6&currency=2&district_id[]=710&district_id[]=714&district_id[]=979&district_id[]=718&district_id[]=720&district_id[]=984&district_id[]=723&district_id[]=270,2026-01-25T19:30:28.142870
"Продава 2-СТАЕН, гр. Пловдив, Отдих и култура",https://bazar.bg/obiava-53205359/prodawa-2-staen-gr-plowdiw-otdih-i-kultura,53205359,101 500€,"гр. Пловдив, Отдих и култура",вчера,https://bazar.bg/obiavi/prodazhba-apartamenti/plovdiv?asize[]=2&asize[]=3&asize[]=4&asize[]=5&asize[]=6&currency=2&district_id[]=710&district_id[]=714&district_id[]=979&district_id[]=718&district_id[]=720&district_id[]=984&district_id[]=723&district_id[]=270,2026-01-25T19:30:28.143033
"Продава 3-СТАЕН, гр. Пловдив, Център",https://bazar.bg/obiava-53199336/prodawa-3-staen-gr-plowdiw-tsentar,53199336,179 999€,"гр. Пловдив, Център",23 януари,https://bazar.bg/obiavi/prodazhba-apartamenti/plovdiv?asize[]=2&asize[]=3&asize[]=4&asize[]=5&asize[]=6&currency=2&district_id[]=710&district_id[]=714&district_id[]=979&district_id[]=718&district_id[]=720&district_id[]=984&district_id[]=723&district_id[]=270,2026-01-25T19:30:28.143188
"Продава 3-СТАЕН, гр. Пловдив, Каменица 1",https://bazar.bg/obiava-53195787/prodawa-3-staen-gr-plowdiw-kamenitsa-1,53195787,219 990€,"гр. Пловдив, Каменица 1",23 януари,https://bazar.bg/obiavi/prodazhba-apartamenti/plovdiv?asize[]=2&asize[]=3&asize[]=4&asize[]=5&asize[]=6&currency=2&district_id[]=710&district_id[]=714&district_id[]=979&district_id[]=718&district_id[]=720&district_id[]=984&district_id[]=723&district_id[]=270,2026-01-25T19:30:28.143364
"Продава 2-СТАЕН, гр. Пловдив, Център",https://bazar.bg/obiava-50134961/prodawa-2-staen-gr-plowdiw-tsentar,50134961,112 000€,"гр. Пловдив, Център",22 януари,https://bazar.bg/obiavi/prodazhba-apartamenti/plovdiv?asize[]=2&asize[]=3&asize[]=4&asize[]=5&asize[]=6&currency=2&district_id[]=710&district_id[]=714&district_id[]=979&district_id[]=718&district_id[]=720&district_id[]=984&district_id[]=723&district_id[]=270,2026-01-25T19:30:28.143509
"Продава 3-СТАЕН, гр. Пловдив, Център",https://bazar.bg/obiava-49478309/prodawa-3-staen-gr-plowdiw-tsentar,49478309,168 295€,"гр. Пловдив, Център",22 януари,https://bazar.bg/obiavi/prodazhba-apartamenti/plovdiv?asize[]=2&asize[]=3&asize[]=4&asize[]=5&asize[]=6&currency=2&district_id[]=710&district_id[]=714&district_id[]=979&district_id[]=718&district_id[]=720&district_id[]=984&district_id[]=723&district_id[]=270,2026-01-25T19:30:28.143652
"Продава 3-СТАЕН, гр. Пловдив, Център",https://bazar.bg/obiava-53094573/prodawa-3-staen-gr-plowdiw-tsentar,53094573,112 195€,"гр. Пловдив, Център",22 януари,https://bazar.bg/obiavi/prodazhba-apartamenti/plovdiv?asize[]=2&asize[]=3&asize[]=4&asize[]=5&asize[]=6&currency=2&district_id[]=710&district_id[]=714&district_id[]=979&district_id[]=718&district_id[]=720&district_id[]=984&district_id[]=723&district_id[]=270,2026-01-25T19:30:28.143799
"Продава 2-СТАЕН, гр. Пловдив, Младежки Хълм",https://bazar.bg/obiava-50990092/prodawa-2-staen-gr-plowdiw-mladezhki-halm,50990092,96 447€,"гр. Пловдив, Младежки Хълм",22 януари,https://bazar.bg/obiavi/prodazhba-apartamenti/plovdiv?asize[]=2&asize[]=3&asize[]=4&asize[]=5&asize[]=6&currency=2&district_id[]=710&district_id[]=714&district_id[]=979&district_id[]=718&district_id[]=720&district_id[]=984&district_id[]=723&district_id[]=270,2026-01-25T19:30:28.143954
"Продава МНОГОСТАЕН, гр. Пловдив, Младежки Хълм",https://bazar.bg/obiava-52283161/prodawa-mnogostaen-gr-plowdiw-mladezhki-halm,52283161,199 000€,"гр. Пловдив, Младежки Хълм",22 януари,https://bazar.bg/obiavi/prodazhba-apartamenti/plovdiv?asize[]=2&asize[]=3&asize[]=4&asize[]=5&asize[]=6&currency=2&district_id[]=710&district_id[]=714&district_id[]=979&district_id[]=718&district_id[]=720&district_id[]=984&district_id[]=723&district_id[]=270,2026-01-25T19:30:28.144108
"Продава 3-СТАЕН, гр. Пловдив, Център",https://bazar.bg/obiava-51367629/prodawa-3-staen-gr-plowdiw-tsentar,51367629,168 296€,"гр. Пловдив, Център",22 януари,https://bazar.bg/obiavi/prodazhba-apartamenti/plovdiv?asize[]=2&asize[]=3&asize[]=4&asize[]=5&asize[]=6&currency=2&district_id[]=710&district_id[]=714&district_id[]=979&district_id[]=718&district_id[]=720&district_id[]=984&district_id[]=723&district_id[]=270,2026-01-25T19:30:28.144252
"Продава 3-СТАЕН, гр. Пловдив, Център",https://bazar.bg/obiava-53108145/prodawa-3-staen-gr-plowdiw-tsentar,53108145,112 196€,"гр. Пловдив, Център",22 януари,https://bazar.bg/obiavi/prodazhba-apartamenti/plovdiv?asize[]=2&asize[]=3&asize[]=4&asize[]=5&asize[]=6&currency=2&district_id[]=710&district_id[]=714&district_id[]=979&district_id[]=718&district_id[]=720&district_id[]=984&district_id[]=723&district_id[]=270,2026-01-25T19:30:28.144397
"Продава 2-СТАЕН, гр. Пловдив, Каменица 1",https://bazar.bg/obiava-52495679/prodawa-2-staen-gr-plowdiw-kamenitsa-1,52495679,180 550€,"гр. Пловдив, Каменица 1",21 януари,https://bazar.bg/obiavi/prodazhba-apartamenti/plovdiv?asize[]=2&asize[]=3&asize[]=4&asize[]=5&asize[]=6&currency=2&district_id[]=710&district_id[]=714&district_id[]=979&district_id[]=718&district_id[]=720&district_id[]=984&district_id[]=723&district_id[]=270,2026-01-25T19:30:28.144540
"Продава 4-СТАЕН, гр. Пловдив, Център",https://bazar.bg/obiava-53071135/prodawa-4-staen-gr-plowdiw-tsentar,53071135,360 000€,"гр. Пловдив, Център",21 януари,https://bazar.bg/obiavi/prodazhba-apartamenti/plovdiv?asize[]=2&asize[]=3&asize[]=4&asize[]=5&asize[]=6&currency=2&district_id[]=710&district_id[]=714&district_id[]=979&district_id[]=718&district_id[]=720&district_id[]=984&district_id[]=723&district_id[]=270,2026-01-25T19:30:28.144684
"Продава 3-СТАЕН, гр. Пловдив, Център",https://bazar.bg/obiava-53085287/prodawa-3-staen-gr-plowdiw-tsentar,53085287,244 990€,"гр. Пловдив, Център",21 януари,https://bazar.bg/obiavi/prodazhba-apartamenti/plovdiv?asize[]=2&asize[]=3&asize[]=4&asize[]=5&asize[]=6&currency=2&district_id[]=710&district_id[]=714&district_id[]=979&district_id[]=718&district_id[]=720&district_id[]=984&district_id[]=723&district_id[]=270,2026-01-25T19:30:28.144829
"Продава 3-СТАЕН, гр. Пловдив, Младежки Хълм",https://bazar.bg/obiava-51906683/prodawa-3-staen-gr-plowdiw-mladezhki-halm,51906683,370 000€,"гр. Пловдив, Младежки Хълм",21 януари,https://bazar.bg/obiavi/prodazhba-apartamenti/plovdiv?asize[]=2&asize[]=3&asize[]=4&asize[]=5&asize[]=6&currency=2&district_id[]=710&district_id[]=714&district_id[]=979&district_id[]=718&district_id[]=720&district_id[]=984&district_id[]=723&district_id[]=270,2026-01-25T19:30:28.144990
"Продава 2-СТАЕН, гр. Пловдив, Център",https://bazar.bg/obiava-52667381/prodawa-2-staen-gr-plowdiw-tsentar,52667381,116 000€,"гр. Пловдив, Център",21 януари,https://bazar.bg/obiavi/prodazhba-apartamenti/plovdiv?asize[]=2&asize[]=3&asize[]=4&asize[]=5&asize[]=6&currency=2&district_id[]=710&district_id[]=714&district_id[]=979&district_id[]=718&district_id[]=720&district_id[]=984&district_id[]=723&district_id[]=270,2026-01-25T19:30:28.145139
"Продава 3-СТАЕН, гр. Пловдив, Младежки Хълм",https://bazar.bg/obiava-52096935/prodawa-3-staen-gr-plowdiw-mladezhki-halm,52096935,240 000€,"гр. Пловдив, Младежки Хълм",21 януари,https://bazar.bg/obiavi/prodazhba-apartamenti/plovdiv?asize[]=2&asize[]=3&asize[]=4&asize[]=5&asize[]=6&currency=2&district_id[]=710&district_id[]=714&district_id[]=979&district_id[]=718&district_id[]=720&district_id[]=984&district_id[]=723&district_id[]=270,2026-01-25T19:30:28.145286
"Продава 2-СТАЕН, гр. Пловдив, Младежки Хълм",https://bazar.bg/obiava-52885263/prodawa-2-staen-gr-plowdiw-mladezhki-halm,52885263,155 000€,"гр. Пловдив, Младежки Хълм",21 януари,https://bazar.bg/obiavi/prodazhba-apartamenti/plovdiv?asize[]=2&asize[]=3&asize[]=4&asize[]=5&asize[]=6&currency=2&district_id[]=710&district_id[]=714&district_id[]=979&district_id[]=718&district_id[]=720&district_id[]=984&district_id[]=723&district_id[]=270,2026-01-25T19:30:28.145433
"Продава 3-СТАЕН, гр. Пловдив, Мараша",https://bazar.bg/obiava-40888907/prodawa-3-staen-gr-plowdiw-marasha,40888907,359 000€,"гр. Пловдив, Мараша",20 януари,https://bazar.bg/obiavi/prodazhba-apartamenti/plovdiv?asize[]=2&asize[]=3&asize[]=4&asize[]=5&asize[]=6&currency=2&district_id[]=710&district_id[]=714&district_id[]=979&district_id[]=718&district_id[]=720&district_id[]=984&district_id[]=723&district_id[]=270,2026-01-25T19:30:28.145578
"Продава 2-СТАЕН, гр. Пловдив, Каменица 1",https://bazar.bg/obiava-52711143/prodawa-2-staen-gr-plowdiw-kamenitsa-1,52711143,153 456€,"гр. Пловдив, Каменица 1",20 януари,https://bazar.bg/obiavi/prodazhba-apartamenti/plovdiv?asize[]=2&asize[]=3&asize[]=4&asize[]=5&asize[]=6&currency=2&district_id[]=710&district_id[]=714&district_id[]=979&district_id[]=718&district_id[]=720&district_id[]=984&district_id[]=723&district_id[]=270,2026-01-25T19:30:28.145722
"Продава 2-СТАЕН, гр. Пловдив, Център",https://bazar.bg/obiava-52494076/prodawa-2-staen-gr-plowdiw-tsentar,52494076,159 599€,"гр. Пловдив, Център",19 януари,https://bazar.bg/obiavi/prodazhba-apartamenti/plovdiv?asize[]=2&asize[]=3&asize[]=4&asize[]=5&asize[]=6&currency=2&district_id[]=710&district_id[]=714&district_id[]=979&district_id[]=718&district_id[]=720&district_id[]=984&district_id[]=723&district_id[]=270,2026-01-25T19:30:28.145867
"Продава 2-СТАЕН, гр. Пловдив, Младежки Хълм",https://bazar.bg/obiava-52457588/prodawa-2-staen-gr-plowdiw-mladezhki-halm,52457588,170 000€,"гр. Пловдив, Младежки Хълм",19 януари,https://bazar.bg/obiavi/prodazhba-apartamenti/plovdiv?asize[]=2&asize[]=3&asize[]=4&asize[]=5&asize[]=6&currency=2&district_id[]=710&district_id[]=714&district_id[]=979&district_id[]=718&district_id[]=720&district_id[]=984&district_id[]=723&district_id[]=270,2026-01-25T19:30:28.146027
"Продава 3-СТАЕН, гр. Пловдив, Център",https://bazar.bg/obiava-53082419/prodawa-3-staen-gr-plowdiw-tsentar,53082419,140 000€,"гр. Пловдив, Център",19 януари,https://bazar.bg/obiavi/prodazhba-apartamenti/plovdiv?asize[]=2&asize[]=3&asize[]=4&asize[]=5&asize[]=6&currency=2&district_id[]=710&district_id[]=714&district_id[]=979&district_id[]=718&district_id[]=720&district_id[]=984&district_id[]=723&district_id[]=270,2026-01-25T19:30:28.146179
"Продава 2-СТАЕН, гр. Пловдив, Център",https://bazar.bg/obiava-51592923/prodawa-2-staen-gr-plowdiw-tsentar,51592923,126 900€,"гр. Пловдив, Център",19 януари,https://bazar.bg/obiavi/prodazhba-apartamenti/plovdiv?asize[]=2&asize[]=3&asize[]=4&asize[]=5&asize[]=6&currency=2&district_id[]=710&district_id[]=714&district_id[]=979&district_id[]=718&district_id[]=720&district_id[]=984&district_id[]=723&district_id[]=270,2026-01-25T19:30:28.146322
"Продава 2-СТАЕН, гр. Пловдив, Център",https://bazar.bg/obiava-53148892/prodawa-2-staen-gr-plowdiw-tsentar,53148892,185 000€,"гр. Пловдив, Център",19 януари,https://bazar.bg/obiavi/prodazhba-apartamenti/plovdiv?asize[]=2&asize[]=3&asize[]=4&asize[]=5&asize[]=6&currency=2&district_id[]=710&district_id[]=714&district_id[]=979&district_id[]=718&district_id[]=720&district_id[]=984&district_id[]=723&district_id[]=270,2026-01-25T19:30:28.146466
"Продава 2-СТАЕН, гр. Пловдив, Център",https://bazar.bg/obiava-53123231/prodawa-2-staen-gr-plowdiw-tsentar,53123231,142 000€,"гр. Пловдив, Център",19 януари,https://bazar.bg/obiavi/prodazhba-apartamenti/plovdiv?asize[]=2&asize[]=3&asize[]=4&asize[]=5&asize[]=6&currency=2&district_id[]=710&district_id[]=714&district_id[]=979&district_id[]=718&district_id[]=720&district_id[]=984&district_id[]=723&district_id[]=270,2026-01-25T19:30:28.146607
"Продава 2-СТАЕН, гр. Пловдив, Център",https://bazar.bg/obiava-51367132/prodawa-2-staen-gr-plowdiw-tsentar,51367132,122 399€,"гр. Пловдив, Център",19 януари,https://bazar.bg/obiavi/prodazhba-apartamenti/plovdiv?asize[]=2&asize[]=3&asize[]=4&asize[]=5&asize[]=6&currency=2&district_id[]=710&district_id[]=714&district_id[]=979&district_id[]=718&district_id[]=720&district_id[]=984&district_id[]=723&district_id[]=270,2026-01-25T19:30:28.146749
"Продава 3-СТАЕН, гр. Пловдив, Център",https://bazar.bg/obiava-53147722/prodawa-3-staen-gr-plowdiw-tsentar,53147722,265 000€,"гр. Пловдив, Център",19 януари,https://bazar.bg/obiavi/prodazhba-apartamenti/plovdiv?asize[]=2&asize[]=3&asize[]=4&asize[]=5&asize[]=6&currency=2&district_id[]=710&district_id[]=714&district_id[]=979&district_id[]=718&district_id[]=720&district_id[]=984&district_id[]=723&district_id[]=270,2026-01-25T19:30:28.146890
"Продава 2-СТАЕН, гр. Пловдив, Младежки Хълм",https://bazar.bg/obiava-51305546/prodawa-2-staen-gr-plowdiw-mladezhki-halm,51305546,139 900€,"гр. Пловдив, Младежки Хълм",16 януари,https://bazar.bg/obiavi/prodazhba-apartamenti/plovdiv?asize[]=2&asize[]=3&asize[]=4&asize[]=5&asize[]=6&currency=2&district_id[]=710&district_id[]=714&district_id[]=979&district_id[]=718&district_id[]=720&district_id[]=984&district_id[]=723&district_id[]=270,2026-01-25T19:30:28.147052
"Продава 4-СТАЕН, гр. Пловдив, Център",https://bazar.bg/obiava-53099816/prodawa-4-staen-gr-plowdiw-tsentar,53099816,180 000€,"гр. Пловдив, Център",15 януари,https://bazar.bg/obiavi/prodazhba-apartamenti/plovdiv?asize[]=2&asize[]=3&asize[]=4&asize[]=5&asize[]=6&currency=2&district_id[]=710&district_id[]=714&district_id[]=979&district_id[]=718&district_id[]=720&district_id[]=984&district_id[]=723&district_id[]=270,2026-01-25T19:30:28.147196
"Продава 3-СТАЕН, гр. Пловдив, Мараша",https://bazar.bg/obiava-51974603/prodawa-3-staen-gr-plowdiw-marasha,51974603,274 900€,"гр. Пловдив, Мараша",15 януари,https://bazar.bg/obiavi/prodazhba-apartamenti/plovdiv?asize[]=2&asize[]=3&asize[]=4&asize[]=5&asize[]=6&currency=2&district_id[]=710&district_id[]=714&district_id[]=979&district_id[]=718&district_id[]=720&district_id[]=984&district_id[]=723&district_id[]=270,2026-01-25T19:30:28.147341
"Продава 3-СТАЕН, гр. Пловдив, Младежки Хълм",https://bazar.bg/obiava-52066721/prodawa-3-staen-gr-plowdiw-mladezhki-halm,52066721,290 000€,"гр. Пловдив, Младежки Хълм",08 януари,https://bazar.bg/obiavi/prodazhba-apartamenti/plovdiv?asize[]=2&asize[]=3&asize[]=4&asize[]=5&asize[]=6&currency=2&district_id[]=710&district_id[]=714&district_id[]=979&district_id[]=718&district_id[]=720&district_id[]=984&district_id[]=723&district_id[]=270,2026-01-25T19:30:28.147486
"Продава 2-СТАЕН, гр. Пловдив, Младежки Хълм",https://bazar.bg/obiava-52988594/prodawa-2-staen-gr-plowdiw-mladezhki-halm,52988594,229 000€,"гр. Пловдив, Младежки Хълм",06 януари,https://bazar.bg/obiavi/prodazhba-apartamenti/plovdiv?asize[]=2&asize[]=3&asize[]=4&asize[]=5&asize[]=6&currency=2&district_id[]=710&district_id[]=714&district_id[]=979&district_id[]=718&district_id[]=720&district_id[]=984&district_id[]=723&district_id[]=270,2026-01-25T19:30:28.147630
"Продава 2-СТАЕН, гр. Пловдив, Мараша",https://bazar.bg/obiava-53219241/prodawa-2-staen-gr-plowdiw-marasha,53219241,144 900€,"гр. Пловдив, Мараша",днес,https://bazar.bg/obiavi/prodazhba-apartamenti/plovdiv?asize[]=2&asize[]=3&asize[]=4&asize[]=5&asize[]=6&currency=2&district_id[]=710&district_id[]=714&district_id[]=979&district_id[]=718&district_id[]=720&district_id[]=984&district_id[]=723&district_id[]=270,2026-01-25T19:30:28.147775
Продавам  от Собственик,https://bazar.bg/obiava-42574705/prodavam-ot-sobstvenik,42574705,170 000€,"гр. Пловдив, Западен",днес,https://bazar.bg/obiavi/prodazhba-apartamenti/plovdiv?asize[]=2&asize[]=3&asize[]=4&asize[]=5&asize[]=6&currency=2&district_id[]=710&district_id[]=714&district_id[]=979&district_id[]=718&district_id[]=720&district_id[]=984&district_id[]=723&district_id[]=270,2026-01-25T19:30:28.147920
"Продава 3-СТАЕН, гр. Пловдив, Център",https://bazar.bg/obiava-53162977/prodawa-3-staen-gr-plowdiw-tsentar,53162977,173 000€,"гр. Пловдив, Център",днес,https://bazar.bg/obiavi/prodazhba-apartamenti/plovdiv?asize[]=2&asize[]=3&asize[]=4&asize[]=5&asize[]=6&currency=2&district_id[]=710&district_id[]=714&district_id[]=979&district_id[]=718&district_id[]=720&district_id[]=984&district_id[]=723&district_id[]=270,2026-01-25T19:30:28.148086
"Продава 2-СТАЕН, гр. Пловдив, Център",https://bazar.bg/obiava-53161934/prodawa-2-staen-gr-plowdiw-tsentar,53161934,204 000€,"гр. Пловдив, Център",днес,https://bazar.bg/obiavi/prodazhba-apartamenti/plovdiv?asize[]=2&asize[]=3&asize[]=4&asize[]=5&asize[]=6&currency=2&district_id[]=710&district_id[]=714&district_id[]=979&district_id[]=718&district_id[]=720&district_id[]=984&district_id[]=723&district_id[]=270,2026-01-25T19:30:28.148231
"Продава 2-СТАЕН, гр. Пловдив, Западен",https://bazar.bg/obiava-49951837/prodawa-2-staen-gr-plowdiw-zapaden,49951837,105 000€,"гр. Пловдив, Западен",днес,https://bazar.bg/obiavi/prodazhba-apartamenti/plovdiv?asize[]=2&asize[]=3&asize[]=4&asize[]=5&asize[]=6&currency=2&district_id[]=710&district_id[]=714&district_id[]=979&district_id[]=718&district_id[]=720&district_id[]=984&district_id[]=723&district_id[]=270,2026-01-25T19:30:28.148376
"Продава 3-СТАЕН, гр. Пловдив, Западен",https://bazar.bg/obiava-49951889/prodawa-3-staen-gr-plowdiw-zapaden,49951889,232 800€,"гр. Пловдив, Западен",днес,https://bazar.bg/obiavi/prodazhba-apartamenti/plovdiv?asize[]=2&asize[]=3&asize[]=4&asize[]=5&asize[]=6&currency=2&district_id[]=710&district_id[]=714&district_id[]=979&district_id[]=718&district_id[]=720&district_id[]=984&district_id[]=723&district_id[]=270,2026-01-25T19:30:28.148522
"Продава 3-СТАЕН, гр. Пловдив, Западен",https://bazar.bg/obiava-49952061/prodawa-3-staen-gr-plowdiw-zapaden,49952061,143 640€,"гр. Пловдив, Западен",днес,https://bazar.bg/obiavi/prodazhba-apartamenti/plovdiv?asize[]=2&asize[]=3&asize[]=4&asize[]=5&asize[]=6&currency=2&district_id[]=710&district_id[]=714&district_id[]=979&district_id[]=718&district_id[]=720&district_id[]=984&district_id[]=723&district_id[]=270,2026-01-25T19:30:28.148667
"Продава 2-СТАЕН, гр. Пловдив, Западен",https://bazar.bg/obiava-49951858/prodawa-2-staen-gr-plowdiw-zapaden,49951858,101 620€,"гр. Пловдив, Западен",днес,https://bazar.bg/obiavi/prodazhba-apartamenti/plovdiv?asize[]=2&asize[]=3&asize[]=4&asize[]=5&asize[]=6&currency=2&district_id[]=710&district_id[]=714&district_id[]=979&district_id[]=718&district_id[]=720&district_id[]=984&district_id[]=723&district_id[]=270,2026-01-25T19:30:28.148816
"Продава 2-СТАЕН, гр. Пловдив, Западен",https://bazar.bg/obiava-49951917/prodawa-2-staen-gr-plowdiw-zapaden,49951917,104 650€,"гр. Пловдив, Западен",днес,https://bazar.bg/obiavi/prodazhba-apartamenti/plovdiv?asize[]=2&asize[]=3&asize[]=4&asize[]=5&asize[]=6&currency=2&district_id[]=710&district_id[]=714&district_id[]=979&district_id[]=718&district_id[]=720&district_id[]=984&district_id[]=723&district_id[]=270,2026-01-25T19:30:28.148972
"Продава 3-СТАЕН, гр. Пловдив, Западен",https://bazar.bg/obiava-49952026/prodawa-3-staen-gr-plowdiw-zapaden,49952026,214 160€,"гр. Пловдив, Западен",днес,https://bazar.bg/obiavi/prodazhba-apartamenti/plovdiv?asize[]=2&asize[]=3&asize[]=4&asize[]=5&asize[]=6&currency=2&district_id[]=710&district_id[]=714&district_id[]=979&district_id[]=718&district_id[]=720&district_id[]=984&district_id[]=723&district_id[]=270,2026-01-25T19:30:28.149119
"Продава 2-СТАЕН, гр. Пловдив, Западен",https://bazar.bg/obiava-49952462/prodawa-2-staen-gr-plowdiw-zapaden,49952462,90 640€,"гр. Пловдив, Западен",днес,https://bazar.bg/obiavi/prodazhba-apartamenti/plovdiv?asize[]=2&asize[]=3&asize[]=4&asize[]=5&asize[]=6&currency=2&district_id[]=710&district_id[]=714&district_id[]=979&district_id[]=718&district_id[]=720&district_id[]=984&district_id[]=723&district_id[]=270,2026-01-25T19:30:28.149261
"Продава 2-СТАЕН, гр. Пловдив, Западен",https://bazar.bg/obiava-49952620/prodawa-2-staen-gr-plowdiw-zapaden,49952620,90 000€,"гр. Пловдив, Западен",днес,https://bazar.bg/obiavi/prodazhba-apartamenti/plovdiv?asize[]=2&asize[]=3&asize[]=4&asize[]=5&asize[]=6&currency=2&district_id[]=710&district_id[]=714&district_id[]=979&district_id[]=718&district_id[]=720&district_id[]=984&district_id[]=723&district_id[]=270,2026-01-25T19:30:28.149405
"Продава 2-СТАЕН, гр. Пловдив, Западен",https://bazar.bg/obiava-49952970/prodawa-2-staen-gr-plowdiw-zapaden,49952970,90 600€,"гр. Пловдив, Западен",днес,https://bazar.bg/obiavi/prodazhba-apartamenti/plovdiv?asize[]=2&asize[]=3&asize[]=4&asize[]=5&asize[]=6&currency=2&district_id[]=710&district_id[]=714&district_id[]=979&district_id[]=718&district_id[]=720&district_id[]=984&district_id[]=723&district_id[]=270,2026-01-25T19:30:28.149548
"Продава 3-СТАЕН, гр. Пловдив, Западен",https://bazar.bg/obiava-49953015/prodawa-3-staen-gr-plowdiw-zapaden,49953015,108 420€,"гр. Пловдив, Западен",днес,https://bazar.bg/obiavi/prodazhba-apartamenti/plovdiv?asize[]=2&asize[]=3&asize[]=4&asize[]=5&asize[]=6&currency=2&district_id[]=710&district_id[]=714&district_id[]=979&district_id[]=718&district_id[]=720&district_id[]=984&district_id[]=723&district_id[]=270,2026-01-25T19:30:28.149691
"Продава 2-СТАЕН, гр. Пловдив, Западен",https://bazar.bg/obiava-49953636/prodawa-2-staen-gr-plowdiw-zapaden,49953636,90 650€,"гр. Пловдив, Западен",днес,https://bazar.bg/obiavi/prodazhba-apartamenti/plovdiv?asize[]=2&asize[]=3&asize[]=4&asize[]=5&asize[]=6&currency=2&district_id[]=710&district_id[]=714&district_id[]=979&district_id[]=718&district_id[]=720&district_id[]=984&district_id[]=723&district_id[]=270,2026-01-25T19:30:28.149835
"Продава 2-СТАЕН, гр. Пловдив, Западен",https://bazar.bg/obiava-49954788/prodawa-2-staen-gr-plowdiw-zapaden,49954788,103 200€,"гр. Пловдив, Западен",днес,https://bazar.bg/obiavi/prodazhba-apartamenti/plovdiv?asize[]=2&asize[]=3&asize[]=4&asize[]=5&asize[]=6&currency=2&district_id[]=710&district_id[]=714&district_id[]=979&district_id[]=718&district_id[]=720&district_id[]=984&district_id[]=723&district_id[]=270,2026-01-25T19:30:28.149994
"Продава 2-СТАЕН, гр. Пловдив, Западен",https://bazar.bg/obiava-49956556/prodawa-2-staen-gr-plowdiw-zapaden,49956556,100 140€,"гр. Пловдив, Западен",днес,https://bazar.bg/obiavi/prodazhba-apartamenti/plovdiv?asize[]=2&asize[]=3&asize[]=4&asize[]=5&asize[]=6&currency=2&district_id[]=710&district_id[]=714&district_id[]=979&district_id[]=718&district_id[]=720&district_id[]=984&district_id[]=723&district_id[]=270,2026-01-25T19:30:28.150141
"Продава 2-СТАЕН, гр. Пловдив, Западен",https://bazar.bg/obiava-49954241/prodawa-2-staen-gr-plowdiw-zapaden,49954241,79 340€,"гр. Пловдив, Западен",днес,https://bazar.bg/obiavi/prodazhba-apartamenti/plovdiv?asize[]=2&asize[]=3&asize[]=4&asize[]=5&asize[]=6&currency=2&district_id[]=710&district_id[]=714&district_id[]=979&district_id[]=718&district_id[]=720&district_id[]=984&district_id[]=723&district_id[]=270,2026-01-25T19:30:28.150287
"Продава 3-СТАЕН, гр. Пловдив, Западен",https://bazar.bg/obiava-49956470/prodawa-3-staen-gr-plowdiw-zapaden,49956470,211 060€,"гр. Пловдив, Западен",днес,https://bazar.bg/obiavi/prodazhba-apartamenti/plovdiv?asize[]=2&asize[]=3&asize[]=4&asize[]=5&asize[]=6&currency=2&district_id[]=710&district_id[]=714&district_id[]=979&district_id[]=718&district_id[]=720&district_id[]=984&district_id[]=723&district_id[]=270,2026-01-25T19:30:28.150431
"Продава 3-СТАЕН, гр. Пловдив, Западен",https://bazar.bg/obiava-49953670/prodawa-3-staen-gr-plowdiw-zapaden,49953670,106 540€,"гр. Пловдив, Западен",днес,https://bazar.bg/obiavi/prodazhba-apartamenti/plovdiv?asize[]=2&asize[]=3&asize[]=4&asize[]=5&asize[]=6&currency=2&district_id[]=710&district_id[]=714&district_id[]=979&district_id[]=718&district_id[]=720&district_id[]=984&district_id[]=723&district_id[]=270,2026-01-25T19:30:28.150573
"Продава 3-СТАЕН, гр. Пловдив, Западен",https://bazar.bg/obiava-49955296/prodawa-3-staen-gr-plowdiw-zapaden,49955296,106 770€,"гр. Пловдив, Западен",днес,https://bazar.bg/obiavi/prodazhba-apartamenti/plovdiv?asize[]=2&asize[]=3&asize[]=4&asize[]=5&asize[]=6&currency=2&district_id[]=710&district_id[]=714&district_id[]=979&district_id[]=718&district_id[]=720&district_id[]=984&district_id[]=723&district_id[]=270,2026-01-25T19:30:28.150720
"Продава 3-СТАЕН, гр. Пловдив, Западен",https://bazar.bg/obiava-49955286/prodawa-3-staen-gr-plowdiw-zapaden,49955286,188 370€,"гр. Пловдив, Западен",днес,https://bazar.bg/obiavi/prodazhba-apartamenti/plovdiv?asize[]=2&asize[]=3&asize[]=4&asize[]=5&asize[]=6&currency=2&district_id[]=710&district_id[]=714&district_id[]=979&district_id[]=718&district_id[]=720&district_id[]=984&district_id[]=723&district_id[]=270,2026-01-25T19:30:28.150862
"Продава 3-СТАЕН, гр. Пловдив, Западен",https://bazar.bg/obiava-49953359/prodawa-3-staen-gr-plowdiw-zapaden,49953359,171 930€,"гр. Пловдив, Западен",днес,https://bazar.bg/obiavi/prodazhba-apartamenti/plovdiv?asize[]=2&asize[]=3&asize[]=4&asize[]=5&asize[]=6&currency=2&district_id[]=710&district_id[]=714&district_id[]=979&district_id[]=718&district_id[]=720&district_id[]=984&district_id[]=723&district_id[]=270,2026-01-25T19:30:28.151020
"Продава 3-СТАЕН, гр. Пловдив, Западен",https://bazar.bg/obiava-49955047/prodawa-3-staen-gr-plowdiw-zapaden,49955047,104 850€,"гр. Пловдив, Западен",днес,https://bazar.bg/obiavi/prodazhba-apartamenti/plovdiv?asize[]=2&asize[]=3&asize[]=4&asize[]=5&asize[]=6&currency=2&district_id[]=710&district_id[]=714&district_id[]=979&district_id[]=718&district_id[]=720&district_id[]=984&district_id[]=723&district_id[]=270,2026-01-25T19:30:28.151165
"Продава 2-СТАЕН, гр. Пловдив, Западен",https://bazar.bg/obiava-49953451/prodawa-2-staen-gr-plowdiw-zapaden,49953451,97 450€,"гр. Пловдив, Западен",днес,https://bazar.bg/obiavi/prodazhba-apartamenti/plovdiv?asize[]=2&asize[]=3&asize[]=4&asize[]=5&asize[]=6&currency=2&district_id[]=710&district_id[]=714&district_id[]=979&district_id[]=718&district_id[]=720&district_id[]=984&district_id[]=723&district_id[]=270,2026-01-25T19:30:28.151309
"Продава 2-СТАЕН, гр. Пловдив, Западен",https://bazar.bg/obiava-49955671/prodawa-2-staen-gr-plowdiw-zapaden,49955671,103 770€,"гр. Пловдив, Западен",днес,https://bazar.bg/obiavi/prodazhba-apartamenti/plovdiv?asize[]=2&asize[]=3&asize[]=4&asize[]=5&asize[]=6&currency=2&district_id[]=710&district_id[]=714&district_id[]=979&district_id[]=718&district_id[]=720&district_id[]=984&district_id[]=723&district_id[]=270,2026-01-25T19:30:28.151453
"Продава 3-СТАЕН, гр. Пловдив, Западен",https://bazar.bg/obiava-49953954/prodawa-3-staen-gr-plowdiw-zapaden,49953954,120 390€,"гр. Пловдив, Западен",днес,https://bazar.bg/obiavi/prodazhba-apartamenti/plovdiv?asize[]=2&asize[]=3&asize[]=4&asize[]=5&asize[]=6&currency=2&district_id[]=710&district_id[]=714&district_id[]=979&district_id[]=718&district_id[]=720&district_id[]=984&district_id[]=723&district_id[]=270,2026-01-25T19:30:28.151595
"Продава 2-СТАЕН, гр. Пловдив, Западен",https://bazar.bg/obiava-49954188/prodawa-2-staen-gr-plowdiw-zapaden,49954188,86 680€,"гр. Пловдив, Западен",днес,https://bazar.bg/obiavi/prodazhba-apartamenti/plovdiv?asize[]=2&asize[]=3&asize[]=4&asize[]=5&asize[]=6&currency=2&district_id[]=710&district_id[]=714&district_id[]=979&district_id[]=718&district_id[]=720&district_id[]=984&district_id[]=723&district_id[]=270,2026-01-25T19:30:28.151740
"Продава МНОГОСТАЕН, гр. Пловдив, Западен",https://bazar.bg/obiava-50278628/prodawa-mnogostaen-gr-plowdiw-zapaden,50278628,384 390€,"гр. Пловдив, Западен",днес,https://bazar.bg/obiavi/prodazhba-apartamenti/plovdiv?asize[]=2&asize[]=3&asize[]=4&asize[]=5&asize[]=6&currency=2&district_id[]=710&district_id[]=714&district_id[]=979&district_id[]=718&district_id[]=720&district_id[]=984&district_id[]=723&district_id[]=270,2026-01-25T19:30:28.151883
"Продава 3-СТАЕН, гр. Пловдив, Западен",https://bazar.bg/obiava-50395641/prodawa-3-staen-gr-plowdiw-zapaden,50395641,195 570€,"гр. Пловдив, Западен",днес,https://bazar.bg/obiavi/prodazhba-apartamenti/plovdiv?asize[]=2&asize[]=3&asize[]=4&asize[]=5&asize[]=6&currency=2&district_id[]=710&district_id[]=714&district_id[]=979&district_id[]=718&district_id[]=720&district_id[]=984&district_id[]=723&district_id[]=270,2026-01-25T19:30:28.152044
"Продава 3-СТАЕН, гр. Пловдив, Западен",https://bazar.bg/obiava-51717794/prodawa-3-staen-gr-plowdiw-zapaden,51717794,175 900€,"гр. Пловдив, Западен",днес,https://bazar.bg/obiavi/prodazhba-apartamenti/plovdiv?asize[]=2&asize[]=3&asize[]=4&asize[]=5&asize[]=6&currency=2&district_id[]=710&district_id[]=714&district_id[]=979&district_id[]=718&district_id[]=720&district_id[]=984&district_id[]=723&district_id[]=270,2026-01-25T19:30:28.152187
"Продава 3-СТАЕН, гр. Пловдив, Западен",https://bazar.bg/obiava-51717844/prodawa-3-staen-gr-plowdiw-zapaden,51717844,183 490€,"гр. Пловдив, Западен",днес,https://bazar.bg/obiavi/prodazhba-apartamenti/plovdiv?asize[]=2&asize[]=3&asize[]=4&asize[]=5&asize[]=6&currency=2&district_id[]=710&district_id[]=714&district_id[]=979&district_id[]=718&district_id[]=720&district_id[]=984&district_id[]=723&district_id[]=270,2026-01-25T19:30:28.152332
"Продава 3-СТАЕН, гр. Пловдив, Западен",https://bazar.bg/obiava-51718078/prodawa-3-staen-gr-plowdiw-zapaden,51718078,175 590€,"гр. Пловдив, Западен",днес,https://bazar.bg/obiavi/prodazhba-apartamenti/plovdiv?asize[]=2&asize[]=3&asize[]=4&asize[]=5&asize[]=6&currency=2&district_id[]=710&district_id[]=714&district_id[]=979&district_id[]=718&district_id[]=720&district_id[]=984&district_id[]=723&district_id[]=270,2026-01-25T19:30:30.513272
"Продава 3-СТАЕН, гр. Пловдив, Западен",https://bazar.bg/obiava-39990947/prodawa-3-staen-gr-plowdiw-zapaden,39990947,192 360€,"гр. Пловдив, Западен",днес,https://bazar.bg/obiavi/prodazhba-apartamenti/plovdiv?asize[]=2&asize[]=3&asize[]=4&asize[]=5&asize[]=6&currency=2&district_id[]=710&district_id[]=714&district_id[]=979&district_id[]=718&district_id[]=720&district_id[]=984&district_id[]=723&district_id[]=270,2026-01-25T19:30:30.513438
"Продава 2-СТАЕН, гр. Пловдив, Западен",https://bazar.bg/obiava-44543421/prodawa-2-staen-gr-plowdiw-zapaden,44543421,106 450€,"гр. Пловдив, Западен",днес,https://bazar.bg/obiavi/prodazhba-apartamenti/plovdiv?asize[]=2&asize[]=3&asize[]=4&asize[]=5&asize[]=6&currency=2&district_id[]=710&district_id[]=714&district_id[]=979&district_id[]=718&district_id[]=720&district_id[]=984&district_id[]=723&district_id[]=270,2026-01-25T19:30:30.513587
"Продава 2-СТАЕН, гр. Пловдив, Младежки Хълм",https://bazar.bg/obiava-49952137/prodawa-2-staen-gr-plowdiw-mladezhki-halm,49952137,169 900€,"гр. Пловдив, Младежки Хълм",днес,https://bazar.bg/obiavi/prodazhba-apartamenti/plovdiv?asize[]=2&asize[]=3&asize[]=4&asize[]=5&asize[]=6&currency=2&district_id[]=710&district_id[]=714&district_id[]=979&district_id[]=718&district_id[]=720&district_id[]=984&district_id[]=723&district_id[]=270,2026-01-25T19:30:30.513735
"Продава 3-СТАЕН, гр. Пловдив, Младежки Хълм",https://bazar.bg/obiava-52568444/prodawa-3-staen-gr-plowdiw-mladezhki-halm,52568444,343 000€,"гр. Пловдив, Младежки Хълм",днес,https://bazar.bg/obiavi/prodazhba-apartamenti/plovdiv?asize[]=2&asize[]=3&asize[]=4&asize[]=5&asize[]=6&currency=2&district_id[]=710&district_id[]=714&district_id[]=979&district_id[]=718&district_id[]=720&district_id[]=984&district_id[]=723&district_id[]=270,2026-01-25T19:30:30.513884
"Продава 3-СТАЕН, гр. Пловдив, Младежки Хълм",https://bazar.bg/obiava-49953487/prodawa-3-staen-gr-plowdiw-mladezhki-halm,49953487,166 500€,"гр. Пловдив, Младежки Хълм",днес,https://bazar.bg/obiavi/prodazhba-apartamenti/plovdiv?asize[]=2&asize[]=3&asize[]=4&asize[]=5&asize[]=6&currency=2&district_id[]=710&district_id[]=714&district_id[]=979&district_id[]=718&district_id[]=720&district_id[]=984&district_id[]=723&district_id[]=270,2026-01-25T19:30:30.514052
"Продава 3-СТАЕН, гр. Пловдив, Младежки Хълм",https://bazar.bg/obiava-49954088/prodawa-3-staen-gr-plowdiw-mladezhki-halm,49954088,158 500€,"гр. Пловдив, Младежки Хълм",днес,https://bazar.bg/obiavi/prodazhba-apartamenti/plovdiv?asize[]=2&asize[]=3&asize[]=4&asize[]=5&asize[]=6&currency=2&district_id[]=710&district_id[]=714&district_id[]=979&district_id[]=718&district_id[]=720&district_id[]=984&district_id[]=723&district_id[]=270,2026-01-25T19:30:30.514203
"Продава 3-СТАЕН, гр. Пловдив, Младежки Хълм",https://bazar.bg/obiava-49953563/prodawa-3-staen-gr-plowdiw-mladezhki-halm,49953563,159 600€,"гр. Пловдив, Младежки Хълм",днес,https://bazar.bg/obiavi/prodazhba-apartamenti/plovdiv?asize[]=2&asize[]=3&asize[]=4&asize[]=5&asize[]=6&currency=2&district_id[]=710&district_id[]=714&district_id[]=979&district_id[]=718&district_id[]=720&district_id[]=984&district_id[]=723&district_id[]=270,2026-01-25T19:30:30.514349
"Продава 3-СТАЕН, гр. Пловдив, Младежки Хълм",https://bazar.bg/obiava-49954915/prodawa-3-staen-gr-plowdiw-mladezhki-halm,49954915,169 750€,"гр. Пловдив, Младежки Хълм",днес,https://bazar.bg/obiavi/prodazhba-apartamenti/plovdiv?asize[]=2&asize[]=3&asize[]=4&asize[]=5&asize[]=6&currency=2&district_id[]=710&district_id[]=714&district_id[]=979&district_id[]=718&district_id[]=720&district_id[]=984&district_id[]=723&district_id[]=270,2026-01-25T19:30:30.514500
"Продава МНОГОСТАЕН, гр. Пловдив, Младежки Хълм",https://bazar.bg/obiava-49955668/prodawa-mnogostaen-gr-plowdiw-mladezhki-halm,49955668,215 400€,"гр. Пловдив, Младежки Хълм",днес,https://bazar.bg/obiavi/prodazhba-apartamenti/plovdiv?asize[]=2&asize[]=3&asize[]=4&asize[]=5&asize[]=6&currency=2&district_id[]=710&district_id[]=714&district_id[]=979&district_id[]=718&district_id[]=720&district_id[]=984&district_id[]=723&district_id[]=270,2026-01-25T19:30:30.514651
"Продава 3-СТАЕН, гр. Пловдив, Младежки Хълм",https://bazar.bg/obiava-49956193/prodawa-3-staen-gr-plowdiw-mladezhki-halm,49956193,163 650€,"гр. Пловдив, Младежки Хълм",днес,https://bazar.bg/obiavi/prodazhba-apartamenti/plovdiv?asize[]=2&asize[]=3&asize[]=4&asize[]=5&asize[]=6&currency=2&district_id[]=710&district_id[]=714&district_id[]=979&district_id[]=718&district_id[]=720&district_id[]=984&district_id[]=723&district_id[]=270,2026-01-25T19:30:30.514799
"Продава 3-СТАЕН, гр. Пловдив, Център",https://bazar.bg/obiava-49951823/prodawa-3-staen-gr-plowdiw-tsentar,49951823,136 720€,"гр. Пловдив, Център",днес,https://bazar.bg/obiavi/prodazhba-apartamenti/plovdiv?asize[]=2&asize[]=3&asize[]=4&asize[]=5&asize[]=6&currency=2&district_id[]=710&district_id[]=714&district_id[]=979&district_id[]=718&district_id[]=720&district_id[]=984&district_id[]=723&district_id[]=270,2026-01-25T19:30:30.514960
"Продава 3-СТАЕН, гр. Пловдив, Център",https://bazar.bg/obiava-49951943/prodawa-3-staen-gr-plowdiw-tsentar,49951943,Договаряне,"гр. Пловдив, Център",днес,https://bazar.bg/obiavi/prodazhba-apartamenti/plovdiv?asize[]=2&asize[]=3&asize[]=4&asize[]=5&asize[]=6&currency=2&district_id[]=710&district_id[]=714&district_id[]=979&district_id[]=718&district_id[]=720&district_id[]=984&district_id[]=723&district_id[]=270,2026-01-25T19:30:30.515113
"Продава МНОГОСТАЕН, гр. Пловдив, Център",https://bazar.bg/obiava-49952008/prodawa-mnogostaen-gr-plowdiw-tsentar,49952008,260 000€,"гр. Пловдив, Център",днес,https://bazar.bg/obiavi/prodazhba-apartamenti/plovdiv?asize[]=2&asize[]=3&asize[]=4&asize[]=5&asize[]=6&currency=2&district_id[]=710&district_id[]=714&district_id[]=979&district_id[]=718&district_id[]=720&district_id[]=984&district_id[]=723&district_id[]=270,2026-01-25T19:30:30.515260
"Продава 2-СТАЕН, гр. Пловдив, Център",https://bazar.bg/obiava-49952040/prodawa-2-staen-gr-plowdiw-tsentar,49952040,137 000€,"гр. Пловдив, Център",днес,https://bazar.bg/obiavi/prodazhba-apartamenti/plovdiv?asize[]=2&asize[]=3&asize[]=4&asize[]=5&asize[]=6&currency=2&district_id[]=710&district_id[]=714&district_id[]=979&district_id[]=718&district_id[]=720&district_id[]=984&district_id[]=723&district_id[]=270,2026-01-25T19:30:30.515404
"Продава 3-СТАЕН, гр. Пловдив, Център",https://bazar.bg/obiava-49952050/prodawa-3-staen-gr-plowdiw-tsentar,49952050,143 250€,"гр. Пловдив, Център",днес,https://bazar.bg/obiavi/prodazhba-apartamenti/plovdiv?asize[]=2&asize[]=3&asize[]=4&asize[]=5&asize[]=6&currency=2&district_id[]=710&district_id[]=714&district_id[]=979&district_id[]=718&district_id[]=720&district_id[]=984&district_id[]=723&district_id[]=270,2026-01-25T19:30:30.515550
"Продава 3-СТАЕН, гр. Пловдив, Център",https://bazar.bg/obiava-49951972/prodawa-3-staen-gr-plowdiw-tsentar,49951972,340 000€,"гр. Пловдив, Център",днес,https://bazar.bg/obiavi/prodazhba-apartamenti/plovdiv?asize[]=2&asize[]=3&asize[]=4&asize[]=5&asize[]=6&currency=2&district_id[]=710&district_id[]=714&district_id[]=979&district_id[]=718&district_id[]=720&district_id[]=984&district_id[]=723&district_id[]=270,2026-01-25T19:30:30.515697
"Продава МНОГОСТАЕН, гр. Пловдив, Център",https://bazar.bg/obiava-49952094/prodawa-mnogostaen-gr-plowdiw-tsentar,49952094,500 000€,"гр. Пловдив, Център",днес,https://bazar.bg/obiavi/prodazhba-apartamenti/plovdiv?asize[]=2&asize[]=3&asize[]=4&asize[]=5&asize[]=6&currency=2&district_id[]=710&district_id[]=714&district_id[]=979&district_id[]=718&district_id[]=720&district_id[]=984&district_id[]=723&district_id[]=270,2026-01-25T19:30:30.515843
"Продава 2-СТАЕН, гр. Пловдив, Център",https://bazar.bg/obiava-49952222/prodawa-2-staen-gr-plowdiw-tsentar,49952222,121 600€,"гр. Пловдив, Център",днес,https://bazar.bg/obiavi/prodazhba-apartamenti/plovdiv?asize[]=2&asize[]=3&asize[]=4&asize[]=5&asize[]=6&currency=2&district_id[]=710&district_id[]=714&district_id[]=979&district_id[]=718&district_id[]=720&district_id[]=984&district_id[]=723&district_id[]=270,2026-01-25T19:30:30.516011
"Продава 3-СТАЕН, гр. Пловдив, Център",https://bazar.bg/obiava-49952204/prodawa-3-staen-gr-plowdiw-tsentar,49952204,189 000€,"гр. Пловдив, Център",днес,https://bazar.bg/obiavi/prodazhba-apartamenti/plovdiv?asize[]=2&asize[]=3&asize[]=4&asize[]=5&asize[]=6&currency=2&district_id[]=710&district_id[]=714&district_id[]=979&district_id[]=718&district_id[]=720&district_id[]=984&district_id[]=723&district_id[]=270,2026-01-25T19:30:30.516160
"Продава 2-СТАЕН, гр. Пловдив, Център",https://bazar.bg/obiava-49952239/prodawa-2-staen-gr-plowdiw-tsentar,49952239,269 670€,"гр. Пловдив, Център",днес,https://bazar.bg/obiavi/prodazhba-apartamenti/plovdiv?asize[]=2&asize[]=3&asize[]=4&asize[]=5&asize[]=6&currency=2&district_id[]=710&district_id[]=714&district_id[]=979&district_id[]=718&district_id[]=720&district_id[]=984&district_id[]=723&district_id[]=270,2026-01-25T19:30:30.516305
"Продава 3-СТАЕН, гр. Пловдив, Център",https://bazar.bg/obiava-49952428/prodawa-3-staen-gr-plowdiw-tsentar,49952428,164 580€,"гр. Пловдив, Център",днес,https://bazar.bg/obiavi/prodazhba-apartamenti/plovdiv?asize[]=2&asize[]=3&asize[]=4&asize[]=5&asize[]=6&currency=2&district_id[]=710&district_id[]=714&district_id[]=979&district_id[]=718&district_id[]=720&district_id[]=984&district_id[]=723&district_id[]=270,2026-01-25T19:30:30.516451
"Продава 2-СТАЕН, гр. Пловдив, Център",https://bazar.bg/obiava-49952464/prodawa-2-staen-gr-plowdiw-tsentar,49952464,116 480€,"гр. Пловдив, Център",днес,https://bazar.bg/obiavi/prodazhba-apartamenti/plovdiv?asize[]=2&asize[]=3&asize[]=4&asize[]=5&asize[]=6&currency=2&district_id[]=710&district_id[]=714&district_id[]=979&district_id[]=718&district_id[]=720&district_id[]=984&district_id[]=723&district_id[]=270,2026-01-25T19:30:30.516598
"Продава 2-СТАЕН, гр. Пловдив, Център",https://bazar.bg/obiava-49952467/prodawa-2-staen-gr-plowdiw-tsentar,49952467,125 000€,"гр. Пловдив, Център",днес,https://bazar.bg/obiavi/prodazhba-apartamenti/plovdiv?asize[]=2&asize[]=3&asize[]=4&asize[]=5&asize[]=6&currency=2&district_id[]=710&district_id[]=714&district_id[]=979&district_id[]=718&district_id[]=720&district_id[]=984&district_id[]=723&district_id[]=270,2026-01-25T19:30:30.516745
"Продава МНОГОСТАЕН, гр. Пловдив, Център",https://bazar.bg/obiava-49952578/prodawa-mnogostaen-gr-plowdiw-tsentar,49952578,320 000€,"гр. Пловдив, Център",днес,https://bazar.bg/obiavi/prodazhba-apartamenti/plovdiv?asize[]=2&asize[]=3&asize[]=4&asize[]=5&asize[]=6&currency=2&district_id[]=710&district_id[]=714&district_id[]=979&district_id[]=718&district_id[]=720&district_id[]=984&district_id[]=723&district_id[]=270,2026-01-25T19:30:30.516890
"Продава 2-СТАЕН, гр. Пловдив, Център",https://bazar.bg/obiava-49952623/prodawa-2-staen-gr-plowdiw-tsentar,49952623,92 900€,"гр. Пловдив, Център",днес,https://bazar.bg/obiavi/prodazhba-apartamenti/plovdiv?asize[]=2&asize[]=3&asize[]=4&asize[]=5&asize[]=6&currency=2&district_id[]=710&district_id[]=714&district_id[]=979&district_id[]=718&district_id[]=720&district_id[]=984&district_id[]=723&district_id[]=270,2026-01-25T19:30:30.517055
"Продава 3-СТАЕН, гр. Пловдив, Център",https://bazar.bg/obiava-49952660/prodawa-3-staen-gr-plowdiw-tsentar,49952660,169 460€,"гр. Пловдив, Център",днес,https://bazar.bg/obiavi/prodazhba-apartamenti/plovdiv?asize[]=2&asize[]=3&asize[]=4&asize[]=5&asize[]=6&currency=2&district_id[]=710&district_id[]=714&district_id[]=979&district_id[]=718&district_id[]=720&district_id[]=984&district_id[]=723&district_id[]=270,2026-01-25T19:30:30.517204
"Продава 3-СТАЕН, гр. Пловдив, Център",https://bazar.bg/obiava-49952646/prodawa-3-staen-gr-plowdiw-tsentar,49952646,229 000€,"гр. Пловдив, Център",днес,https://bazar.bg/obiavi/prodazhba-apartamenti/plovdiv?asize[]=2&asize[]=3&asize[]=4&asize[]=5&asize[]=6&currency=2&district_id[]=710&district_id[]=714&district_id[]=979&district_id[]=718&district_id[]=720&district_id[]=984&district_id[]=723&district_id[]=270,2026-01-25T19:30:30.517350
"Продава 3-СТАЕН, гр. Пловдив, Център",https://bazar.bg/obiava-49952688/prodawa-3-staen-gr-plowdiw-tsentar,49952688,166 500€,"гр. Пловдив, Център",днес,https://bazar.bg/obiavi/prodazhba-apartamenti/plovdiv?asize[]=2&asize[]=3&asize[]=4&asize[]=5&asize[]=6&currency=2&district_id[]=710&district_id[]=714&district_id[]=979&district_id[]=718&district_id[]=720&district_id[]=984&district_id[]=723&district_id[]=270,2026-01-25T19:30:30.517500
"Продава МНОГОСТАЕН, гр. Пловдив, Център",https://bazar.bg/obiava-49952722/prodawa-mnogostaen-gr-plowdiw-tsentar,49952722,258 000€,"гр. Пловдив, Център",днес,https://bazar.bg/obiavi/prodazhba-apartamenti/plovdiv?asize[]=2&asize[]=3&asize[]=4&asize[]=5&asize[]=6&currency=2&district_id[]=710&district_id[]=714&district_id[]=979&district_id[]=718&district_id[]=720&district_id[]=984&district_id[]=723&district_id[]=270,2026-01-25T19:30:30.517652
"Продава МНОГОСТАЕН, гр. Пловдив, Център",https://bazar.bg/obiava-49952791/prodawa-mnogostaen-gr-plowdiw-tsentar,49952791,196 700€,"гр. Пловдив, Център",днес,https://bazar.bg/obiavi/prodazhba-apartamenti/plovdiv?asize[]=2&asize[]=3&asize[]=4&asize[]=5&asize[]=6&currency=2&district_id[]=710&district_id[]=714&district_id[]=979&district_id[]=718&district_id[]=720&district_id[]=984&district_id[]=723&district_id[]=270,2026-01-25T19:30:30.517798
"Продава 3-СТАЕН, гр. Пловдив, Център",https://bazar.bg/obiava-49952845/prodawa-3-staen-gr-plowdiw-tsentar,49952845,129 330€,"гр. Пловдив, Център",днес,https://bazar.bg/obiavi/prodazhba-apartamenti/plovdiv?asize[]=2&asize[]=3&asize[]=4&asize[]=5&asize[]=6&currency=2&district_id[]=710&district_id[]=714&district_id[]=979&district_id[]=718&district_id[]=720&district_id[]=984&district_id[]=723&district_id[]=270,2026-01-25T19:30:30.517954
"Продава 3-СТАЕН, гр. Пловдив, Център",https://bazar.bg/obiava-49952848/prodawa-3-staen-gr-plowdiw-tsentar,49952848,131 450€,"гр. Пловдив, Център",днес,https://bazar.bg/obiavi/prodazhba-apartamenti/plovdiv?asize[]=2&asize[]=3&asize[]=4&asize[]=5&asize[]=6&currency=2&district_id[]=710&district_id[]=714&district_id[]=979&district_id[]=718&district_id[]=720&district_id[]=984&district_id[]=723&district_id[]=270,2026-01-25T19:30:30.518105
"Продава 2-СТАЕН, гр. Пловдив, Център",https://bazar.bg/obiava-49952869/prodawa-2-staen-gr-plowdiw-tsentar,49952869,106 710€,"гр. Пловдив, Център",днес,https://bazar.bg/obiavi/prodazhba-apartamenti/plovdiv?asize[]=2&asize[]=3&asize[]=4&asize[]=5&asize[]=6&currency=2&district_id[]=710&district_id[]=714&district_id[]=979&district_id[]=718&district_id[]=720&district_id[]=984&district_id[]=723&district_id[]=270,2026-01-25T19:30:30.518253
"Продава 3-СТАЕН, гр. Пловдив, Център",https://bazar.bg/obiava-49952886/prodawa-3-staen-gr-plowdiw-tsentar,49952886,240 410€,"гр. Пловдив, Център",днес,https://bazar.bg/obiavi/prodazhba-apartamenti/plovdiv?asize[]=2&asize[]=3&asize[]=4&asize[]=5&asize[]=6&currency=2&district_id[]=710&district_id[]=714&district_id[]=979&district_id[]=718&district_id[]=720&district_id[]=984&district_id[]=723&district_id[]=270,2026-01-25T19:30:30.518398
"Продава МНОГОСТАЕН, гр. Пловдив, Център",https://bazar.bg/obiava-49952922/prodawa-mnogostaen-gr-plowdiw-tsentar,49952922,159 000€,"гр. Пловдив, Център",днес,https://bazar.bg/obiavi/prodazhba-apartamenti/plovdiv?asize[]=2&asize[]=3&asize[]=4&asize[]=5&asize[]=6&currency=2&district_id[]=710&district_id[]=714&district_id[]=979&district_id[]=718&district_id[]=720&district_id[]=984&district_id[]=723&district_id[]=270,2026-01-25T19:30:30.518541
"Продава 3-СТАЕН, гр. Пловдив, Център",https://bazar.bg/obiava-49952976/prodawa-3-staen-gr-plowdiw-tsentar,49952976,182 990€,"гр. Пловдив, Център",днес,https://bazar.bg/obiavi/prodazhba-apartamenti/plovdiv?asize[]=2&asize[]=3&asize[]=4&asize[]=5&asize[]=6&currency=2&district_id[]=710&district_id[]=714&district_id[]=979&district_id[]=718&district_id[]=720&district_id[]=984&district_id[]=723&district_id[]=270,2026-01-25T19:30:30.518685
"Продава 2-СТАЕН, гр. Пловдив, Център",https://bazar.bg/obiava-49953016/prodawa-2-staen-gr-plowdiw-tsentar,49953016,142 000€,"гр. Пловдив, Център",днес,https://bazar.bg/obiavi/prodazhba-apartamenti/plovdiv?asize[]=2&asize[]=3&asize[]=4&asize[]=5&asize[]=6&currency=2&district_id[]=710&district_id[]=714&district_id[]=979&district_id[]=718&district_id[]=720&district_id[]=984&district_id[]=723&district_id[]=270,2026-01-25T19:30:30.518830
"Продава МЕЗОНЕТ, гр. Пловдив, Център",https://bazar.bg/obiava-52606443/prodawa-mezonet-gr-plowdiw-tsentar,52606443,288 000€,"гр. Пловдив, Център",днес,https://bazar.bg/obiavi/prodazhba-apartamenti/plovdiv?asize[]=2&asize[]=3&asize[]=4&asize[]=5&asize[]=6&currency=2&district_id[]=710&district_id[]=714&district_id[]=979&district_id[]=718&district_id[]=720&district_id[]=984&district_id[]=723&district_id[]=270,2026-01-25T19:30:30.519013
"Продава 2-СТАЕН, гр. Пловдив, Център",https://bazar.bg/obiava-49953598/prodawa-2-staen-gr-plowdiw-tsentar,49953598,90 000€,"гр. Пловдив, Център",днес,https://bazar.bg/obiavi/prodazhba-apartamenti/plovdiv?asize[]=2&asize[]=3&asize[]=4&asize[]=5&asize[]=6&currency=2&district_id[]=710&district_id[]=714&district_id[]=979&district_id[]=718&district_id[]=720&district_id[]=984&district_id[]=723&district_id[]=270,2026-01-25T19:30:30.519171
"Продава 2-СТАЕН, гр. Пловдив, Център",https://bazar.bg/obiava-49955682/prodawa-2-staen-gr-plowdiw-tsentar,49955682,114 240€,"гр. Пловдив, Център",днес,https://bazar.bg/obiavi/prodazhba-apartamenti/plovdiv?asize[]=2&asize[]=3&asize[]=4&asize[]=5&asize[]=6&currency=2&district_id[]=710&district_id[]=714&district_id[]=979&district_id[]=718&district_id[]=720&district_id[]=984&district_id[]=723&district_id[]=270,2026-01-25T19:30:30.519316
"Продава 3-СТАЕН, гр. Пловдив, Център",https://bazar.bg/obiava-49955909/prodawa-3-staen-gr-plowdiw-tsentar,49955909,188 750€,"гр. Пловдив, Център",днес,https://bazar.bg/obiavi/prodazhba-apartamenti/plovdiv?asize[]=2&asize[]=3&asize[]=4&asize[]=5&asize[]=6&currency=2&district_id[]=710&district_id[]=714&district_id[]=979&district_id[]=718&district_id[]=720&district_id[]=984&district_id[]=723&district_id[]=270,2026-01-25T19:30:30.519463
"Продава 2-СТАЕН, гр. Пловдив, Център",https://bazar.bg/obiava-49953308/prodawa-2-staen-gr-plowdiw-tsentar,49953308,150 000€,"гр. Пловдив, Център",днес,https://bazar.bg/obiavi/prodazhba-apartamenti/plovdiv?asize[]=2&asize[]=3&asize[]=4&asize[]=5&asize[]=6&currency=2&district_id[]=710&district_id[]=714&district_id[]=979&district_id[]=718&district_id[]=720&district_id[]=984&district_id[]=723&district_id[]=270,2026-01-25T19:30:30.519606
"Продава 3-СТАЕН, гр. Пловдив, Център",https://bazar.bg/obiava-49954087/prodawa-3-staen-gr-plowdiw-tsentar,49954087,114 610€,"гр. Пловдив, Център",днес,https://bazar.bg/obiavi/prodazhba-apartamenti/plovdiv?asize[]=2&asize[]=3&asize[]=4&asize[]=5&asize[]=6&currency=2&district_id[]=710&district_id[]=714&district_id[]=979&district_id[]=718&district_id[]=720&district_id[]=984&district_id[]=723&district_id[]=270,2026-01-25T19:30:30.519752
"Продава 2-СТАЕН, гр. Пловдив, Център",https://bazar.bg/obiava-49954624/prodawa-2-staen-gr-plowdiw-tsentar,49954624,79 950€,"гр. Пловдив, Център",днес,https://bazar.bg/obiavi/prodazhba-apartamenti/plovdiv?asize[]=2&asize[]=3&asize[]=4&asize[]=5&asize[]=6&currency=2&district_id[]=710&district_id[]=714&district_id[]=979&district_id[]=718&district_id[]=720&district_id[]=984&district_id[]=723&district_id[]=270,2026-01-25T19:30:30.519898
"Продава 3-СТАЕН, гр. Пловдив, Център",https://bazar.bg/obiava-49955362/prodawa-3-staen-gr-plowdiw-tsentar,49955362,200 290€,"гр. Пловдив, Център",днес,https://bazar.bg/obiavi/prodazhba-apartamenti/plovdiv?asize[]=2&asize[]=3&asize[]=4&asize[]=5&asize[]=6&currency=2&district_id[]=710&district_id[]=714&district_id[]=979&district_id[]=718&district_id[]=720&district_id[]=984&district_id[]=723&district_id[]=270,2026-01-25T19:30:30.520069
"Продава 2-СТАЕН, гр. Пловдив, Център",https://bazar.bg/obiava-49955825/prodawa-2-staen-gr-plowdiw-tsentar,49955825,109 200€,"гр. Пловдив, Център",днес,https://bazar.bg/obiavi/prodazhba-apartamenti/plovdiv?asize[]=2&asize[]=3&asize[]=4&asize[]=5&asize[]=6&currency=2&district_id[]=710&district_id[]=714&district_id[]=979&district_id[]=718&district_id[]=720&district_id[]=984&district_id[]=723&district_id[]=270,2026-01-25T19:30:30.520220
"Продава 3-СТАЕН, гр. Пловдив, Център",https://bazar.bg/obiava-51529122/prodawa-3-staen-gr-plowdiw-tsentar,51529122,450 000€,"гр. Пловдив, Център",днес,https://bazar.bg/obiavi/prodazhba-apartamenti/plovdiv?asize[]=2&asize[]=3&asize[]=4&asize[]=5&asize[]=6&currency=2&district_id[]=710&district_id[]=714&district_id[]=979&district_id[]=718&district_id[]=720&district_id[]=984&district_id[]=723&district_id[]=270,2026-01-25T19:30:30.520365
"Продава 3-СТАЕН, гр. Пловдив, Център",https://bazar.bg/obiava-49953297/prodawa-3-staen-gr-plowdiw-tsentar,49953297,162 420€,"гр. Пловдив, Център",днес,https://bazar.bg/obiavi/prodazhba-apartamenti/plovdiv?asize[]=2&asize[]=3&asize[]=4&asize[]=5&asize[]=6&currency=2&district_id[]=710&district_id[]=714&district_id[]=979&district_id[]=718&district_id[]=720&district_id[]=984&district_id[]=723&district_id[]=270,2026-01-25T19:30:30.520509
"Продава 3-СТАЕН, гр. Пловдив, Център",https://bazar.bg/obiava-49953348/prodawa-3-staen-gr-plowdiw-tsentar,49953348,195 000€,"гр. Пловдив, Център",днес,https://bazar.bg/obiavi/prodazhba-apartamenti/plovdiv?asize[]=2&asize[]=3&asize[]=4&asize[]=5&asize[]=6&currency=2&district_id[]=710&district_id[]=714&district_id[]=979&district_id[]=718&district_id[]=720&district_id[]=984&district_id[]=723&district_id[]=270,2026-01-25T19:30:30.520653
"Продава 3-СТАЕН, гр. Пловдив, Център",https://bazar.bg/obiava-49953334/prodawa-3-staen-gr-plowdiw-tsentar,49953334,149 900€,"гр. Пловдив, Център",днес,https://bazar.bg/obiavi/prodazhba-apartamenti/plovdiv?asize[]=2&asize[]=3&asize[]=4&asize[]=5&asize[]=6&currency=2&district_id[]=710&district_id[]=714&district_id[]=979&district_id[]=718&district_id[]=720&district_id[]=984&district_id[]=723&district_id[]=270,2026-01-25T19:30:30.588400
"Продава 2-СТАЕН, гр. Пловдив, Център",https://bazar.bg/obiava-49954292/prodawa-2-staen-gr-plowdiw-tsentar,49954292,132 500€,"гр. Пловдив, Център",днес,https://bazar.bg/obiavi/prodazhba-apartamenti/plovdiv?asize[]=2&asize[]=3&asize[]=4&asize[]=5&asize[]=6&currency=2&district_id[]=710&district_id[]=714&district_id[]=979&district_id[]=718&district_id[]=720&district_id[]=984&district_id[]=723&district_id[]=270,2026-01-25T19:30:30.588578
"Продава 3-СТАЕН, гр. Пловдив, Център",https://bazar.bg/obiava-49954534/prodawa-3-staen-gr-plowdiw-tsentar,49954534,113 860€,"гр. Пловдив, Център",днес,https://bazar.bg/obiavi/prodazhba-apartamenti/plovdiv?asize[]=2&asize[]=3&asize[]=4&asize[]=5&asize[]=6&currency=2&district_id[]=710&district_id[]=714&district_id[]=979&district_id[]=718&district_id[]=720&district_id[]=984&district_id[]=723&district_id[]=270,2026-01-25T19:30:30.588735
"Продава 3-СТАЕН, гр. Пловдив, Център",https://bazar.bg/obiava-49954536/prodawa-3-staen-gr-plowdiw-tsentar,49954536,154 630€,"гр. Пловдив, Център",днес,https://bazar.bg/obiavi/prodazhba-apartamenti/plovdiv?asize[]=2&asize[]=3&asize[]=4&asize[]=5&asize[]=6&currency=2&district_id[]=710&district_id[]=714&district_id[]=979&district_id[]=718&district_id[]=720&district_id[]=984&district_id[]=723&district_id[]=270,2026-01-25T19:30:30.588889
"Продава 3-СТАЕН, гр. Пловдив, Център",https://bazar.bg/obiava-49954541/prodawa-3-staen-gr-plowdiw-tsentar,49954541,139 410€,"гр. Пловдив, Център",днес,https://bazar.bg/obiavi/prodazhba-apartamenti/plovdiv?asize[]=2&asize[]=3&asize[]=4&asize[]=5&asize[]=6&currency=2&district_id[]=710&district_id[]=714&district_id[]=979&district_id[]=718&district_id[]=720&district_id[]=984&district_id[]=723&district_id[]=270,2026-01-25T19:30:30.589061
"Продава 3-СТАЕН, гр. Пловдив, Център",https://bazar.bg/obiava-49954786/prodawa-3-staen-gr-plowdiw-tsentar,49954786,123 200€,"гр. Пловдив, Център",днес,https://bazar.bg/obiavi/prodazhba-apartamenti/plovdiv?asize[]=2&asize[]=3&asize[]=4&asize[]=5&asize[]=6&currency=2&district_id[]=710&district_id[]=714&district_id[]=979&district_id[]=718&district_id[]=720&district_id[]=984&district_id[]=723&district_id[]=270,2026-01-25T19:30:30.589211
"Продава 3-СТАЕН, гр. Пловдив, Център",https://bazar.bg/obiava-49955545/prodawa-3-staen-gr-plowdiw-tsentar,49955545,137 500€,"гр. Пловдив, Център",днес,https://bazar.bg/obiavi/prodazhba-apartamenti/plovdiv?asize[]=2&asize[]=3&asize[]=4&asize[]=5&asize[]=6&currency=2&district_id[]=710&district_id[]=714&district_id[]=979&district_id[]=718&district_id[]=720&district_id[]=984&district_id[]=723&district_id[]=270,2026-01-25T19:30:30.589360
"Продава 2-СТАЕН, гр. Пловдив, Център",https://bazar.bg/obiava-49955562/prodawa-2-staen-gr-plowdiw-tsentar,49955562,103 600€,"гр. Пловдив, Център",днес,https://bazar.bg/obiavi/prodazhba-apartamenti/plovdiv?asize[]=2&asize[]=3&asize[]=4&asize[]=5&asize[]=6&currency=2&district_id[]=710&district_id[]=714&district_id[]=979&district_id[]=718&district_id[]=720&district_id[]=984&district_id[]=723&district_id[]=270,2026-01-25T19:30:30.589510
"Продава 2-СТАЕН, гр. Пловдив, Център",https://bazar.bg/obiava-49955552/prodawa-2-staen-gr-plowdiw-tsentar,49955552,111 500€,"гр. Пловдив, Център",днес,https://bazar.bg/obiavi/prodazhba-apartamenti/plovdiv?asize[]=2&asize[]=3&asize[]=4&asize[]=5&asize[]=6&currency=2&district_id[]=710&district_id[]=714&district_id[]=979&district_id[]=718&district_id[]=720&district_id[]=984&district_id[]=723&district_id[]=270,2026-01-25T19:30:30.589662
"Продава 3-СТАЕН, гр. Пловдив, Център",https://bazar.bg/obiava-49955782/prodawa-3-staen-gr-plowdiw-tsentar,49955782,153 000€,"гр. Пловдив, Център",днес,https://bazar.bg/obiavi/prodazhba-apartamenti/plovdiv?asize[]=2&asize[]=3&asize[]=4&asize[]=5&asize[]=6&currency=2&district_id[]=710&district_id[]=714&district_id[]=979&district_id[]=718&district_id[]=720&district_id[]=984&district_id[]=723&district_id[]=270,2026-01-25T19:30:30.589809
"Продава 3-СТАЕН, гр. Пловдив, Център",https://bazar.bg/obiava-50692409/prodawa-3-staen-gr-plowdiw-tsentar,50692409,140 480€,"гр. Пловдив, Център",днес,https://bazar.bg/obiavi/prodazhba-apartamenti/plovdiv?asize[]=2&asize[]=3&asize[]=4&asize[]=5&asize[]=6&currency=2&district_id[]=710&district_id[]=714&district_id[]=979&district_id[]=718&district_id[]=720&district_id[]=984&district_id[]=723&district_id[]=270,2026-01-25T19:30:30.589970
"Продава 2-СТАЕН, гр. Пловдив, Център",https://bazar.bg/obiava-49956574/prodawa-2-staen-gr-plowdiw-tsentar,49956574,149 000€,"гр. Пловдив, Център",днес,https://bazar.bg/obiavi/prodazhba-apartamenti/plovdiv?asize[]=2&asize[]=3&asize[]=4&asize[]=5&asize[]=6&currency=2&district_id[]=710&district_id[]=714&district_id[]=979&district_id[]=718&district_id[]=720&district_id[]=984&district_id[]=723&district_id[]=270,2026-01-25T19:30:30.590125
"Продава 3-СТАЕН, гр. Пловдив, Център",https://bazar.bg/obiava-49956586/prodawa-3-staen-gr-plowdiw-tsentar,49956586,188 000€,"гр. Пловдив, Център",днес,https://bazar.bg/obiavi/prodazhba-apartamenti/plovdiv?asize[]=2&asize[]=3&asize[]=4&asize[]=5&asize[]=6&currency=2&district_id[]=710&district_id[]=714&district_id[]=979&district_id[]=718&district_id[]=720&district_id[]=984&district_id[]=723&district_id[]=270,2026-01-25T19:30:30.590273
"Продава 2-СТАЕН, гр. Пловдив, Център",https://bazar.bg/obiava-49956647/prodawa-2-staen-gr-plowdiw-tsentar,49956647,89 000€,"гр. Пловдив, Център",днес,https://bazar.bg/obiavi/prodazhba-apartamenti/plovdiv?asize[]=2&asize[]=3&asize[]=4&asize[]=5&asize[]=6&currency=2&district_id[]=710&district_id[]=714&district_id[]=979&district_id[]=718&district_id[]=720&district_id[]=984&district_id[]=723&district_id[]=270,2026-01-25T19:30:30.590421
"Продава 3-СТАЕН, гр. Пловдив, Център",https://bazar.bg/obiava-49956661/prodawa-3-staen-gr-plowdiw-tsentar,49956661,123 740€,"гр. Пловдив, Център",днес,https://bazar.bg/obiavi/prodazhba-apartamenti/plovdiv?asize[]=2&asize[]=3&asize[]=4&asize[]=5&asize[]=6&currency=2&district_id[]=710&district_id[]=714&district_id[]=979&district_id[]=718&district_id[]=720&district_id[]=984&district_id[]=723&district_id[]=270,2026-01-25T19:30:30.590568
"Продава 2-СТАЕН, гр. Пловдив, Център",https://bazar.bg/obiava-49953294/prodawa-2-staen-gr-plowdiw-tsentar,49953294,141 040€,"гр. Пловдив, Център",днес,https://bazar.bg/obiavi/prodazhba-apartamenti/plovdiv?asize[]=2&asize[]=3&asize[]=4&asize[]=5&asize[]=6&currency=2&district_id[]=710&district_id[]=714&district_id[]=979&district_id[]=718&district_id[]=720&district_id[]=984&district_id[]=723&district_id[]=270,2026-01-25T19:30:30.590713
"Продава 2-СТАЕН, гр. Пловдив, Център",https://bazar.bg/obiava-49953545/prodawa-2-staen-gr-plowdiw-tsentar,49953545,134 000€,"гр. Пловдив, Център",днес,https://bazar.bg/obiavi/prodazhba-apartamenti/plovdiv?asize[]=2&asize[]=3&asize[]=4&asize[]=5&asize[]=6&currency=2&district_id[]=710&district_id[]=714&district_id[]=979&district_id[]=718&district_id[]=720&district_id[]=984&district_id[]=723&district_id[]=270,2026-01-25T19:30:30.590864
"Продава 3-СТАЕН, гр. Пловдив, Център",https://bazar.bg/obiava-49953964/prodawa-3-staen-gr-plowdiw-tsentar,49953964,162 720€,"гр. Пловдив, Център",днес,https://bazar.bg/obiavi/prodazhba-apartamenti/plovdiv?asize[]=2&asize[]=3&asize[]=4&asize[]=5&asize[]=6&currency=2&district_id[]=710&district_id[]=714&district_id[]=979&district_id[]=718&district_id[]=720&district_id[]=984&district_id[]=723&district_id[]=270,2026-01-25T19:30:30.591056
"Продава 2-СТАЕН, гр. Пловдив, Център",https://bazar.bg/obiava-49954217/prodawa-2-staen-gr-plowdiw-tsentar,49954217,203 000€,"гр. Пловдив, Център",днес,https://bazar.bg/obiavi/prodazhba-apartamenti/plovdiv?asize[]=2&asize[]=3&asize[]=4&asize[]=5&asize[]=6&currency=2&district_id[]=710&district_id[]=714&district_id[]=979&district_id[]=718&district_id[]=720&district_id[]=984&district_id[]=723&district_id[]=270,2026-01-25T19:30:32.974933
"Продава МНОГОСТАЕН, гр. Пловдив, Център",https://bazar.bg/obiava-49954473/prodawa-mnogostaen-gr-plowdiw-tsentar,49954473,120 000€,"гр. Пловдив, Център",днес,https://bazar.bg/obiavi/prodazhba-apartamenti/plovdiv?asize[]=2&asize[]=3&asize[]=4&asize[]=5&asize[]=6&currency=2&district_id[]=710&district_id[]=714&district_id[]=979&district_id[]=718&district_id[]=720&district_id[]=984&district_id[]=723&district_id[]=270,2026-01-25T19:30:32.975123
"Продава 2-СТАЕН, гр. Пловдив, Център",https://bazar.bg/obiava-49954669/prodawa-2-staen-gr-plowdiw-tsentar,49954669,119 900€,"гр. Пловдив, Център",днес,https://bazar.bg/obiavi/prodazhba-apartamenti/plovdiv?asize[]=2&asize[]=3&asize[]=4&asize[]=5&asize[]=6&currency=2&district_id[]=710&district_id[]=714&district_id[]=979&district_id[]=718&district_id[]=720&district_id[]=984&district_id[]=723&district_id[]=270,2026-01-25T19:30:32.975277
"Продава 3-СТАЕН, гр. Пловдив, Център",https://bazar.bg/obiava-49954912/prodawa-3-staen-gr-plowdiw-tsentar,49954912,183 560€,"гр. Пловдив, Център",днес,https://bazar.bg/obiavi/prodazhba-apartamenti/plovdiv?asize[]=2&asize[]=3&asize[]=4&asize[]=5&asize[]=6&currency=2&district_id[]=710&district_id[]=714&district_id[]=979&district_id[]=718&district_id[]=720&district_id[]=984&district_id[]=723&district_id[]=270,2026-01-25T19:30:32.975431
"Продава 2-СТАЕН, гр. Пловдив, Център",https://bazar.bg/obiava-49955163/prodawa-2-staen-gr-plowdiw-tsentar,49955163,94 530€,"гр. Пловдив, Център",днес,https://bazar.bg/obiavi/prodazhba-apartamenti/plovdiv?asize[]=2&asize[]=3&asize[]=4&asize[]=5&asize[]=6&currency=2&district_id[]=710&district_id[]=714&district_id[]=979&district_id[]=718&district_id[]=720&district_id[]=984&district_id[]=723&district_id[]=270,2026-01-25T19:30:32.975582
"Продава 3-СТАЕН, гр. Пловдив, Център",https://bazar.bg/obiava-49955162/prodawa-3-staen-gr-plowdiw-tsentar,49955162,234 140€,"гр. Пловдив, Център",днес,https://bazar.bg/obiavi/prodazhba-apartamenti/plovdiv?asize[]=2&asize[]=3&asize[]=4&asize[]=5&asize[]=6&currency=2&district_id[]=710&district_id[]=714&district_id[]=979&district_id[]=718&district_id[]=720&district_id[]=984&district_id[]=723&district_id[]=270,2026-01-25T19:30:32.975739
"Продава МНОГОСТАЕН, гр. Пловдив, Център",https://bazar.bg/obiava-49955400/prodawa-mnogostaen-gr-plowdiw-tsentar,49955400,235 420€,"гр. Пловдив, Център",днес,https://bazar.bg/obiavi/prodazhba-apartamenti/plovdiv?asize[]=2&asize[]=3&asize[]=4&asize[]=5&asize[]=6&currency=2&district_id[]=710&district_id[]=714&district_id[]=979&district_id[]=718&district_id[]=720&district_id[]=984&district_id[]=723&district_id[]=270,2026-01-25T19:30:32.975889
"Продава 3-СТАЕН, гр. Пловдив, Център",https://bazar.bg/obiava-49955882/prodawa-3-staen-gr-plowdiw-tsentar,49955882,136 280€,"гр. Пловдив, Център",днес,https://bazar.bg/obiavi/prodazhba-apartamenti/plovdiv?asize[]=2&asize[]=3&asize[]=4&asize[]=5&asize[]=6&currency=2&district_id[]=710&district_id[]=714&district_id[]=979&district_id[]=718&district_id[]=720&district_id[]=984&district_id[]=723&district_id[]=270,2026-01-25T19:30:32.976074
"Продава 2-СТАЕН, гр. Пловдив, Център",https://bazar.bg/obiava-49953666/prodawa-2-staen-gr-plowdiw-tsentar,49953666,108 240€,"гр. Пловдив, Център",днес,https://bazar.bg/obiavi/prodazhba-apartamenti/plovdiv?asize[]=2&asize[]=3&asize[]=4&asize[]=5&asize[]=6&currency=2&district_id[]=710&district_id[]=714&district_id[]=979&district_id[]=718&district_id[]=720&district_id[]=984&district_id[]=723&district_id[]=270,2026-01-25T19:30:32.976225
"Продава 2-СТАЕН, гр. Пловдив, Център",https://bazar.bg/obiava-49953683/prodawa-2-staen-gr-plowdiw-tsentar,49953683,136 030€,"гр. Пловдив, Център",днес,https://bazar.bg/obiavi/prodazhba-apartamenti/plovdiv?asize[]=2&asize[]=3&asize[]=4&asize[]=5&asize[]=6&currency=2&district_id[]=710&district_id[]=714&district_id[]=979&district_id[]=718&district_id[]=720&district_id[]=984&district_id[]=723&district_id[]=270,2026-01-25T19:30:32.976375
"Продава 2-СТАЕН, гр. Пловдив, Център",https://bazar.bg/obiava-49953922/prodawa-2-staen-gr-plowdiw-tsentar,49953922,134 000€,"гр. Пловдив, Център",днес,https://bazar.bg/obiavi/prodazhba-apartamenti/plovdiv?asize[]=2&asize[]=3&asize[]=4&asize[]=5&asize[]=6&currency=2&district_id[]=710&district_id[]=714&district_id[]=979&district_id[]=718&district_id[]=720&district_id[]=984&district_id[]=723&district_id[]=270,2026-01-25T19:30:32.976526
"Продава 2-СТАЕН, гр. Пловдив, Център",https://bazar.bg/obiava-49953919/prodawa-2-staen-gr-plowdiw-tsentar,49953919,112 480€,"гр. Пловдив, Център",днес,https://bazar.bg/obiavi/prodazhba-apartamenti/plovdiv?asize[]=2&asize[]=3&asize[]=4&asize[]=5&asize[]=6&currency=2&district_id[]=710&district_id[]=714&district_id[]=979&district_id[]=718&district_id[]=720&district_id[]=984&district_id[]=723&district_id[]=270,2026-01-25T19:30:32.976676
"Продава 2-СТАЕН, гр. Пловдив, Център",https://bazar.bg/obiava-49954586/prodawa-2-staen-gr-plowdiw-tsentar,49954586,101 340€,"гр. Пловдив, Център",днес,https://bazar.bg/obiavi/prodazhba-apartamenti/plovdiv?asize[]=2&asize[]=3&asize[]=4&asize[]=5&asize[]=6&currency=2&district_id[]=710&district_id[]=714&district_id[]=979&district_id[]=718&district_id[]=720&district_id[]=984&district_id[]=723&district_id[]=270,2026-01-25T19:30:32.976825
"Продава 3-СТАЕН, гр. Пловдив, Център",https://bazar.bg/obiava-49954858/prodawa-3-staen-gr-plowdiw-tsentar,49954858,114 380€,"гр. Пловдив, Център",днес,https://bazar.bg/obiavi/prodazhba-apartamenti/plovdiv?asize[]=2&asize[]=3&asize[]=4&asize[]=5&asize[]=6&currency=2&district_id[]=710&district_id[]=714&district_id[]=979&district_id[]=718&district_id[]=720&district_id[]=984&district_id[]=723&district_id[]=270,2026-01-25T19:30:32.976992
"Продава 2-СТАЕН, гр. Пловдив, Център",https://bazar.bg/obiava-49955297/prodawa-2-staen-gr-plowdiw-tsentar,49955297,139 000€,"гр. Пловдив, Център",днес,https://bazar.bg/obiavi/prodazhba-apartamenti/plovdiv?asize[]=2&asize[]=3&asize[]=4&asize[]=5&asize[]=6&currency=2&district_id[]=710&district_id[]=714&district_id[]=979&district_id[]=718&district_id[]=720&district_id[]=984&district_id[]=723&district_id[]=270,2026-01-25T19:30:32.977144
"Продава МНОГОСТАЕН, гр. Пловдив, Център",https://bazar.bg/obiava-49955763/prodawa-mnogostaen-gr-plowdiw-tsentar,49955763,350 000€,"гр. Пловдив, Център",днес,https://bazar.bg/obiavi/prodazhba-apartamenti/plovdiv?asize[]=2&asize[]=3&asize[]=4&asize[]=5&asize[]=6&currency=2&district_id[]=710&district_id[]=714&district_id[]=979&district_id[]=718&district_id[]=720&district_id[]=984&district_id[]=723&district_id[]=270,2026-01-25T19:30:32.977295
"Продава 3-СТАЕН, гр. Пловдив, Център",https://bazar.bg/obiava-49956030/prodawa-3-staen-gr-plowdiw-tsentar,49956030,164 480€,"гр. Пловдив, Център",днес,https://bazar.bg/obiavi/prodazhba-apartamenti/plovdiv?asize[]=2&asize[]=3&asize[]=4&asize[]=5&asize[]=6&currency=2&district_id[]=710&district_id[]=714&district_id[]=979&district_id[]=718&district_id[]=720&district_id[]=984&district_id[]=723&district_id[]=270,2026-01-25T19:30:32.977447
"Продава 2-СТАЕН, гр. Пловдив, Център",https://bazar.bg/obiava-49953295/prodawa-2-staen-gr-plowdiw-tsentar,49953295,99 390€,"гр. Пловдив, Център",днес,https://bazar.bg/obiavi/prodazhba-apartamenti/plovdiv?asize[]=2&asize[]=3&asize[]=4&asize[]=5&asize[]=6&currency=2&district_id[]=710&district_id[]=714&district_id[]=979&district_id[]=718&district_id[]=720&district_id[]=984&district_id[]=723&district_id[]=270,2026-01-25T19:30:32.977598
"Продава 2-СТАЕН, гр. Пловдив, Център",https://bazar.bg/obiava-49953700/prodawa-2-staen-gr-plowdiw-tsentar,49953700,196 490€,"гр. Пловдив, Център",днес,https://bazar.bg/obiavi/prodazhba-apartamenti/plovdiv?asize[]=2&asize[]=3&asize[]=4&asize[]=5&asize[]=6&currency=2&district_id[]=710&district_id[]=714&district_id[]=979&district_id[]=718&district_id[]=720&district_id[]=984&district_id[]=723&district_id[]=270,2026-01-25T19:30:32.977747
"Продава 2-СТАЕН, гр. Пловдив, Център",https://bazar.bg/obiava-49954637/prodawa-2-staen-gr-plowdiw-tsentar,49954637,140 000€,"гр. Пловдив, Център",днес,https://bazar.bg/obiavi/prodazhba-apartamenti/plovdiv?asize[]=2&asize[]=3&asize[]=4&asize[]=5&asize[]=6&currency=2&district_id[]=710&district_id[]=714&district_id[]=979&district_id[]=718&district_id[]=720&district_id[]=984&district_id[]=723&district_id[]=270,2026-01-25T19:30:32.977895
"Продава МНОГОСТАЕН, гр. Пловдив, Център",https://bazar.bg/obiava-49955020/prodawa-mnogostaen-gr-plowdiw-tsentar,49955020,273 550€,"гр. Пловдив, Център",днес,https://bazar.bg/obiavi/prodazhba-apartamenti/plovdiv?asize[]=2&asize[]=3&asize[]=4&asize[]=5&asize[]=6&currency=2&district_id[]=710&district_id[]=714&district_id[]=979&district_id[]=718&district_id[]=720&district_id[]=984&district_id[]=723&district_id[]=270,2026-01-25T19:30:32.978062
"Продава 2-СТАЕН, гр. Пловдив, Център",https://bazar.bg/obiava-49955024/prodawa-2-staen-gr-plowdiw-tsentar,49955024,111 620€,"гр. Пловдив, Център",днес,https://bazar.bg/obiavi/prodazhba-apartamenti/plovdiv?asize[]=2&asize[]=3&asize[]=4&asize[]=5&asize[]=6&currency=2&district_id[]=710&district_id[]=714&district_id[]=979&district_id[]=718&district_id[]=720&district_id[]=984&district_id[]=723&district_id[]=270,2026-01-25T19:30:32.978213
"Продава 2-СТАЕН, гр. Пловдив, Център",https://bazar.bg/obiava-49955361/prodawa-2-staen-gr-plowdiw-tsentar,49955361,100 250€,"гр. Пловдив, Център",днес,https://bazar.bg/obiavi/prodazhba-apartamenti/plovdiv?asize[]=2&asize[]=3&asize[]=4&asize[]=5&asize[]=6&currency=2&district_id[]=710&district_id[]=714&district_id[]=979&district_id[]=718&district_id[]=720&district_id[]=984&district_id[]=723&district_id[]=270,2026-01-25T19:30:32.978361
"Продава МНОГОСТАЕН, гр. Пловдив, Център",https://bazar.bg/obiava-49955599/prodawa-mnogostaen-gr-plowdiw-tsentar,49955599,280 310€,"гр. Пловдив, Център",днес,https://bazar.bg/obiavi/prodazhba-apartamenti/plovdiv?asize[]=2&asize[]=3&asize[]=4&asize[]=5&asize[]=6&currency=2&district_id[]=710&district_id[]=714&district_id[]=979&district_id[]=718&district_id[]=720&district_id[]=984&district_id[]=723&district_id[]=270,2026-01-25T19:30:32.978515
"Продава 3-СТАЕН, гр. Пловдив, Център",https://bazar.bg/obiava-49955823/prodawa-3-staen-gr-plowdiw-tsentar,49955823,200 110€,"гр. Пловдив, Център",днес,https://bazar.bg/obiavi/prodazhba-apartamenti/plovdiv?asize[]=2&asize[]=3&asize[]=4&asize[]=5&asize[]=6&currency=2&district_id[]=710&district_id[]=714&district_id[]=979&district_id[]=718&district_id[]=720&district_id[]=984&district_id[]=723&district_id[]=270,2026-01-25T19:30:32.978665
"Продава 2-СТАЕН, гр. Пловдив, Център",https://bazar.bg/obiava-49956079/prodawa-2-staen-gr-plowdiw-tsentar,49956079,106 260€,"гр. Пловдив, Център",днес,https://bazar.bg/obiavi/prodazhba-apartamenti/plovdiv?asize[]=2&asize[]=3&asize[]=4&asize[]=5&asize[]=6&currency=2&district_id[]=710&district_id[]=714&district_id[]=979&district_id[]=718&district_id[]=720&district_id[]=984&district_id[]=723&district_id[]=270,2026-01-25T19:30:32.978814
"Продава 3-СТАЕН, гр. Пловдив, Център",https://bazar.bg/obiava-50825604/prodawa-3-staen-gr-plowdiw-tsentar,50825604,Договаряне,"гр. Пловдив, Център",днес,https://bazar.bg/obiavi/prodazhba-apartamenti/plovdiv?asize[]=2&asize[]=3&asize[]=4&asize[]=5&asize[]=6&currency=2&district_id[]=710&district_id[]=714&district_id[]=979&district_id[]=718&district_id[]=720&district_id[]=984&district_id[]=723&district_id[]=270,2026-01-25T19:30:32.978975
"Продава 2-СТАЕН, гр. Пловдив, Център",https://bazar.bg/obiava-49953459/prodawa-2-staen-gr-plowdiw-tsentar,49953459,124 310€,"гр. Пловдив, Център",днес,https://bazar.bg/obiavi/prodazhba-apartamenti/plovdiv?asize[]=2&asize[]=3&asize[]=4&asize[]=5&asize[]=6&currency=2&district_id[]=710&district_id[]=714&district_id[]=979&district_id[]=718&district_id[]=720&district_id[]=984&district_id[]=723&district_id[]=270,2026-01-25T19:30:32.979125
"Продава 2-СТАЕН, гр. Пловдив, Център",https://bazar.bg/obiava-49953647/prodawa-2-staen-gr-plowdiw-tsentar,49953647,100 830€,"гр. Пловдив, Център",днес,https://bazar.bg/obiavi/prodazhba-apartamenti/plovdiv?asize[]=2&asize[]=3&asize[]=4&asize[]=5&asize[]=6&currency=2&district_id[]=710&district_id[]=714&district_id[]=979&district_id[]=718&district_id[]=720&district_id[]=984&district_id[]=723&district_id[]=270,2026-01-25T19:30:32.979273
"Продава 3-СТАЕН, гр. Пловдив, Център",https://bazar.bg/obiava-49953861/prodawa-3-staen-gr-plowdiw-tsentar,49953861,101 710€,"гр. Пловдив, Център",днес,https://bazar.bg/obiavi/prodazhba-apartamenti/plovdiv?asize[]=2&asize[]=3&asize[]=4&asize[]=5&asize[]=6&currency=2&district_id[]=710&district_id[]=714&district_id[]=979&district_id[]=718&district_id[]=720&district_id[]=984&district_id[]=723&district_id[]=270,2026-01-25T19:30:32.979419
"Продава 3-СТАЕН, гр. Пловдив, Център",https://bazar.bg/obiava-49955662/prodawa-3-staen-gr-plowdiw-tsentar,49955662,158 210€,"гр. Пловдив, Център",днес,https://bazar.bg/obiavi/prodazhba-apartamenti/plovdiv?asize[]=2&asize[]=3&asize[]=4&asize[]=5&asize[]=6&currency=2&district_id[]=710&district_id[]=714&district_id[]=979&district_id[]=718&district_id[]=720&district_id[]=984&district_id[]=723&district_id[]=270,2026-01-25T19:30:32.979564
"Продава 3-СТАЕН, гр. Пловдив, Център",https://bazar.bg/obiava-49955983/prodawa-3-staen-gr-plowdiw-tsentar,49955983,218 360€,"гр. Пловдив, Център",днес,https://bazar.bg/obiavi/prodazhba-apartamenti/plovdiv?asize[]=2&asize[]=3&asize[]=4&asize[]=5&asize[]=6&currency=2&district_id[]=710&district_id[]=714&district_id[]=979&district_id[]=718&district_id[]=720&district_id[]=984&district_id[]=723&district_id[]=270,2026-01-25T19:30:32.979711
"Продава 3-СТАЕН, гр. Пловдив, Център",https://bazar.bg/obiava-49956137/prodawa-3-staen-gr-plowdiw-tsentar,49956137,116 170€,"гр. Пловдив, Център",днес,https://bazar.bg/obiavi/prodazhba-apartamenti/plovdiv?asize[]=2&asize[]=3&asize[]=4&asize[]=5&asize[]=6&currency=2&district_id[]=710&district_id[]=714&district_id[]=979&district_id[]=718&district_id[]=720&district_id[]=984&district_id[]=723&district_id[]=270,2026-01-25T19:30:32.979858
"Продава 2-СТАЕН, гр. Пловдив, Център",https://bazar.bg/obiava-49956333/prodawa-2-staen-gr-plowdiw-tsentar,49956333,114 280€,"гр. Пловдив, Център",днес,https://bazar.bg/obiavi/prodazhba-apartamenti/plovdiv?asize[]=2&asize[]=3&asize[]=4&asize[]=5&asize[]=6&currency=2&district_id[]=710&district_id[]=714&district_id[]=979&district_id[]=718&district_id[]=720&district_id[]=984&district_id[]=723&district_id[]=270,2026-01-25T19:30:32.980029
"Продава 2-СТАЕН, гр. Пловдив, Център",https://bazar.bg/obiava-49956387/prodawa-2-staen-gr-plowdiw-tsentar,49956387,282 150€,"гр. Пловдив, Център",днес,https://bazar.bg/obiavi/prodazhba-apartamenti/plovdiv?asize[]=2&asize[]=3&asize[]=4&asize[]=5&asize[]=6&currency=2&district_id[]=710&district_id[]=714&district_id[]=979&district_id[]=718&district_id[]=720&district_id[]=984&district_id[]=723&district_id[]=270,2026-01-25T19:30:32.980181
"Продава 3-СТАЕН, гр. Пловдив, Център",https://bazar.bg/obiava-49956424/prodawa-3-staen-gr-plowdiw-tsentar,49956424,157 530€,"гр. Пловдив, Център",днес,https://bazar.bg/obiavi/prodazhba-apartamenti/plovdiv?asize[]=2&asize[]=3&asize[]=4&asize[]=5&asize[]=6&currency=2&district_id[]=710&district_id[]=714&district_id[]=979&district_id[]=718&district_id[]=720&district_id[]=984&district_id[]=723&district_id[]=270,2026-01-25T19:30:32.980332
"Продава 2-СТАЕН, гр. Пловдив, Център",https://bazar.bg/obiava-50465166/prodawa-2-staen-gr-plowdiw-tsentar,50465166,161 180€,"гр. Пловдив, Център",днес,https://bazar.bg/obiavi/prodazhba-apartamenti/plovdiv?asize[]=2&asize[]=3&asize[]=4&asize[]=5&asize[]=6&currency=2&district_id[]=710&district_id[]=714&district_id[]=979&district_id[]=718&district_id[]=720&district_id[]=984&district_id[]=723&district_id[]=270,2026-01-25T19:30:32.980481
"Продава 2-СТАЕН, гр. Пловдив, Център",https://bazar.bg/obiava-49953259/prodawa-2-staen-gr-plowdiw-tsentar,49953259,115 000€,"гр. Пловдив, Център",днес,https://bazar.bg/obiavi/prodazhba-apartamenti/plovdiv?asize[]=2&asize[]=3&asize[]=4&asize[]=5&asize[]=6&currency=2&district_id[]=710&district_id[]=714&district_id[]=979&district_id[]=718&district_id[]=720&district_id[]=984&district_id[]=723&district_id[]=270,2026-01-25T19:30:32.980632
"Продава 3-СТАЕН, гр. Пловдив, Център",https://bazar.bg/obiava-49953938/prodawa-3-staen-gr-plowdiw-tsentar,49953938,340 000€,"гр. Пловдив, Център",днес,https://bazar.bg/obiavi/prodazhba-apartamenti/plovdiv?asize[]=2&asize[]=3&asize[]=4&asize[]=5&asize[]=6&currency=2&district_id[]=710&district_id[]=714&district_id[]=979&district_id[]=718&district_id[]=720&district_id[]=984&district_id[]=723&district_id[]=270,2026-01-25T19:30:32.980784
"Продава 2-СТАЕН, гр. Пловдив, Център",https://bazar.bg/obiava-49954456/prodawa-2-staen-gr-plowdiw-tsentar,49954456,111 620€,"гр. Пловдив, Център",днес,https://bazar.bg/obiavi/prodazhba-apartamenti/plovdiv?asize[]=2&asize[]=3&asize[]=4&asize[]=5&asize[]=6&currency=2&district_id[]=710&district_id[]=714&district_id[]=979&district_id[]=718&district_id[]=720&district_id[]=984&district_id[]=723&district_id[]=270,2026-01-25T19:30:32.980936
"Продава 3-СТАЕН, гр. Пловдив, Център",https://bazar.bg/obiava-49956032/prodawa-3-staen-gr-plowdiw-tsentar,49956032,127 450€,"гр. Пловдив, Център",днес,https://bazar.bg/obiavi/prodazhba-apartamenti/plovdiv?asize[]=2&asize[]=3&asize[]=4&asize[]=5&asize[]=6&currency=2&district_id[]=710&district_id[]=714&district_id[]=979&district_id[]=718&district_id[]=720&district_id[]=984&district_id[]=723&district_id[]=270,2026-01-25T19:30:32.981105
"Продава 2-СТАЕН, гр. Пловдив, Център",https://bazar.bg/obiava-49956042/prodawa-2-staen-gr-plowdiw-tsentar,49956042,171 790€,"гр. Пловдив, Център",днес,https://bazar.bg/obiavi/prodazhba-apartamenti/plovdiv?asize[]=2&asize[]=3&asize[]=4&asize[]=5&asize[]=6&currency=2&district_id[]=710&district_id[]=714&district_id[]=979&district_id[]=718&district_id[]=720&district_id[]=984&district_id[]=723&district_id[]=270,2026-01-25T19:30:32.981255
"Продава МНОГОСТАЕН, гр. Пловдив, Център",https://bazar.bg/obiava-49953842/prodawa-mnogostaen-gr-plowdiw-tsentar,49953842,Договаряне,"гр. Пловдив, Център",днес,https://bazar.bg/obiavi/prodazhba-apartamenti/plovdiv?asize[]=2&asize[]=3&asize[]=4&asize[]=5&asize[]=6&currency=2&district_id[]=710&district_id[]=714&district_id[]=979&district_id[]=718&district_id[]=720&district_id[]=984&district_id[]=723&district_id[]=270,2026-01-25T19:30:32.981403
"Продава 3-СТАЕН, гр. Пловдив, Център",https://bazar.bg/obiava-49954109/prodawa-3-staen-gr-plowdiw-tsentar,49954109,137 920€,"гр. Пловдив, Център",днес,https://bazar.bg/obiavi/prodazhba-apartamenti/plovdiv?asize[]=2&asize[]=3&asize[]=4&asize[]=5&asize[]=6&currency=2&district_id[]=710&district_id[]=714&district_id[]=979&district_id[]=718&district_id[]=720&district_id[]=984&district_id[]=723&district_id[]=270,2026-01-25T19:30:32.981552
"Продава 3-СТАЕН, гр. Пловдив, Център",https://bazar.bg/obiava-49954570/prodawa-3-staen-gr-plowdiw-tsentar,49954570,196 400€,"гр. Пловдив, Център",днес,https://bazar.bg/obiavi/prodazhba-apartamenti/plovdiv?asize[]=2&asize[]=3&asize[]=4&asize[]=5&asize[]=6&currency=2&district_id[]=710&district_id[]=714&district_id[]=979&district_id[]=718&district_id[]=720&district_id[]=984&district_id[]=723&district_id[]=270,2026-01-25T19:30:32.981700
"Продава 2-СТАЕН, гр. Пловдив, Център",https://bazar.bg/obiava-49954764/prodawa-2-staen-gr-plowdiw-tsentar,49954764,143 000€,"гр. Пловдив, Център",днес,https://bazar.bg/obiavi/prodazhba-apartamenti/plovdiv?asize[]=2&asize[]=3&asize[]=4&asize[]=5&asize[]=6&currency=2&district_id[]=710&district_id[]=714&district_id[]=979&district_id[]=718&district_id[]=720&district_id[]=984&district_id[]=723&district_id[]=270,2026-01-25T19:30:32.981848
"Продава 2-СТАЕН, гр. Пловдив, Център",https://bazar.bg/obiava-49954981/prodawa-2-staen-gr-plowdiw-tsentar,49954981,98 710€,"гр. Пловдив, Център",днес,https://bazar.bg/obiavi/prodazhba-apartamenti/plovdiv?asize[]=2&asize[]=3&asize[]=4&asize[]=5&asize[]=6&currency=2&district_id[]=710&district_id[]=714&district_id[]=979&district_id[]=718&district_id[]=720&district_id[]=984&district_id[]=723&district_id[]=270,2026-01-25T19:30:32.982012
"Продава 2-СТАЕН, гр. Пловдив, Център",https://bazar.bg/obiava-49955012/prodawa-2-staen-gr-plowdiw-tsentar,49955012,92 120€,"гр. Пловдив, Център",днес,https://bazar.bg/obiavi/prodazhba-apartamenti/plovdiv?asize[]=2&asize[]=3&asize[]=4&asize[]=5&asize[]=6&currency=2&district_id[]=710&district_id[]=714&district_id[]=979&district_id[]=718&district_id[]=720&district_id[]=984&district_id[]=723&district_id[]=270,2026-01-25T19:30:32.982164
"Продава 2-СТАЕН, гр. Пловдив, Център",https://bazar.bg/obiava-49955279/prodawa-2-staen-gr-plowdiw-tsentar,49955279,121 480€,"гр. Пловдив, Център",днес,https://bazar.bg/obiavi/prodazhba-apartamenti/plovdiv?asize[]=2&asize[]=3&asize[]=4&asize[]=5&asize[]=6&currency=2&district_id[]=710&district_id[]=714&district_id[]=979&district_id[]=718&district_id[]=720&district_id[]=984&district_id[]=723&district_id[]=270,2026-01-25T19:30:32.982370
"Продава 2-СТАЕН, гр. Пловдив, Център",https://bazar.bg/obiava-49955443/prodawa-2-staen-gr-plowdiw-tsentar,49955443,110 480€,"гр. Пловдив, Център",днес,https://bazar.bg/obiavi/prodazhba-apartamenti/plovdiv?asize[]=2&asize[]=3&asize[]=4&asize[]=5&asize[]=6&currency=2&district_id[]=710&district_id[]=714&district_id[]=979&district_id[]=718&district_id[]=720&district_id[]=984&district_id[]=723&district_id[]=270,2026-01-25T19:30:32.982555
"Продава 2-СТАЕН, гр. Пловдив, Център",https://bazar.bg/obiava-49955929/prodawa-2-staen-gr-plowdiw-tsentar,49955929,75 400€,"гр. Пловдив, Център",днес,https://bazar.bg/obiavi/prodazhba-apartamenti/plovdiv?asize[]=2&asize[]=3&asize[]=4&asize[]=5&asize[]=6&currency=2&district_id[]=710&district_id[]=714&district_id[]=979&district_id[]=718&district_id[]=720&district_id[]=984&district_id[]=723&district_id[]=270,2026-01-25T19:30:32.982708
"Продава 2-СТАЕН, гр. Пловдив, Център",https://bazar.bg/obiava-49955957/prodawa-2-staen-gr-plowdiw-tsentar,49955957,107 930€,"гр. Пловдив, Център",днес,https://bazar.bg/obiavi/prodazhba-apartamenti/plovdiv?asize[]=2&asize[]=3&asize[]=4&asize[]=5&asize[]=6&currency=2&district_id[]=710&district_id[]=714&district_id[]=979&district_id[]=718&district_id[]=720&district_id[]=984&district_id[]=723&district_id[]=270,2026-01-25T19:30:32.982861
"Продава 2-СТАЕН, гр. Пловдив, Център",https://bazar.bg/obiava-49955949/prodawa-2-staen-gr-plowdiw-tsentar,49955949,145 000€,"гр. Пловдив, Център",днес,https://bazar.bg/obiavi/prodazhba-apartamenti/plovdiv?asize[]=2&asize[]=3&asize[]=4&asize[]=5&asize[]=6&currency=2&district_id[]=710&district_id[]=714&district_id[]=979&district_id[]=718&district_id[]=720&district_id[]=984&district_id[]=723&district_id[]=270,2026-01-25T19:30:32.983031
"Продава 2-СТАЕН, гр. Пловдив, Център",https://bazar.bg/obiava-49956504/prodawa-2-staen-gr-plowdiw-tsentar,49956504,143 290€,"гр. Пловдив, Център",днес,https://bazar.bg/obiavi/prodazhba-apartamenti/plovdiv?asize[]=2&asize[]=3&asize[]=4&asize[]=5&asize[]=6&currency=2&district_id[]=710&district_id[]=714&district_id[]=979&district_id[]=718&district_id[]=720&district_id[]=984&district_id[]=723&district_id[]=270,2026-01-25T19:30:32.983185
"Продава МНОГОСТАЕН, гр. Пловдив, Център",https://bazar.bg/obiava-50307142/prodawa-mnogostaen-gr-plowdiw-tsentar,50307142,250 000€,"гр. Пловдив, Център",днес,https://bazar.bg/obiavi/prodazhba-apartamenti/plovdiv?asize[]=2&asize[]=3&asize[]=4&asize[]=5&asize[]=6&currency=2&district_id[]=710&district_id[]=714&district_id[]=979&district_id[]=718&district_id[]=720&district_id[]=984&district_id[]=723&district_id[]=270,2026-01-25T19:30:32.983336
"Продава МНОГОСТАЕН, гр. Пловдив, Център",https://bazar.bg/obiava-52338488/prodawa-mnogostaen-gr-plowdiw-tsentar,52338488,514 800€,"гр. Пловдив, Център",днес,https://bazar.bg/obiavi/prodazhba-apartamenti/plovdiv?asize[]=2&asize[]=3&asize[]=4&asize[]=5&asize[]=6&currency=2&district_id[]=710&district_id[]=714&district_id[]=979&district_id[]=718&district_id[]=720&district_id[]=984&district_id[]=723&district_id[]=270,2026-01-25T19:30:32.983487
"Продава 2-СТАЕН, гр. Пловдив, Център",https://bazar.bg/obiava-52499023/prodawa-2-staen-gr-plowdiw-tsentar,52499023,176 690€,"гр. Пловдив, Център",днес,https://bazar.bg/obiavi/prodazhba-apartamenti/plovdiv?asize[]=2&asize[]=3&asize[]=4&asize[]=5&asize[]=6&currency=2&district_id[]=710&district_id[]=714&district_id[]=979&district_id[]=718&district_id[]=720&district_id[]=984&district_id[]=723&district_id[]=270,2026-01-25T19:30:32.983636
"Продава 2-СТАЕН, гр. Пловдив, Център",https://bazar.bg/obiava-52499036/prodawa-2-staen-gr-plowdiw-tsentar,52499036,214 750€,"гр. Пловдив, Център",днес,https://bazar.bg/obiavi/prodazhba-apartamenti/plovdiv?asize[]=2&asize[]=3&asize[]=4&asize[]=5&asize[]=6&currency=2&district_id[]=710&district_id[]=714&district_id[]=979&district_id[]=718&district_id[]=720&district_id[]=984&district_id[]=723&district_id[]=270,2026-01-25T19:30:32.983788
"Продава 3-СТАЕН, гр. Пловдив, Център",https://bazar.bg/obiava-52370971/prodawa-3-staen-gr-plowdiw-tsentar,52370971,136 000€,"гр. Пловдив, Център",днес,https://bazar.bg/obiavi/prodazhba-apartamenti/plovdiv?asize[]=2&asize[]=3&asize[]=4&asize[]=5&asize[]=6&currency=2&district_id[]=710&district_id[]=714&district_id[]=979&district_id[]=718&district_id[]=720&district_id[]=984&district_id[]=723&district_id[]=270,2026-01-25T19:30:32.983951
"Продава 2-СТАЕН, гр. Пловдив, Център",https://bazar.bg/obiava-52932628/prodawa-2-staen-gr-plowdiw-tsentar,52932628,204 000€,"гр. Пловдив, Център",днес,https://bazar.bg/obiavi/prodazhba-apartamenti/plovdiv?asize[]=2&asize[]=3&asize[]=4&asize[]=5&asize[]=6&currency=2&district_id[]=710&district_id[]=714&district_id[]=979&district_id[]=718&district_id[]=720&district_id[]=984&district_id[]=723&district_id[]=270,2026-01-25T19:30:32.984112
"Продава МНОГОСТАЕН, гр. Пловдив, Център",https://bazar.bg/obiava-44413364/prodawa-mnogostaen-gr-plowdiw-tsentar,44413364,255 400€,"гр. Пловдив, Център",днес,https://bazar.bg/obiavi/prodazhba-apartamenti/plovdiv?asize[]=2&asize[]=3&asize[]=4&asize[]=5&asize[]=6&currency=2&district_id[]=710&district_id[]=714&district_id[]=979&district_id[]=718&district_id[]=720&district_id[]=984&district_id[]=723&district_id[]=270,2026-01-25T19:30:32.984264
"Продава 3-СТАЕН, гр. Пловдив, Център",https://bazar.bg/obiava-46476476/prodawa-3-staen-gr-plowdiw-tsentar,46476476,206 820€,"гр. Пловдив, Център",днес,https://bazar.bg/obiavi/prodazhba-apartamenti/plovdiv?asize[]=2&asize[]=3&asize[]=4&asize[]=5&asize[]=6&currency=2&district_id[]=710&district_id[]=714&district_id[]=979&district_id[]=718&district_id[]=720&district_id[]=984&district_id[]=723&district_id[]=270,2026-01-25T19:30:32.984414
"Продава 3-СТАЕН, гр. Пловдив, Западен",https://bazar.bg/obiava-49953257/prodawa-3-staen-gr-plowdiw-zapaden,49953257,78 000€,"гр. Пловдив, Западен",днес,https://bazar.bg/obiavi/prodazhba-apartamenti/plovdiv?asize[]=2&asize[]=3&asize[]=4&asize[]=5&asize[]=6&currency=2&district_id[]=710&district_id[]=714&district_id[]=979&district_id[]=718&district_id[]=720&district_id[]=984&district_id[]=723&district_id[]=270,2026-01-25T19:30:32.984564
"Продава 3-СТАЕН, гр. Пловдив, Младежки Хълм",https://bazar.bg/obiava-49953877/prodawa-3-staen-gr-plowdiw-mladezhki-halm,49953877,110 000€,"гр. Пловдив, Младежки Хълм",днес,https://bazar.bg/obiavi/prodazhba-apartamenti/plovdiv?asize[]=2&asize[]=3&asize[]=4&asize[]=5&asize[]=6&currency=2&district_id[]=710&district_id[]=714&district_id[]=979&district_id[]=718&district_id[]=720&district_id[]=984&district_id[]=723&district_id[]=270,2026-01-25T19:30:32.984714
"Продава 2-СТАЕН, гр. Пловдив, Център",https://bazar.bg/obiava-49953229/prodawa-2-staen-gr-plowdiw-tsentar,49953229,180 000€,"гр. Пловдив, Център",днес,https://bazar.bg/obiavi/prodazhba-apartamenti/plovdiv?asize[]=2&asize[]=3&asize[]=4&asize[]=5&asize[]=6&currency=2&district_id[]=710&district_id[]=714&district_id[]=979&district_id[]=718&district_id[]=720&district_id[]=984&district_id[]=723&district_id[]=270,2026-01-25T19:30:32.984872
"Продава 2-СТАЕН, гр. Пловдив, Център",https://bazar.bg/obiava-49955714/prodawa-2-staen-gr-plowdiw-tsentar,49955714,117 640€,"гр. Пловдив, Център",днес,https://bazar.bg/obiavi/prodazhba-apartamenti/plovdiv?asize[]=2&asize[]=3&asize[]=4&asize[]=5&asize[]=6&currency=2&district_id[]=710&district_id[]=714&district_id[]=979&district_id[]=718&district_id[]=720&district_id[]=984&district_id[]=723&district_id[]=270,2026-01-25T19:30:32.985051
"Продава 3-СТАЕН, гр. Пловдив, Западен",https://bazar.bg/obiava-51529137/prodawa-3-staen-gr-plowdiw-zapaden,51529137,94 500€,"гр. Пловдив, Западен",днес,https://bazar.bg/obiavi/prodazhba-apartamenti/plovdiv?asize[]=2&asize[]=3&asize[]=4&asize[]=5&asize[]=6&currency=2&district_id[]=710&district_id[]=714&district_id[]=979&district_id[]=718&district_id[]=720&district_id[]=984&district_id[]=723&district_id[]=270,2026-01-25T19:30:32.985201
"Продава 2-СТАЕН, гр. Пловдив, Западен",https://bazar.bg/obiava-49954901/prodawa-2-staen-gr-plowdiw-zapaden,49954901,66 200€,"гр. Пловдив, Западен",днес,https://bazar.bg/obiavi/prodazhba-apartamenti/plovdiv?asize[]=2&asize[]=3&asize[]=4&asize[]=5&asize[]=6&currency=2&district_id[]=710&district_id[]=714&district_id[]=979&district_id[]=718&district_id[]=720&district_id[]=984&district_id[]=723&district_id[]=270,2026-01-25T19:30:32.985348
"Продава 4-СТАЕН, гр. Пловдив, Център",https://bazar.bg/obiava-49955305/prodawa-4-staen-gr-plowdiw-tsentar,49955305,251 000€,"гр. Пловдив, Център",днес,https://bazar.bg/obiavi/prodazhba-apartamenti/plovdiv?asize[]=2&asize[]=3&asize[]=4&asize[]=5&asize[]=6&currency=2&district_id[]=710&district_id[]=714&district_id[]=979&district_id[]=718&district_id[]=720&district_id[]=984&district_id[]=723&district_id[]=270,2026-01-25T19:30:35.368159
"Продава 2-СТАЕН, гр. Пловдив, Мараша",https://bazar.bg/obiava-51134881/prodawa-2-staen-gr-plowdiw-marasha,51134881,149 900€,"гр. Пловдив, Мараша",днес,https://bazar.bg/obiavi/prodazhba-apartamenti/plovdiv?asize[]=2&asize[]=3&asize[]=4&asize[]=5&asize[]=6&currency=2&district_id[]=710&district_id[]=714&district_id[]=979&district_id[]=718&district_id[]=720&district_id[]=984&district_id[]=723&district_id[]=270,2026-01-25T19:30:35.368327
"Продава 3-СТАЕН, гр. Пловдив, Мараша",https://bazar.bg/obiava-51046288/prodawa-3-staen-gr-plowdiw-marasha,51046288,158 100€,"гр. Пловдив, Мараша",днес,https://bazar.bg/obiavi/prodazhba-apartamenti/plovdiv?asize[]=2&asize[]=3&asize[]=4&asize[]=5&asize[]=6&currency=2&district_id[]=710&district_id[]=714&district_id[]=979&district_id[]=718&district_id[]=720&district_id[]=984&district_id[]=723&district_id[]=270,2026-01-25T19:30:35.368481
"Продава 3-СТАЕН, гр. Пловдив, Младежки Хълм",https://bazar.bg/obiava-51969368/prodawa-3-staen-gr-plowdiw-mladezhki-halm,51969368,278 000€,"гр. Пловдив, Младежки Хълм",днес,https://bazar.bg/obiavi/prodazhba-apartamenti/plovdiv?asize[]=2&asize[]=3&asize[]=4&asize[]=5&asize[]=6&currency=2&district_id[]=710&district_id[]=714&district_id[]=979&district_id[]=718&district_id[]=720&district_id[]=984&district_id[]=723&district_id[]=270,2026-01-25T19:30:35.368632
"Продава 4-СТАЕН, гр. Пловдив, Каменица 1",https://bazar.bg/obiava-51939069/prodawa-4-staen-gr-plowdiw-kamenitsa-1,51939069,300 000€,"гр. Пловдив, Каменица 1",днес,https://bazar.bg/obiavi/prodazhba-apartamenti/plovdiv?asize[]=2&asize[]=3&asize[]=4&asize[]=5&asize[]=6&currency=2&district_id[]=710&district_id[]=714&district_id[]=979&district_id[]=718&district_id[]=720&district_id[]=984&district_id[]=723&district_id[]=270,2026-01-25T19:30:35.368783
"Продава 4-СТАЕН, гр. Пловдив, Център",https://bazar.bg/obiava-49953866/prodawa-4-staen-gr-plowdiw-tsentar,49953866,245 500€,"гр. Пловдив, Център",днес,https://bazar.bg/obiavi/prodazhba-apartamenti/plovdiv?asize[]=2&asize[]=3&asize[]=4&asize[]=5&asize[]=6&currency=2&district_id[]=710&district_id[]=714&district_id[]=979&district_id[]=718&district_id[]=720&district_id[]=984&district_id[]=723&district_id[]=270,2026-01-25T19:30:35.368933
"Продава 2-СТАЕН, гр. Пловдив, Отдих и култура",https://bazar.bg/obiava-52612111/prodawa-2-staen-gr-plowdiw-otdih-i-kultura,52612111,109 000€,"гр. Пловдив, Отдих и култура",днес,https://bazar.bg/obiavi/prodazhba-apartamenti/plovdiv?asize[]=2&asize[]=3&asize[]=4&asize[]=5&asize[]=6&currency=2&district_id[]=710&district_id[]=714&district_id[]=979&district_id[]=718&district_id[]=720&district_id[]=984&district_id[]=723&district_id[]=270,2026-01-25T19:30:35.369118
"Продава 3-СТАЕН, гр. Пловдив, Младежки Хълм",https://bazar.bg/obiava-52612105/prodawa-3-staen-gr-plowdiw-mladezhki-halm,52612105,Договаряне,"гр. Пловдив, Младежки Хълм",днес,https://bazar.bg/obiavi/prodazhba-apartamenti/plovdiv?asize[]=2&asize[]=3&asize[]=4&asize[]=5&asize[]=6&currency=2&district_id[]=710&district_id[]=714&district_id[]=979&district_id[]=718&district_id[]=720&district_id[]=984&district_id[]=723&district_id[]=270,2026-01-25T19:30:35.369270
"Продава 2-СТАЕН, гр. Пловдив, Младежки Хълм",https://bazar.bg/obiava-52612096/prodawa-2-staen-gr-plowdiw-mladezhki-halm,52612096,Договаряне,"гр. Пловдив, Младежки Хълм",днес,https://bazar.bg/obiavi/prodazhba-apartamenti/plovdiv?asize[]=2&asize[]=3&asize[]=4&asize[]=5&asize[]=6&currency=2&district_id[]=710&district_id[]=714&district_id[]=979&district_id[]=718&district_id[]=720&district_id[]=984&district_id[]=723&district_id[]=270,2026-01-25T19:30:35.369415
"Продава 4-СТАЕН, гр. Пловдив, Младежки Хълм",https://bazar.bg/obiava-53080267/prodawa-4-staen-gr-plowdiw-mladezhki-halm,53080267,154 686€,"гр. Пловдив, Младежки Хълм",днес,https://bazar.bg/obiavi/prodazhba-apartamenti/plovdiv?asize[]=2&asize[]=3&asize[]=4&asize[]=5&asize[]=6&currency=2&district_id[]=710&district_id[]=714&district_id[]=979&district_id[]=718&district_id[]=720&district_id[]=984&district_id[]=723&district_id[]=270,2026-01-25T19:30:35.369564
"Продава 3-СТАЕН, гр. Пловдив, Младежки Хълм",https://bazar.bg/obiava-53182762/prodawa-3-staen-gr-plowdiw-mladezhki-halm,53182762,143 055€,"гр. Пловдив, Младежки Хълм",днес,https://bazar.bg/obiavi/prodazhba-apartamenti/plovdiv?asize[]=2&asize[]=3&asize[]=4&asize[]=5&asize[]=6&currency=2&district_id[]=710&district_id[]=714&district_id[]=979&district_id[]=718&district_id[]=720&district_id[]=984&district_id[]=723&district_id[]=270,2026-01-25T19:30:35.369713
"Продава 3-СТАЕН, гр. Пловдив, Център",https://bazar.bg/obiava-52999511/prodawa-3-staen-gr-plowdiw-tsentar,52999511,246 790€,"гр. Пловдив, Център",днес,https://bazar.bg/obiavi/prodazhba-apartamenti/plovdiv?asize[]=2&asize[]=3&asize[]=4&asize[]=5&asize[]=6&currency=2&district_id[]=710&district_id[]=714&district_id[]=979&district_id[]=718&district_id[]=720&district_id[]=984&district_id[]=723&district_id[]=270,2026-01-25T19:30:35.369861
"Продава 2-СТАЕН, гр. Пловдив, Център",https://bazar.bg/obiava-53136981/prodawa-2-staen-gr-plowdiw-tsentar,53136981,158 140€,"гр. Пловдив, Център",днес,https://bazar.bg/obiavi/prodazhba-apartamenti/plovdiv?asize[]=2&asize[]=3&asize[]=4&asize[]=5&asize[]=6&currency=2&district_id[]=710&district_id[]=714&district_id[]=979&district_id[]=718&district_id[]=720&district_id[]=984&district_id[]=723&district_id[]=270,2026-01-25T19:30:35.370028
"Продава 4-СТАЕН, гр. Пловдив, Център",https://bazar.bg/obiava-53136982/prodawa-4-staen-gr-plowdiw-tsentar,53136982,506 400€,"гр. Пловдив, Център",днес,https://bazar.bg/obiavi/prodazhba-apartamenti/plovdiv?asize[]=2&asize[]=3&asize[]=4&asize[]=5&asize[]=6&currency=2&district_id[]=710&district_id[]=714&district_id[]=979&district_id[]=718&district_id[]=720&district_id[]=984&district_id[]=723&district_id[]=270,2026-01-25T19:30:35.370177
"Продава 2-СТАЕН, гр. Пловдив, Център",https://bazar.bg/obiava-52442436/prodawa-2-staen-gr-plowdiw-tsentar,52442436,215 000€,"гр. Пловдив, Център",днес,https://bazar.bg/obiavi/prodazhba-apartamenti/plovdiv?asize[]=2&asize[]=3&asize[]=4&asize[]=5&asize[]=6&currency=2&district_id[]=710&district_id[]=714&district_id[]=979&district_id[]=718&district_id[]=720&district_id[]=984&district_id[]=723&district_id[]=270,2026-01-25T19:30:35.370324
"Продава 2-СТАЕН, гр. Пловдив, Център",https://bazar.bg/obiava-53182735/prodawa-2-staen-gr-plowdiw-tsentar,53182735,172 000€,"гр. Пловдив, Център",днес,https://bazar.bg/obiavi/prodazhba-apartamenti/plovdiv?asize[]=2&asize[]=3&asize[]=4&asize[]=5&asize[]=6&currency=2&district_id[]=710&district_id[]=714&district_id[]=979&district_id[]=718&district_id[]=720&district_id[]=984&district_id[]=723&district_id[]=270,2026-01-25T19:30:35.370473
"Продава 3-СТАЕН, гр. Пловдив, Център",https://bazar.bg/obiava-53195250/prodawa-3-staen-gr-plowdiw-tsentar,53195250,302 000€,"гр. Пловдив, Център",днес,https://bazar.bg/obiavi/prodazhba-apartamenti/plovdiv?asize[]=2&asize[]=3&asize[]=4&asize[]=5&asize[]=6&currency=2&district_id[]=710&district_id[]=714&district_id[]=979&district_id[]=718&district_id[]=720&district_id[]=984&district_id[]=723&district_id[]=270,2026-01-25T19:30:35.370626
"Продава 3-СТАЕН, гр. Пловдив, Център",https://bazar.bg/obiava-49950069/prodawa-3-staen-gr-plowdiw-tsentar,49950069,182 610€,"гр. Пловдив, Център",днес,https://bazar.bg/obiavi/prodazhba-apartamenti/plovdiv?asize[]=2&asize[]=3&asize[]=4&asize[]=5&asize[]=6&currency=2&district_id[]=710&district_id[]=714&district_id[]=979&district_id[]=718&district_id[]=720&district_id[]=984&district_id[]=723&district_id[]=270,2026-01-25T19:30:35.370777
"Продава 2-СТАЕН, гр. Пловдив, Център",https://bazar.bg/obiava-52035574/prodawa-2-staen-gr-plowdiw-tsentar,52035574,150 000€,"гр. Пловдив, Център",днес,https://bazar.bg/obiavi/prodazhba-apartamenti/plovdiv?asize[]=2&asize[]=3&asize[]=4&asize[]=5&asize[]=6&currency=2&district_id[]=710&district_id[]=714&district_id[]=979&district_id[]=718&district_id[]=720&district_id[]=984&district_id[]=723&district_id[]=270,2026-01-25T19:30:35.370923
"Продава 3-СТАЕН, гр. Пловдив, Мараша",https://bazar.bg/obiava-52048535/prodawa-3-staen-gr-plowdiw-marasha,52048535,339 000€,"гр. Пловдив, Мараша",днес,https://bazar.bg/obiavi/prodazhba-apartamenti/plovdiv?asize[]=2&asize[]=3&asize[]=4&asize[]=5&asize[]=6&currency=2&district_id[]=710&district_id[]=714&district_id[]=979&district_id[]=718&district_id[]=720&district_id[]=984&district_id[]=723&district_id[]=270,2026-01-25T19:30:35.371088
"Продава 3-СТАЕН, гр. Пловдив, Мараша",https://bazar.bg/obiava-52437190/prodawa-3-staen-gr-plowdiw-marasha,52437190,265 000€,"гр. Пловдив, Мараша",днес,https://bazar.bg/obiavi/prodazhba-apartamenti/plovdiv?asize[]=2&asize[]=3&asize[]=4&asize[]=5&asize[]=6&currency=2&district_id[]=710&district_id[]=714&district_id[]=979&district_id[]=718&district_id[]=720&district_id[]=984&district_id[]=723&district_id[]=270,2026-01-25T19:30:35.371238
"Продава 3-СТАЕН, гр. Пловдив, Мараша",https://bazar.bg/obiava-53170466/prodawa-3-staen-gr-plowdiw-marasha,53170466,180 000€,"гр. Пловдив, Мараша",днес,https://bazar.bg/obiavi/prodazhba-apartamenti/plovdiv?asize[]=2&asize[]=3&asize[]=4&asize[]=5&asize[]=6&currency=2&district_id[]=710&district_id[]=714&district_id[]=979&district_id[]=718&district_id[]=720&district_id[]=984&district_id[]=723&district_id[]=270,2026-01-25T19:30:35.371388
"Продава 2-СТАЕН, гр. Пловдив, Младежки Хълм",https://bazar.bg/obiava-53158358/prodawa-2-staen-gr-plowdiw-mladezhki-halm,53158358,159 000€,"гр. Пловдив, Младежки Хълм",днес,https://bazar.bg/obiavi/prodazhba-apartamenti/plovdiv?asize[]=2&asize[]=3&asize[]=4&asize[]=5&asize[]=6&currency=2&district_id[]=710&district_id[]=714&district_id[]=979&district_id[]=718&district_id[]=720&district_id[]=984&district_id[]=723&district_id[]=270,2026-01-25T19:30:35.371536
"Продава МНОГОСТАЕН, гр. Пловдив, Център",https://bazar.bg/obiava-53170451/prodawa-mnogostaen-gr-plowdiw-tsentar,53170451,236 500€,"гр. Пловдив, Център",днес,https://bazar.bg/obiavi/prodazhba-apartamenti/plovdiv?asize[]=2&asize[]=3&asize[]=4&asize[]=5&asize[]=6&currency=2&district_id[]=710&district_id[]=714&district_id[]=979&district_id[]=718&district_id[]=720&district_id[]=984&district_id[]=723&district_id[]=270,2026-01-25T19:30:35.371688
"Продава 3-СТАЕН, гр. Пловдив, Център",https://bazar.bg/obiava-49949074/prodawa-3-staen-gr-plowdiw-tsentar,49949074,255 000€,"гр. Пловдив, Център",днес,https://bazar.bg/obiavi/prodazhba-apartamenti/plovdiv?asize[]=2&asize[]=3&asize[]=4&asize[]=5&asize[]=6&currency=2&district_id[]=710&district_id[]=714&district_id[]=979&district_id[]=718&district_id[]=720&district_id[]=984&district_id[]=723&district_id[]=270,2026-01-25T19:30:35.371836
"Продава 3-СТАЕН, гр. Пловдив, Център",https://bazar.bg/obiava-50218087/prodawa-3-staen-gr-plowdiw-tsentar,50218087,95 000€,"гр. Пловдив, Център",днес,https://bazar.bg/obiavi/prodazhba-apartamenti/plovdiv?asize[]=2&asize[]=3&asize[]=4&asize[]=5&asize[]=6&currency=2&district_id[]=710&district_id[]=714&district_id[]=979&district_id[]=718&district_id[]=720&district_id[]=984&district_id[]=723&district_id[]=270,2026-01-25T19:30:35.372011
"Продава 3-СТАЕН, гр. Пловдив, Каменица 1",https://bazar.bg/obiava-51640714/prodawa-3-staen-gr-plowdiw-kamenitsa-1,51640714,250 000€,"гр. Пловдив, Каменица 1",днес,https://bazar.bg/obiavi/prodazhba-apartamenti/plovdiv?asize[]=2&asize[]=3&asize[]=4&asize[]=5&asize[]=6&currency=2&district_id[]=710&district_id[]=714&district_id[]=979&district_id[]=718&district_id[]=720&district_id[]=984&district_id[]=723&district_id[]=270,2026-01-25T19:30:35.372165
"Продава МНОГОСТАЕН, гр. Пловдив, Младежки Хълм",https://bazar.bg/obiava-49906114/prodawa-mnogostaen-gr-plowdiw-mladezhki-halm,49906114,174 900€,"гр. Пловдив, Младежки Хълм",днес,https://bazar.bg/obiavi/prodazhba-apartamenti/plovdiv?asize[]=2&asize[]=3&asize[]=4&asize[]=5&asize[]=6&currency=2&district_id[]=710&district_id[]=714&district_id[]=979&district_id[]=718&district_id[]=720&district_id[]=984&district_id[]=723&district_id[]=270,2026-01-25T19:30:35.372314
"Продава 3-СТАЕН, гр. Пловдив, Център",https://bazar.bg/obiava-49947741/prodawa-3-staen-gr-plowdiw-tsentar,49947741,183 990€,"гр. Пловдив, Център",днес,https://bazar.bg/obiavi/prodazhba-apartamenti/plovdiv?asize[]=2&asize[]=3&asize[]=4&asize[]=5&asize[]=6&currency=2&district_id[]=710&district_id[]=714&district_id[]=979&district_id[]=718&district_id[]=720&district_id[]=984&district_id[]=723&district_id[]=270,2026-01-25T19:30:35.372463
"Продава 3-СТАЕН, гр. Пловдив, Център",https://bazar.bg/obiava-49947589/prodawa-3-staen-gr-plowdiw-tsentar,49947589,195 700€,"гр. Пловдив, Център",днес,https://bazar.bg/obiavi/prodazhba-apartamenti/plovdiv?asize[]=2&asize[]=3&asize[]=4&asize[]=5&asize[]=6&currency=2&district_id[]=710&district_id[]=714&district_id[]=979&district_id[]=718&district_id[]=720&district_id[]=984&district_id[]=723&district_id[]=270,2026-01-25T19:30:35.372615
"Продава 3-СТАЕН, гр. Пловдив, Център",https://bazar.bg/obiava-49947648/prodawa-3-staen-gr-plowdiw-tsentar,49947648,299 990€,"гр. Пловдив, Център",днес,https://bazar.bg/obiavi/prodazhba-apartamenti/plovdiv?asize[]=2&asize[]=3&asize[]=4&asize[]=5&asize[]=6&currency=2&district_id[]=710&district_id[]=714&district_id[]=979&district_id[]=718&district_id[]=720&district_id[]=984&district_id[]=723&district_id[]=270,2026-01-25T19:30:35.372762
"Продава 3-СТАЕН, гр. Пловдив, Център",https://bazar.bg/obiava-49948011/prodawa-3-staen-gr-plowdiw-tsentar,49948011,350 000€,"гр. Пловдив, Център",днес,https://bazar.bg/obiavi/prodazhba-apartamenti/plovdiv?asize[]=2&asize[]=3&asize[]=4&asize[]=5&asize[]=6&currency=2&district_id[]=710&district_id[]=714&district_id[]=979&district_id[]=718&district_id[]=720&district_id[]=984&district_id[]=723&district_id[]=270,2026-01-25T19:30:35.372912
"Продава 2-СТАЕН, гр. Пловдив, Център",https://bazar.bg/obiava-49948446/prodawa-2-staen-gr-plowdiw-tsentar,49948446,178 000€,"гр. Пловдив, Център",днес,https://bazar.bg/obiavi/prodazhba-apartamenti/plovdiv?asize[]=2&asize[]=3&asize[]=4&asize[]=5&asize[]=6&currency=2&district_id[]=710&district_id[]=714&district_id[]=979&district_id[]=718&district_id[]=720&district_id[]=984&district_id[]=723&district_id[]=270,2026-01-25T19:30:35.373096
"Продава 2-СТАЕН, гр. Пловдив, Мараша",https://bazar.bg/obiava-51599325/prodawa-2-staen-gr-plowdiw-marasha,51599325,135 400€,"гр. Пловдив, Мараша",днес,https://bazar.bg/obiavi/prodazhba-apartamenti/plovdiv?asize[]=2&asize[]=3&asize[]=4&asize[]=5&asize[]=6&currency=2&district_id[]=710&district_id[]=714&district_id[]=979&district_id[]=718&district_id[]=720&district_id[]=984&district_id[]=723&district_id[]=270,2026-01-25T19:30:35.373254
"Продава 3-СТАЕН, гр. Пловдив, Младежки Хълм",https://bazar.bg/obiava-49948919/prodawa-3-staen-gr-plowdiw-mladezhki-halm,49948919,135 210€,"гр. Пловдив, Младежки Хълм",днес,https://bazar.bg/obiavi/prodazhba-apartamenti/plovdiv?asize[]=2&asize[]=3&asize[]=4&asize[]=5&asize[]=6&currency=2&district_id[]=710&district_id[]=714&district_id[]=979&district_id[]=718&district_id[]=720&district_id[]=984&district_id[]=723&district_id[]=270,2026-01-25T19:30:35.373402
"Продава 2-СТАЕН, гр. Пловдив, Младежки Хълм",https://bazar.bg/obiava-49950259/prodawa-2-staen-gr-plowdiw-mladezhki-halm,49950259,130 313€,"гр. Пловдив, Младежки Хълм",днес,https://bazar.bg/obiavi/prodazhba-apartamenti/plovdiv?asize[]=2&asize[]=3&asize[]=4&asize[]=5&asize[]=6&currency=2&district_id[]=710&district_id[]=714&district_id[]=979&district_id[]=718&district_id[]=720&district_id[]=984&district_id[]=723&district_id[]=270,2026-01-25T19:30:35.373549
"Продава 4-СТАЕН, гр. Пловдив, Център",https://bazar.bg/obiava-52543418/prodawa-4-staen-gr-plowdiw-tsentar,52543418,307 970€,"гр. Пловдив, Център",днес,https://bazar.bg/obiavi/prodazhba-apartamenti/plovdiv?asize[]=2&asize[]=3&asize[]=4&asize[]=5&asize[]=6&currency=2&district_id[]=710&district_id[]=714&district_id[]=979&district_id[]=718&district_id[]=720&district_id[]=984&district_id[]=723&district_id[]=270,2026-01-25T19:30:35.373702
"Продава 2-СТАЕН, гр. Пловдив, Център",https://bazar.bg/obiava-52460908/prodawa-2-staen-gr-plowdiw-tsentar,52460908,172 000€,"гр. Пловдив, Център",днес,https://bazar.bg/obiavi/prodazhba-apartamenti/plovdiv?asize[]=2&asize[]=3&asize[]=4&asize[]=5&asize[]=6&currency=2&district_id[]=710&district_id[]=714&district_id[]=979&district_id[]=718&district_id[]=720&district_id[]=984&district_id[]=723&district_id[]=270,2026-01-25T19:30:35.373850
"Продава 4-СТАЕН, гр. Пловдив, Център",https://bazar.bg/obiava-52137652/prodawa-4-staen-gr-plowdiw-tsentar,52137652,255 000€,"гр. Пловдив, Център",днес,https://bazar.bg/obiavi/prodazhba-apartamenti/plovdiv?asize[]=2&asize[]=3&asize[]=4&asize[]=5&asize[]=6&currency=2&district_id[]=710&district_id[]=714&district_id[]=979&district_id[]=718&district_id[]=720&district_id[]=984&district_id[]=723&district_id[]=270,2026-01-25T19:30:35.374027
"Продава 2-СТАЕН, гр. Пловдив, Център",https://bazar.bg/obiava-53091681/prodawa-2-staen-gr-plowdiw-tsentar,53091681,159 000€,"гр. Пловдив, Център",днес,https://bazar.bg/obiavi/prodazhba-apartamenti/plovdiv?asize[]=2&asize[]=3&asize[]=4&asize[]=5&asize[]=6&currency=2&district_id[]=710&district_id[]=714&district_id[]=979&district_id[]=718&district_id[]=720&district_id[]=984&district_id[]=723&district_id[]=270,2026-01-25T19:30:35.374184
"Продава 4-СТАЕН, гр. Пловдив, Център",https://bazar.bg/obiava-51841420/prodawa-4-staen-gr-plowdiw-tsentar,51841420,Договаряне,"гр. Пловдив, Център",днес,https://bazar.bg/obiavi/prodazhba-apartamenti/plovdiv?asize[]=2&asize[]=3&asize[]=4&asize[]=5&asize[]=6&currency=2&district_id[]=710&district_id[]=714&district_id[]=979&district_id[]=718&district_id[]=720&district_id[]=984&district_id[]=723&district_id[]=270,2026-01-25T19:30:35.374331
"Продава 3-СТАЕН, гр. Пловдив, Център",https://bazar.bg/obiava-53182784/prodawa-3-staen-gr-plowdiw-tsentar,53182784,289 000€,"гр. Пловдив, Център",днес,https://bazar.bg/obiavi/prodazhba-apartamenti/plovdiv?asize[]=2&asize[]=3&asize[]=4&asize[]=5&asize[]=6&currency=2&district_id[]=710&district_id[]=714&district_id[]=979&district_id[]=718&district_id[]=720&district_id[]=984&district_id[]=723&district_id[]=270,2026-01-25T19:30:35.374478
"Продава МНОГОСТАЕН, гр. Пловдив, Център",https://bazar.bg/obiava-52112596/prodawa-mnogostaen-gr-plowdiw-tsentar,52112596,319 000€,"гр. Пловдив, Център",днес,https://bazar.bg/obiavi/prodazhba-apartamenti/plovdiv?asize[]=2&asize[]=3&asize[]=4&asize[]=5&asize[]=6&currency=2&district_id[]=710&district_id[]=714&district_id[]=979&district_id[]=718&district_id[]=720&district_id[]=984&district_id[]=723&district_id[]=270,2026-01-25T19:30:35.374625
"Продава 3-СТАЕН, гр. Пловдив, Център",https://bazar.bg/obiava-51173766/prodawa-3-staen-gr-plowdiw-tsentar,51173766,259 500€,"гр. Пловдив, Център",днес,https://bazar.bg/obiavi/prodazhba-apartamenti/plovdiv?asize[]=2&asize[]=3&asize[]=4&asize[]=5&asize[]=6&currency=2&district_id[]=710&district_id[]=714&district_id[]=979&district_id[]=718&district_id[]=720&district_id[]=984&district_id[]=723&district_id[]=270,2026-01-25T19:30:35.374793
"Продава 3-СТАЕН, гр. Пловдив, Каменица 1",https://bazar.bg/obiava-52600875/prodawa-3-staen-gr-plowdiw-kamenitsa-1,52600875,147 000€,"гр. Пловдив, Каменица 1",днес,https://bazar.bg/obiavi/prodazhba-apartamenti/plovdiv?asize[]=2&asize[]=3&asize[]=4&asize[]=5&asize[]=6&currency=2&district_id[]=710&district_id[]=714&district_id[]=979&district_id[]=718&district_id[]=720&district_id[]=984&district_id[]=723&district_id[]=270,2026-01-25T19:30:35.374954
"Продава 2-СТАЕН, гр. Пловдив, Център",https://bazar.bg/obiava-52600882/prodawa-2-staen-gr-plowdiw-tsentar,52600882,82 810€,"гр. Пловдив, Център",днес,https://bazar.bg/obiavi/prodazhba-apartamenti/plovdiv?asize[]=2&asize[]=3&asize[]=4&asize[]=5&asize[]=6&currency=2&district_id[]=710&district_id[]=714&district_id[]=979&district_id[]=718&district_id[]=720&district_id[]=984&district_id[]=723&district_id[]=270,2026-01-25T19:30:35.375108
"Продава 2-СТАЕН, гр. Пловдив, Център",https://bazar.bg/obiava-52601285/prodawa-2-staen-gr-plowdiw-tsentar,52601285,82 810€,"гр. Пловдив, Център",днес,https://bazar.bg/obiavi/prodazhba-apartamenti/plovdiv?asize[]=2&asize[]=3&asize[]=4&asize[]=5&asize[]=6&currency=2&district_id[]=710&district_id[]=714&district_id[]=979&district_id[]=718&district_id[]=720&district_id[]=984&district_id[]=723&district_id[]=270,2026-01-25T19:30:35.375252
"Продава 3-СТАЕН, гр. Пловдив, Център",https://bazar.bg/obiava-51529075/prodawa-3-staen-gr-plowdiw-tsentar,51529075,190 000€,"гр. Пловдив, Център",днес,https://bazar.bg/obiavi/prodazhba-apartamenti/plovdiv?asize[]=2&asize[]=3&asize[]=4&asize[]=5&asize[]=6&currency=2&district_id[]=710&district_id[]=714&district_id[]=979&district_id[]=718&district_id[]=720&district_id[]=984&district_id[]=723&district_id[]=270,2026-01-25T19:30:35.375405
"Продава 2-СТАЕН, гр. Пловдив, Център",https://bazar.bg/obiava-33201755/prodawa-2-staen-gr-plowdiw-tsentar,33201755,250 000€,"гр. Пловдив, Център",днес,https://bazar.bg/obiavi/prodazhba-apartamenti/plovdiv?asize[]=2&asize[]=3&asize[]=4&asize[]=5&asize[]=6&currency=2&district_id[]=710&district_id[]=714&district_id[]=979&district_id[]=718&district_id[]=720&district_id[]=984&district_id[]=723&district_id[]=270,2026-01-25T19:30:35.375549
"Продава МНОГОСТАЕН, гр. Пловдив, Център",https://bazar.bg/obiava-53059248/prodawa-mnogostaen-gr-plowdiw-tsentar,53059248,295 000€,"гр. Пловдив, Център",днес,https://bazar.bg/obiavi/prodazhba-apartamenti/plovdiv?asize[]=2&asize[]=3&asize[]=4&asize[]=5&asize[]=6&currency=2&district_id[]=710&district_id[]=714&district_id[]=979&district_id[]=718&district_id[]=720&district_id[]=984&district_id[]=723&district_id[]=270,2026-01-25T19:30:35.375695
"Продава 2-СТАЕН, гр. Пловдив, Център",https://bazar.bg/obiava-50879595/prodawa-2-staen-gr-plowdiw-tsentar,50879595,230 000€,"гр. Пловдив, Център",днес,https://bazar.bg/obiavi/prodazhba-apartamenti/plovdiv?asize[]=2&asize[]=3&asize[]=4&asize[]=5&asize[]=6&currency=2&district_id[]=710&district_id[]=714&district_id[]=979&district_id[]=718&district_id[]=720&district_id[]=984&district_id[]=723&district_id[]=270,2026-01-25T19:30:35.375845
"Продава 3-СТАЕН, гр. Пловдив, Център",https://bazar.bg/obiava-51690446/prodawa-3-staen-gr-plowdiw-tsentar,51690446,296 100€,"гр. Пловдив, Център",днес,https://bazar.bg/obiavi/prodazhba-apartamenti/plovdiv?asize[]=2&asize[]=3&asize[]=4&asize[]=5&asize[]=6&currency=2&district_id[]=710&district_id[]=714&district_id[]=979&district_id[]=718&district_id[]=720&district_id[]=984&district_id[]=723&district_id[]=270,2026-01-25T19:30:35.376008
"Продава 2-СТАЕН, гр. Пловдив, Център",https://bazar.bg/obiava-51689947/prodawa-2-staen-gr-plowdiw-tsentar,51689947,155 400€,"гр. Пловдив, Център",днес,https://bazar.bg/obiavi/prodazhba-apartamenti/plovdiv?asize[]=2&asize[]=3&asize[]=4&asize[]=5&asize[]=6&currency=2&district_id[]=710&district_id[]=714&district_id[]=979&district_id[]=718&district_id[]=720&district_id[]=984&district_id[]=723&district_id[]=270,2026-01-25T19:30:35.376155
"Продава 3-СТАЕН, гр. Пловдив, Център",https://bazar.bg/obiava-49951912/prodawa-3-staen-gr-plowdiw-tsentar,49951912,193 100€,"гр. Пловдив, Център",днес,https://bazar.bg/obiavi/prodazhba-apartamenti/plovdiv?asize[]=2&asize[]=3&asize[]=4&asize[]=5&asize[]=6&currency=2&district_id[]=710&district_id[]=714&district_id[]=979&district_id[]=718&district_id[]=720&district_id[]=984&district_id[]=723&district_id[]=270,2026-01-25T19:30:35.376303
"Продава МНОГОСТАЕН, гр. Пловдив, Център",https://bazar.bg/obiava-49952538/prodawa-mnogostaen-gr-plowdiw-tsentar,49952538,300 000€,"гр. Пловдив, Център",днес,https://bazar.bg/obiavi/prodazhba-apartamenti/plovdiv?asize[]=2&asize[]=3&asize[]=4&asize[]=5&asize[]=6&currency=2&district_id[]=710&district_id[]=714&district_id[]=979&district_id[]=718&district_id[]=720&district_id[]=984&district_id[]=723&district_id[]=270,2026-01-25T19:30:35.376450
"Продава 2-СТАЕН, гр. Пловдив, Център",https://bazar.bg/obiava-49953398/prodawa-2-staen-gr-plowdiw-tsentar,49953398,87 400€,"гр. Пловдив, Център",днес,https://bazar.bg/obiavi/prodazhba-apartamenti/plovdiv?asize[]=2&asize[]=3&asize[]=4&asize[]=5&asize[]=6&currency=2&district_id[]=710&district_id[]=714&district_id[]=979&district_id[]=718&district_id[]=720&district_id[]=984&district_id[]=723&district_id[]=270,2026-01-25T19:30:35.376595
"Продава 3-СТАЕН, гр. Пловдив, Център",https://bazar.bg/obiava-49955232/prodawa-3-staen-gr-plowdiw-tsentar,49955232,140 200€,"гр. Пловдив, Център",днес,https://bazar.bg/obiavi/prodazhba-apartamenti/plovdiv?asize[]=2&asize[]=3&asize[]=4&asize[]=5&asize[]=6&currency=2&district_id[]=710&district_id[]=714&district_id[]=979&district_id[]=718&district_id[]=720&district_id[]=984&district_id[]=723&district_id[]=270,2026-01-25T19:30:35.376740
"Продава 3-СТАЕН, гр. Пловдив, Център",https://bazar.bg/obiava-49955112/prodawa-3-staen-gr-plowdiw-tsentar,49955112,234 550€,"гр. Пловдив, Център",днес,https://bazar.bg/obiavi/prodazhba-apartamenti/plovdiv?asize[]=2&asize[]=3&asize[]=4&asize[]=5&asize[]=6&currency=2&district_id[]=710&district_id[]=714&district_id[]=979&district_id[]=718&district_id[]=720&district_id[]=984&district_id[]=723&district_id[]=270,2026-01-25T19:30:35.376884
"Продава 3-СТАЕН, гр. Пловдив, Център",https://bazar.bg/obiava-49955022/prodawa-3-staen-gr-plowdiw-tsentar,49955022,256 900€,"гр. Пловдив, Център",днес,https://bazar.bg/obiavi/prodazhba-apartamenti/plovdiv?asize[]=2&asize[]=3&asize[]=4&asize[]=5&asize[]=6&currency=2&district_id[]=710&district_id[]=714&district_id[]=979&district_id[]=718&district_id[]=720&district_id[]=984&district_id[]=723&district_id[]=270,2026-01-25T19:30:35.377044
"Продава 3-СТАЕН, гр. Пловдив, Център",https://bazar.bg/obiava-49953648/prodawa-3-staen-gr-plowdiw-tsentar,49953648,150 400€,"гр. Пловдив, Център",днес,https://bazar.bg/obiavi/prodazhba-apartamenti/plovdiv?asize[]=2&asize[]=3&asize[]=4&asize[]=5&asize[]=6&currency=2&district_id[]=710&district_id[]=714&district_id[]=979&district_id[]=718&district_id[]=720&district_id[]=984&district_id[]=723&district_id[]=270,2026-01-25T19:30:35.377189
"Продава 3-СТАЕН, гр. Пловдив, Център",https://bazar.bg/obiava-49955422/prodawa-3-staen-gr-plowdiw-tsentar,49955422,175 200€,"гр. Пловдив, Център",днес,https://bazar.bg/obiavi/prodazhba-apartamenti/plovdiv?asize[]=2&asize[]=3&asize[]=4&asize[]=5&asize[]=6&currency=2&district_id[]=710&district_id[]=714&district_id[]=979&district_id[]=718&district_id[]=720&district_id[]=984&district_id[]=723&district_id[]=270,2026-01-25T19:30:35.377332
"Продава 3-СТАЕН, гр. Пловдив, Център",https://bazar.bg/obiava-49956269/prodawa-3-staen-gr-plowdiw-tsentar,49956269,175 700€,"гр. Пловдив, Център",днес,https://bazar.bg/obiavi/prodazhba-apartamenti/plovdiv?asize[]=2&asize[]=3&asize[]=4&asize[]=5&asize[]=6&currency=2&district_id[]=710&district_id[]=714&district_id[]=979&district_id[]=718&district_id[]=720&district_id[]=984&district_id[]=723&district_id[]=270,2026-01-25T19:30:35.377477
"Продава МНОГОСТАЕН, гр. Пловдив, Център",https://bazar.bg/obiava-51740869/prodawa-mnogostaen-gr-plowdiw-tsentar,51740869,565 000€,"гр. Пловдив, Център",днес,https://bazar.bg/obiavi/prodazhba-apartamenti/plovdiv?asize[]=2&asize[]=3&asize[]=4&asize[]=5&asize[]=6&currency=2&district_id[]=710&district_id[]=714&district_id[]=979&district_id[]=718&district_id[]=720&district_id[]=984&district_id[]=723&district_id[]=270,2026-01-25T19:30:35.377621
"Продава МНОГОСТАЕН, гр. Пловдив, Каменица 1",https://bazar.bg/obiava-52014595/prodawa-mnogostaen-gr-plowdiw-kamenitsa-1,52014595,185 000€,"гр. Пловдив, Каменица 1",днес,https://bazar.bg/obiavi/prodazhba-apartamenti/plovdiv?asize[]=2&asize[]=3&asize[]=4&asize[]=5&asize[]=6&currency=2&district_id[]=710&district_id[]=714&district_id[]=979&district_id[]=718&district_id[]=720&district_id[]=984&district_id[]=723&district_id[]=270,2026-01-25T19:30:35.377765
"Продава МНОГОСТАЕН, гр. Пловдив, Каменица 1",https://bazar.bg/obiava-52999386/prodawa-mnogostaen-gr-plowdiw-kamenitsa-1,52999386,169 998€,"гр. Пловдив, Каменица 1",днес,https://bazar.bg/obiavi/prodazhba-apartamenti/plovdiv?asize[]=2&asize[]=3&asize[]=4&asize[]=5&asize[]=6&currency=2&district_id[]=710&district_id[]=714&district_id[]=979&district_id[]=718&district_id[]=720&district_id[]=984&district_id[]=723&district_id[]=270,2026-01-25T19:30:35.377908
"Продава 4-СТАЕН, гр. Пловдив, Център",https://bazar.bg/obiava-51375162/prodawa-4-staen-gr-plowdiw-tsentar,51375162,194 000€,"гр. Пловдив, Център",днес,https://bazar.bg/obiavi/prodazhba-apartamenti/plovdiv?asize[]=2&asize[]=3&asize[]=4&asize[]=5&asize[]=6&currency=2&district_id[]=710&district_id[]=714&district_id[]=979&district_id[]=718&district_id[]=720&district_id[]=984&district_id[]=723&district_id[]=270,2026-01-25T19:30:35.378068
"Продава 3-СТАЕН, гр. Пловдив, Мараша",https://bazar.bg/obiava-51958779/prodawa-3-staen-gr-plowdiw-marasha,51958779,359 000€,"гр. Пловдив, Мараша",днес,https://bazar.bg/obiavi/prodazhba-apartamenti/plovdiv?asize[]=2&asize[]=3&asize[]=4&asize[]=5&asize[]=6&currency=2&district_id[]=710&district_id[]=714&district_id[]=979&district_id[]=718&district_id[]=720&district_id[]=984&district_id[]=723&district_id[]=270,2026-01-25T19:30:35.378213
"Продава МНОГОСТАЕН, гр. Пловдив, Младежки Хълм",https://bazar.bg/obiava-50951606/prodawa-mnogostaen-gr-plowdiw-mladezhki-halm,50951606,194 000€,"гр. Пловдив, Младежки Хълм",днес,https://bazar.bg/obiavi/prodazhba-apartamenti/plovdiv?asize[]=2&asize[]=3&asize[]=4&asize[]=5&asize[]=6&currency=2&district_id[]=710&district_id[]=714&district_id[]=979&district_id[]=718&district_id[]=720&district_id[]=984&district_id[]=723&district_id[]=270,2026-01-25T19:30:35.378356
"Продава 3-СТАЕН, гр. Пловдив, Западен",https://bazar.bg/obiava-53150084/prodawa-3-staen-gr-plowdiw-zapaden,53150084,134 549€,"гр. Пловдив, Западен",днес,https://bazar.bg/obiavi/prodazhba-apartamenti/plovdiv?asize[]=2&asize[]=3&asize[]=4&asize[]=5&asize[]=6&currency=2&district_id[]=710&district_id[]=714&district_id[]=979&district_id[]=718&district_id[]=720&district_id[]=984&district_id[]=723&district_id[]=270,2026-01-25T19:30:37.758808
"Продава МНОГОСТАЕН, гр. Пловдив, Център",https://bazar.bg/obiava-52715977/prodawa-mnogostaen-gr-plowdiw-tsentar,52715977,244 000€,"гр. Пловдив, Център",днес,https://bazar.bg/obiavi/prodazhba-apartamenti/plovdiv?asize[]=2&asize[]=3&asize[]=4&asize[]=5&asize[]=6&currency=2&district_id[]=710&district_id[]=714&district_id[]=979&district_id[]=718&district_id[]=720&district_id[]=984&district_id[]=723&district_id[]=270,2026-01-25T19:30:37.758991
"Продава 3-СТАЕН, гр. Пловдив, Център",https://bazar.bg/obiava-49949649/prodawa-3-staen-gr-plowdiw-tsentar,49949649,Договаряне,"гр. Пловдив, Център",днес,https://bazar.bg/obiavi/prodazhba-apartamenti/plovdiv?asize[]=2&asize[]=3&asize[]=4&asize[]=5&asize[]=6&currency=2&district_id[]=710&district_id[]=714&district_id[]=979&district_id[]=718&district_id[]=720&district_id[]=984&district_id[]=723&district_id[]=270,2026-01-25T19:30:37.759144
"Продава 2-СТАЕН, гр. Пловдив, Младежки Хълм",https://bazar.bg/obiava-50302496/prodawa-2-staen-gr-plowdiw-mladezhki-halm,50302496,"142 120,83€","гр. Пловдив, Младежки Хълм",днес,https://bazar.bg/obiavi/prodazhba-apartamenti/plovdiv?asize[]=2&asize[]=3&asize[]=4&asize[]=5&asize[]=6&currency=2&district_id[]=710&district_id[]=714&district_id[]=979&district_id[]=718&district_id[]=720&district_id[]=984&district_id[]=723&district_id[]=270,2026-01-25T19:30:37.759289
"Продава 4-СТАЕН, гр. Пловдив, Младежки Хълм",https://bazar.bg/obiava-49948710/prodawa-4-staen-gr-plowdiw-mladezhki-halm,49948710,268 245€,"гр. Пловдив, Младежки Хълм",днес,https://bazar.bg/obiavi/prodazhba-apartamenti/plovdiv?asize[]=2&asize[]=3&asize[]=4&asize[]=5&asize[]=6&currency=2&district_id[]=710&district_id[]=714&district_id[]=979&district_id[]=718&district_id[]=720&district_id[]=984&district_id[]=723&district_id[]=270,2026-01-25T19:30:37.759436
"Продава 2-СТАЕН, гр. Пловдив, Отдих и култура",https://bazar.bg/obiava-51876774/prodawa-2-staen-gr-plowdiw-otdih-i-kultura,51876774,134 500€,"гр. Пловдив, Отдих и култура",днес,https://bazar.bg/obiavi/prodazhba-apartamenti/plovdiv?asize[]=2&asize[]=3&asize[]=4&asize[]=5&asize[]=6&currency=2&district_id[]=710&district_id[]=714&district_id[]=979&district_id[]=718&district_id[]=720&district_id[]=984&district_id[]=723&district_id[]=270,2026-01-25T19:30:37.759582
"Продава 3-СТАЕН, гр. Пловдив, Отдих и култура",https://bazar.bg/obiava-52715609/prodawa-3-staen-gr-plowdiw-otdih-i-kultura,52715609,150 000€,"гр. Пловдив, Отдих и култура",днес,https://bazar.bg/obiavi/prodazhba-apartamenti/plovdiv?asize[]=2&asize[]=3&asize[]=4&asize[]=5&asize[]=6&currency=2&district_id[]=710&district_id[]=714&district_id[]=979&district_id[]=718&district_id[]=720&district_id[]=984&district_id[]=723&district_id[]=270,2026-01-25T19:30:37.759727
"Продава 3-СТАЕН, гр. Пловдив, Отдих и култура",https://bazar.bg/obiava-52715603/prodawa-3-staen-gr-plowdiw-otdih-i-kultura,52715603,142 000€,"гр. Пловдив, Отдих и култура",днес,https://bazar.bg/obiavi/prodazhba-apartamenti/plovdiv?asize[]=2&asize[]=3&asize[]=4&asize[]=5&asize[]=6&currency=2&district_id[]=710&district_id[]=714&district_id[]=979&district_id[]=718&district_id[]=720&district_id[]=984&district_id[]=723&district_id[]=270,2026-01-25T19:30:37.759872
"Продава МНОГОСТАЕН, гр. Пловдив, Западен",https://bazar.bg/obiava-51304196/prodawa-mnogostaen-gr-plowdiw-zapaden,51304196,354 464€,"гр. Пловдив, Западен",днес,https://bazar.bg/obiavi/prodazhba-apartamenti/plovdiv?asize[]=2&asize[]=3&asize[]=4&asize[]=5&asize[]=6&currency=2&district_id[]=710&district_id[]=714&district_id[]=979&district_id[]=718&district_id[]=720&district_id[]=984&district_id[]=723&district_id[]=270,2026-01-25T19:30:37.760033
"Продава 3-СТАЕН, гр. Пловдив, Западен",https://bazar.bg/obiava-52715593/prodawa-3-staen-gr-plowdiw-zapaden,52715593,230 156€,"гр. Пловдив, Западен",днес,https://bazar.bg/obiavi/prodazhba-apartamenti/plovdiv?asize[]=2&asize[]=3&asize[]=4&asize[]=5&asize[]=6&currency=2&district_id[]=710&district_id[]=714&district_id[]=979&district_id[]=718&district_id[]=720&district_id[]=984&district_id[]=723&district_id[]=270,2026-01-25T19:30:37.760179
"Продава 2-СТАЕН, гр. Пловдив, Център",https://bazar.bg/obiava-49947428/prodawa-2-staen-gr-plowdiw-tsentar,49947428,165 000€,"гр. Пловдив, Център",днес,https://bazar.bg/obiavi/prodazhba-apartamenti/plovdiv?asize[]=2&asize[]=3&asize[]=4&asize[]=5&asize[]=6&currency=2&district_id[]=710&district_id[]=714&district_id[]=979&district_id[]=718&district_id[]=720&district_id[]=984&district_id[]=723&district_id[]=270,2026-01-25T19:30:37.760326
"Продава 3-СТАЕН, гр. Пловдив, Център",https://bazar.bg/obiava-49947813/prodawa-3-staen-gr-plowdiw-tsentar,49947813,148 000€,"гр. Пловдив, Център",днес,https://bazar.bg/obiavi/prodazhba-apartamenti/plovdiv?asize[]=2&asize[]=3&asize[]=4&asize[]=5&asize[]=6&currency=2&district_id[]=710&district_id[]=714&district_id[]=979&district_id[]=718&district_id[]=720&district_id[]=984&district_id[]=723&district_id[]=270,2026-01-25T19:30:37.760471
"Продава 3-СТАЕН, гр. Пловдив, Мараша",https://bazar.bg/obiava-53116466/prodawa-3-staen-gr-plowdiw-marasha,53116466,250 000€,"гр. Пловдив, Мараша",днес,https://bazar.bg/obiavi/prodazhba-apartamenti/plovdiv?asize[]=2&asize[]=3&asize[]=4&asize[]=5&asize[]=6&currency=2&district_id[]=710&district_id[]=714&district_id[]=979&district_id[]=718&district_id[]=720&district_id[]=984&district_id[]=723&district_id[]=270,2026-01-25T19:30:37.760615
"Продава МЕЗОНЕТ, гр. Пловдив, Мараша",https://bazar.bg/obiava-53116449/prodawa-mezonet-gr-plowdiw-marasha,53116449,339 000€,"гр. Пловдив, Мараша",днес,https://bazar.bg/obiavi/prodazhba-apartamenti/plovdiv?asize[]=2&asize[]=3&asize[]=4&asize[]=5&asize[]=6&currency=2&district_id[]=710&district_id[]=714&district_id[]=979&district_id[]=718&district_id[]=720&district_id[]=984&district_id[]=723&district_id[]=270,2026-01-25T19:30:37.760760
"Продава МНОГОСТАЕН, гр. Пловдив, Център",https://bazar.bg/obiava-53182674/prodawa-mnogostaen-gr-plowdiw-tsentar,53182674,249 000€,"гр. Пловдив, Център",днес,https://bazar.bg/obiavi/prodazhba-apartamenti/plovdiv?asize[]=2&asize[]=3&asize[]=4&asize[]=5&asize[]=6&currency=2&district_id[]=710&district_id[]=714&district_id[]=979&district_id[]=718&district_id[]=720&district_id[]=984&district_id[]=723&district_id[]=270,2026-01-25T19:30:37.760902
"Продава 2-СТАЕН, гр. Пловдив, Мараша",https://bazar.bg/obiava-52603541/prodawa-2-staen-gr-plowdiw-marasha,52603541,113 000€,"гр. Пловдив, Мараша",днес,https://bazar.bg/obiavi/prodazhba-apartamenti/plovdiv?asize[]=2&asize[]=3&asize[]=4&asize[]=5&asize[]=6&currency=2&district_id[]=710&district_id[]=714&district_id[]=979&district_id[]=718&district_id[]=720&district_id[]=984&district_id[]=723&district_id[]=270,2026-01-25T19:30:37.761061
"Продава МЕЗОНЕТ, гр. Пловдив, Мараша",https://bazar.bg/obiava-52603628/prodawa-mezonet-gr-plowdiw-marasha,52603628,325 000€,"гр. Пловдив, Мараша",днес,https://bazar.bg/obiavi/prodazhba-apartamenti/plovdiv?asize[]=2&asize[]=3&asize[]=4&asize[]=5&asize[]=6&currency=2&district_id[]=710&district_id[]=714&district_id[]=979&district_id[]=718&district_id[]=720&district_id[]=984&district_id[]=723&district_id[]=270,2026-01-25T19:30:37.761207
"Продава 3-СТАЕН, гр. Пловдив, Младежки Хълм",https://bazar.bg/obiava-52603516/prodawa-3-staen-gr-plowdiw-mladezhki-halm,52603516,199 000€,"гр. Пловдив, Младежки Хълм",днес,https://bazar.bg/obiavi/prodazhba-apartamenti/plovdiv?asize[]=2&asize[]=3&asize[]=4&asize[]=5&asize[]=6&currency=2&district_id[]=710&district_id[]=714&district_id[]=979&district_id[]=718&district_id[]=720&district_id[]=984&district_id[]=723&district_id[]=270,2026-01-25T19:30:37.761348
"Продава МНОГОСТАЕН, гр. Пловдив, Център",https://bazar.bg/obiava-52603601/prodawa-mnogostaen-gr-plowdiw-tsentar,52603601,194 000€,"гр. Пловдив, Център",днес,https://bazar.bg/obiavi/prodazhba-apartamenti/plovdiv?asize[]=2&asize[]=3&asize[]=4&asize[]=5&asize[]=6&currency=2&district_id[]=710&district_id[]=714&district_id[]=979&district_id[]=718&district_id[]=720&district_id[]=984&district_id[]=723&district_id[]=270,2026-01-25T19:30:37.761491
"Продава МНОГОСТАЕН, гр. Пловдив, Център",https://bazar.bg/obiava-52603639/prodawa-mnogostaen-gr-plowdiw-tsentar,52603639,200 000€,"гр. Пловдив, Център",днес,https://bazar.bg/obiavi/prodazhba-apartamenti/plovdiv?asize[]=2&asize[]=3&asize[]=4&asize[]=5&asize[]=6&currency=2&district_id[]=710&district_id[]=714&district_id[]=979&district_id[]=718&district_id[]=720&district_id[]=984&district_id[]=723&district_id[]=270,2026-01-25T19:30:37.761631
"Продава 3-СТАЕН, гр. Пловдив, Център",https://bazar.bg/obiava-52603633/prodawa-3-staen-gr-plowdiw-tsentar,52603633,149 800€,"гр. Пловдив, Център",днес,https://bazar.bg/obiavi/prodazhba-apartamenti/plovdiv?asize[]=2&asize[]=3&asize[]=4&asize[]=5&asize[]=6&currency=2&district_id[]=710&district_id[]=714&district_id[]=979&district_id[]=718&district_id[]=720&district_id[]=984&district_id[]=723&district_id[]=270,2026-01-25T19:30:37.761772
"Продава 2-СТАЕН, гр. Пловдив, Център",https://bazar.bg/obiava-52603673/prodawa-2-staen-gr-plowdiw-tsentar,52603673,154 000€,"гр. Пловдив, Център",днес,https://bazar.bg/obiavi/prodazhba-apartamenti/plovdiv?asize[]=2&asize[]=3&asize[]=4&asize[]=5&asize[]=6&currency=2&district_id[]=710&district_id[]=714&district_id[]=979&district_id[]=718&district_id[]=720&district_id[]=984&district_id[]=723&district_id[]=270,2026-01-25T19:30:37.761916
"Продава 3-СТАЕН, гр. Пловдив, Център",https://bazar.bg/obiava-52603732/prodawa-3-staen-gr-plowdiw-tsentar,52603732,271 625€,"гр. Пловдив, Център",днес,https://bazar.bg/obiavi/prodazhba-apartamenti/plovdiv?asize[]=2&asize[]=3&asize[]=4&asize[]=5&asize[]=6&currency=2&district_id[]=710&district_id[]=714&district_id[]=979&district_id[]=718&district_id[]=720&district_id[]=984&district_id[]=723&district_id[]=270,2026-01-25T19:30:37.762078
"Продава 2-СТАЕН, гр. Пловдив, Западен",https://bazar.bg/obiava-52999556/prodawa-2-staen-gr-plowdiw-zapaden,52999556,95 000€,"гр. Пловдив, Западен",днес,https://bazar.bg/obiavi/prodazhba-apartamenti/plovdiv?asize[]=2&asize[]=3&asize[]=4&asize[]=5&asize[]=6&currency=2&district_id[]=710&district_id[]=714&district_id[]=979&district_id[]=718&district_id[]=720&district_id[]=984&district_id[]=723&district_id[]=270,2026-01-25T19:30:37.762223
"Продава 3-СТАЕН, гр. Пловдив, Мараша",https://bazar.bg/obiava-52555833/prodawa-3-staen-gr-plowdiw-marasha,52555833,179 000€,"гр. Пловдив, Мараша",днес,https://bazar.bg/obiavi/prodazhba-apartamenti/plovdiv?asize[]=2&asize[]=3&asize[]=4&asize[]=5&asize[]=6&currency=2&district_id[]=710&district_id[]=714&district_id[]=979&district_id[]=718&district_id[]=720&district_id[]=984&district_id[]=723&district_id[]=270,2026-01-25T19:30:37.762366
"Продава 3-СТАЕН, гр. Пловдив, Мараша",https://bazar.bg/obiava-52238419/prodawa-3-staen-gr-plowdiw-marasha,52238419,180 000€,"гр. Пловдив, Мараша",днес,https://bazar.bg/obiavi/prodazhba-apartamenti/plovdiv?asize[]=2&asize[]=3&asize[]=4&asize[]=5&asize[]=6&currency=2&district_id[]=710&district_id[]=714&district_id[]=979&district_id[]=718&district_id[]=720&district_id[]=984&district_id[]=723&district_id[]=270,2026-01-25T19:30:37.762507
"Продава 3-СТАЕН, гр. Пловдив, Мараша",https://bazar.bg/obiava-52498924/prodawa-3-staen-gr-plowdiw-marasha,52498924,198 000€,"гр. Пловдив, Мараша",днес,https://bazar.bg/obiavi/prodazhba-apartamenti/plovdiv?asize[]=2&asize[]=3&asize[]=4&asize[]=5&asize[]=6&currency=2&district_id[]=710&district_id[]=714&district_id[]=979&district_id[]=718&district_id[]=720&district_id[]=984&district_id[]=723&district_id[]=270,2026-01-25T19:30:37.762648
"Продава МНОГОСТАЕН, гр. Пловдив, Младежки Хълм",https://bazar.bg/obiava-52555852/prodawa-mnogostaen-gr-plowdiw-mladezhki-halm,52555852,205 900€,"гр. Пловдив, Младежки Хълм",днес,https://bazar.bg/obiavi/prodazhba-apartamenti/plovdiv?asize[]=2&asize[]=3&asize[]=4&asize[]=5&asize[]=6&currency=2&district_id[]=710&district_id[]=714&district_id[]=979&district_id[]=718&district_id[]=720&district_id[]=984&district_id[]=723&district_id[]=270,2026-01-25T19:30:37.762789
"Продава 2-СТАЕН, гр. Пловдив, Младежки Хълм",https://bazar.bg/obiava-52999499/prodawa-2-staen-gr-plowdiw-mladezhki-halm,52999499,181 350€,"гр. Пловдив, Младежки Хълм",днес,https://bazar.bg/obiavi/prodazhba-apartamenti/plovdiv?asize[]=2&asize[]=3&asize[]=4&asize[]=5&asize[]=6&currency=2&district_id[]=710&district_id[]=714&district_id[]=979&district_id[]=718&district_id[]=720&district_id[]=984&district_id[]=723&district_id[]=270,2026-01-25T19:30:37.762931
"Продава 4-СТАЕН, гр. Пловдив, Младежки Хълм",https://bazar.bg/obiava-52999580/prodawa-4-staen-gr-plowdiw-mladezhki-halm,52999580,163 000€,"гр. Пловдив, Младежки Хълм",днес,https://bazar.bg/obiavi/prodazhba-apartamenti/plovdiv?asize[]=2&asize[]=3&asize[]=4&asize[]=5&asize[]=6&currency=2&district_id[]=710&district_id[]=714&district_id[]=979&district_id[]=718&district_id[]=720&district_id[]=984&district_id[]=723&district_id[]=270,2026-01-25T19:30:37.763090
"Продава 2-СТАЕН, гр. Пловдив, Младежки Хълм",https://bazar.bg/obiava-52999473/prodawa-2-staen-gr-plowdiw-mladezhki-halm,52999473,153 300€,"гр. Пловдив, Младежки Хълм",днес,https://bazar.bg/obiavi/prodazhba-apartamenti/plovdiv?asize[]=2&asize[]=3&asize[]=4&asize[]=5&asize[]=6&currency=2&district_id[]=710&district_id[]=714&district_id[]=979&district_id[]=718&district_id[]=720&district_id[]=984&district_id[]=723&district_id[]=270,2026-01-25T19:30:37.763232
"Продава 2-СТАЕН, гр. Пловдив, Младежки Хълм",https://bazar.bg/obiava-52620144/prodawa-2-staen-gr-plowdiw-mladezhki-halm,52620144,175 000€,"гр. Пловдив, Младежки Хълм",днес,https://bazar.bg/obiavi/prodazhba-apartamenti/plovdiv?asize[]=2&asize[]=3&asize[]=4&asize[]=5&asize[]=6&currency=2&district_id[]=710&district_id[]=714&district_id[]=979&district_id[]=718&district_id[]=720&district_id[]=984&district_id[]=723&district_id[]=270,2026-01-25T19:30:37.763375
"Продава 3-СТАЕН, гр. Пловдив, Център",https://bazar.bg/obiava-52555822/prodawa-3-staen-gr-plowdiw-tsentar,52555822,277 300€,"гр. Пловдив, Център",днес,https://bazar.bg/obiavi/prodazhba-apartamenti/plovdiv?asize[]=2&asize[]=3&asize[]=4&asize[]=5&asize[]=6&currency=2&district_id[]=710&district_id[]=714&district_id[]=979&district_id[]=718&district_id[]=720&district_id[]=984&district_id[]=723&district_id[]=270,2026-01-25T19:30:37.763518
"Продава 2-СТАЕН, гр. Пловдив, Център",https://bazar.bg/obiava-52999508/prodawa-2-staen-gr-plowdiw-tsentar,52999508,143 350€,"гр. Пловдив, Център",днес,https://bazar.bg/obiavi/prodazhba-apartamenti/plovdiv?asize[]=2&asize[]=3&asize[]=4&asize[]=5&asize[]=6&currency=2&district_id[]=710&district_id[]=714&district_id[]=979&district_id[]=718&district_id[]=720&district_id[]=984&district_id[]=723&district_id[]=270,2026-01-25T19:30:37.763663
"Продава 2-СТАЕН, гр. Пловдив, Център",https://bazar.bg/obiava-52999497/prodawa-2-staen-gr-plowdiw-tsentar,52999497,82 400€,"гр. Пловдив, Център",днес,https://bazar.bg/obiavi/prodazhba-apartamenti/plovdiv?asize[]=2&asize[]=3&asize[]=4&asize[]=5&asize[]=6&currency=2&district_id[]=710&district_id[]=714&district_id[]=979&district_id[]=718&district_id[]=720&district_id[]=984&district_id[]=723&district_id[]=270,2026-01-25T19:30:37.763805
"Продава 3-СТАЕН, гр. Пловдив, Център",https://bazar.bg/obiava-52498938/prodawa-3-staen-gr-plowdiw-tsentar,52498938,181 000€,"гр. Пловдив, Център",днес,https://bazar.bg/obiavi/prodazhba-apartamenti/plovdiv?asize[]=2&asize[]=3&asize[]=4&asize[]=5&asize[]=6&currency=2&district_id[]=710&district_id[]=714&district_id[]=979&district_id[]=718&district_id[]=720&district_id[]=984&district_id[]=723&district_id[]=270,2026-01-25T19:30:37.763964
"Продава МНОГОСТАЕН, гр. Пловдив, Център",https://bazar.bg/obiava-52498937/prodawa-mnogostaen-gr-plowdiw-tsentar,52498937,215 000€,"гр. Пловдив, Център",днес,https://bazar.bg/obiavi/prodazhba-apartamenti/plovdiv?asize[]=2&asize[]=3&asize[]=4&asize[]=5&asize[]=6&currency=2&district_id[]=710&district_id[]=714&district_id[]=979&district_id[]=718&district_id[]=720&district_id[]=984&district_id[]=723&district_id[]=270,2026-01-25T19:30:37.764113
"Продава 3-СТАЕН, гр. Пловдив, Център",https://bazar.bg/obiava-52140198/prodawa-3-staen-gr-plowdiw-tsentar,52140198,195 000€,"гр. Пловдив, Център",днес,https://bazar.bg/obiavi/prodazhba-apartamenti/plovdiv?asize[]=2&asize[]=3&asize[]=4&asize[]=5&asize[]=6&currency=2&district_id[]=710&district_id[]=714&district_id[]=979&district_id[]=718&district_id[]=720&district_id[]=984&district_id[]=723&district_id[]=270,2026-01-25T19:30:37.764257
"Продава 3-СТАЕН, гр. Пловдив, Мараша",https://bazar.bg/obiava-51377771/prodawa-3-staen-gr-plowdiw-marasha,51377771,190 000€,"гр. Пловдив, Мараша",днес,https://bazar.bg/obiavi/prodazhba-apartamenti/plovdiv?asize[]=2&asize[]=3&asize[]=4&asize[]=5&asize[]=6&currency=2&district_id[]=710&district_id[]=714&district_id[]=979&district_id[]=718&district_id[]=720&district_id[]=984&district_id[]=723&district_id[]=270,2026-01-25T19:30:37.764400
"Продава 3-СТАЕН, гр. Пловдив, Мараша",https://bazar.bg/obiava-32462643/prodawa-3-staen-gr-plowdiw-marasha,32462643,250 000€,"гр. Пловдив, Мараша",днес,https://bazar.bg/obiavi/prodazhba-apartamenti/plovdiv?asize[]=2&asize[]=3&asize[]=4&asize[]=5&asize[]=6&currency=2&district_id[]=710&district_id[]=714&district_id[]=979&district_id[]=718&district_id[]=720&district_id[]=984&district_id[]=723&district_id[]=270,2026-01-25T19:30:37.764542
"Продава 4-СТАЕН, гр. Пловдив, Младежки Хълм",https://bazar.bg/obiava-42911949/prodawa-4-staen-gr-plowdiw-mladezhki-halm,42911949,185 000€,"гр. Пловдив, Младежки Хълм",днес,https://bazar.bg/obiavi/prodazhba-apartamenti/plovdiv?asize[]=2&asize[]=3&asize[]=4&asize[]=5&asize[]=6&currency=2&district_id[]=710&district_id[]=714&district_id[]=979&district_id[]=718&district_id[]=720&district_id[]=984&district_id[]=723&district_id[]=270,2026-01-25T19:30:37.764685
"Продава 3-СТАЕН, гр. Пловдив, Център",https://bazar.bg/obiava-32608998/prodawa-3-staen-gr-plowdiw-tsentar,32608998,280 900€,"гр. Пловдив, Център",днес,https://bazar.bg/obiavi/prodazhba-apartamenti/plovdiv?asize[]=2&asize[]=3&asize[]=4&asize[]=5&asize[]=6&currency=2&district_id[]=710&district_id[]=714&district_id[]=979&district_id[]=718&district_id[]=720&district_id[]=984&district_id[]=723&district_id[]=270,2026-01-25T19:30:37.764826
"Продава МНОГОСТАЕН, гр. Пловдив, Център",https://bazar.bg/obiava-40826747/prodawa-mnogostaen-gr-plowdiw-tsentar,40826747,Договаряне,"гр. Пловдив, Център",днес,https://bazar.bg/obiavi/prodazhba-apartamenti/plovdiv?asize[]=2&asize[]=3&asize[]=4&asize[]=5&asize[]=6&currency=2&district_id[]=710&district_id[]=714&district_id[]=979&district_id[]=718&district_id[]=720&district_id[]=984&district_id[]=723&district_id[]=270,2026-01-25T19:30:37.764982
"Продава 4-СТАЕН, гр. Пловдив, Западен",https://bazar.bg/obiava-53206961/prodawa-4-staen-gr-plowdiw-zapaden,53206961,160 000€,"гр. Пловдив, Западен",днес,https://bazar.bg/obiavi/prodazhba-apartamenti/plovdiv?asize[]=2&asize[]=3&asize[]=4&asize[]=5&asize[]=6&currency=2&district_id[]=710&district_id[]=714&district_id[]=979&district_id[]=718&district_id[]=720&district_id[]=984&district_id[]=723&district_id[]=270,2026-01-25T19:30:37.765129
"Продава 4-СТАЕН, гр. Пловдив, Каменица 1",https://bazar.bg/obiava-53195159/prodawa-4-staen-gr-plowdiw-kamenitsa-1,53195159,347 000€,"гр. Пловдив, Каменица 1",днес,https://bazar.bg/obiavi/prodazhba-apartamenti/plovdiv?asize[]=2&asize[]=3&asize[]=4&asize[]=5&asize[]=6&currency=2&district_id[]=710&district_id[]=714&district_id[]=979&district_id[]=718&district_id[]=720&district_id[]=984&district_id[]=723&district_id[]=270,2026-01-25T19:30:37.765272
"Продава 2-СТАЕН, гр. Пловдив, Център",https://bazar.bg/obiava-53195126/prodawa-2-staen-gr-plowdiw-tsentar,53195126,204 000€,"гр. Пловдив, Център",днес,https://bazar.bg/obiavi/prodazhba-apartamenti/plovdiv?asize[]=2&asize[]=3&asize[]=4&asize[]=5&asize[]=6&currency=2&district_id[]=710&district_id[]=714&district_id[]=979&district_id[]=718&district_id[]=720&district_id[]=984&district_id[]=723&district_id[]=270,2026-01-25T19:30:37.765414
"Продава 3-СТАЕН, гр. Пловдив, Център",https://bazar.bg/obiava-53195122/prodawa-3-staen-gr-plowdiw-tsentar,53195122,335 800€,"гр. Пловдив, Център",днес,https://bazar.bg/obiavi/prodazhba-apartamenti/plovdiv?asize[]=2&asize[]=3&asize[]=4&asize[]=5&asize[]=6&currency=2&district_id[]=710&district_id[]=714&district_id[]=979&district_id[]=718&district_id[]=720&district_id[]=984&district_id[]=723&district_id[]=270,2026-01-25T19:30:37.765557
"Продава МЕЗОНЕТ, гр. Пловдив, Център",https://bazar.bg/obiava-53195140/prodawa-mezonet-gr-plowdiw-tsentar,53195140,287 500€,"гр. Пловдив, Център",днес,https://bazar.bg/obiavi/prodazhba-apartamenti/plovdiv?asize[]=2&asize[]=3&asize[]=4&asize[]=5&asize[]=6&currency=2&district_id[]=710&district_id[]=714&district_id[]=979&district_id[]=718&district_id[]=720&district_id[]=984&district_id[]=723&district_id[]=270,2026-01-25T19:30:37.765699
"Продава 3-СТАЕН, гр. Пловдив, Център",https://bazar.bg/obiava-53182471/prodawa-3-staen-gr-plowdiw-tsentar,53182471,226 800€,"гр. Пловдив, Център",днес,https://bazar.bg/obiavi/prodazhba-apartamenti/plovdiv?asize[]=2&asize[]=3&asize[]=4&asize[]=5&asize[]=6&currency=2&district_id[]=710&district_id[]=714&district_id[]=979&district_id[]=718&district_id[]=720&district_id[]=984&district_id[]=723&district_id[]=270,2026-01-25T19:30:37.765842
"Продава 2-СТАЕН, гр. Пловдив, Западен",https://bazar.bg/obiava-51926919/prodawa-2-staen-gr-plowdiw-zapaden,51926919,84 137€,"гр. Пловдив, Западен",днес,https://bazar.bg/obiavi/prodazhba-apartamenti/plovdiv?asize[]=2&asize[]=3&asize[]=4&asize[]=5&asize[]=6&currency=2&district_id[]=710&district_id[]=714&district_id[]=979&district_id[]=718&district_id[]=720&district_id[]=984&district_id[]=723&district_id[]=270,2026-01-25T19:30:37.766004
"Продава 2-СТАЕН, гр. Пловдив, Западен",https://bazar.bg/obiava-51926996/prodawa-2-staen-gr-plowdiw-zapaden,51926996,93 287€,"гр. Пловдив, Западен",днес,https://bazar.bg/obiavi/prodazhba-apartamenti/plovdiv?asize[]=2&asize[]=3&asize[]=4&asize[]=5&asize[]=6&currency=2&district_id[]=710&district_id[]=714&district_id[]=979&district_id[]=718&district_id[]=720&district_id[]=984&district_id[]=723&district_id[]=270,2026-01-25T19:30:37.766160
"Продава 2-СТАЕН, гр. Пловдив, Западен",https://bazar.bg/obiava-51938946/prodawa-2-staen-gr-plowdiw-zapaden,51938946,99 787€,"гр. Пловдив, Западен",днес,https://bazar.bg/obiavi/prodazhba-apartamenti/plovdiv?asize[]=2&asize[]=3&asize[]=4&asize[]=5&asize[]=6&currency=2&district_id[]=710&district_id[]=714&district_id[]=979&district_id[]=718&district_id[]=720&district_id[]=984&district_id[]=723&district_id[]=270,2026-01-25T19:30:37.766307
"Продава 2-СТАЕН, гр. Пловдив, Западен",https://bazar.bg/obiava-51927129/prodawa-2-staen-gr-plowdiw-zapaden,51927129,77 775€,"гр. Пловдив, Западен",днес,https://bazar.bg/obiavi/prodazhba-apartamenti/plovdiv?asize[]=2&asize[]=3&asize[]=4&asize[]=5&asize[]=6&currency=2&district_id[]=710&district_id[]=714&district_id[]=979&district_id[]=718&district_id[]=720&district_id[]=984&district_id[]=723&district_id[]=270,2026-01-25T19:30:37.766449
"Продава 3-СТАЕН, гр. Пловдив, Западен",https://bazar.bg/obiava-51927168/prodawa-3-staen-gr-plowdiw-zapaden,51927168,121 212€,"гр. Пловдив, Западен",днес,https://bazar.bg/obiavi/prodazhba-apartamenti/plovdiv?asize[]=2&asize[]=3&asize[]=4&asize[]=5&asize[]=6&currency=2&district_id[]=710&district_id[]=714&district_id[]=979&district_id[]=718&district_id[]=720&district_id[]=984&district_id[]=723&district_id[]=270,2026-01-25T19:30:37.766594
"Продава 2-СТАЕН, гр. Пловдив, Западен",https://bazar.bg/obiava-51927091/prodawa-2-staen-gr-plowdiw-zapaden,51927091,82 987€,"гр. Пловдив, Западен",днес,https://bazar.bg/obiavi/prodazhba-apartamenti/plovdiv?asize[]=2&asize[]=3&asize[]=4&asize[]=5&asize[]=6&currency=2&district_id[]=710&district_id[]=714&district_id[]=979&district_id[]=718&district_id[]=720&district_id[]=984&district_id[]=723&district_id[]=270,2026-01-25T19:30:37.766734
"Продава 2-СТАЕН, гр. Пловдив, Мараша",https://bazar.bg/obiava-52543230/prodawa-2-staen-gr-plowdiw-marasha,52543230,157 700€,"гр. Пловдив, Мараша",днес,https://bazar.bg/obiavi/prodazhba-apartamenti/plovdiv?asize[]=2&asize[]=3&asize[]=4&asize[]=5&asize[]=6&currency=2&district_id[]=710&district_id[]=714&district_id[]=979&district_id[]=718&district_id[]=720&district_id[]=984&district_id[]=723&district_id[]=270,2026-01-25T19:30:37.766877
"Продава 2-СТАЕН, гр. Пловдив, Мараша",https://bazar.bg/obiava-52744685/prodawa-2-staen-gr-plowdiw-marasha,52744685,141 300€,"гр. Пловдив, Мараша",днес,https://bazar.bg/obiavi/prodazhba-apartamenti/plovdiv?asize[]=2&asize[]=3&asize[]=4&asize[]=5&asize[]=6&currency=2&district_id[]=710&district_id[]=714&district_id[]=979&district_id[]=718&district_id[]=720&district_id[]=984&district_id[]=723&district_id[]=270,2026-01-25T19:30:37.767044
"Продава 3-СТАЕН, гр. Пловдив, Мараша",https://bazar.bg/obiava-52667469/prodawa-3-staen-gr-plowdiw-marasha,52667469,180 000€,"гр. Пловдив, Мараша",днес,https://bazar.bg/obiavi/prodazhba-apartamenti/plovdiv?asize[]=2&asize[]=3&asize[]=4&asize[]=5&asize[]=6&currency=2&district_id[]=710&district_id[]=714&district_id[]=979&district_id[]=718&district_id[]=720&district_id[]=984&district_id[]=723&district_id[]=270,2026-01-25T19:30:37.767189
"Продава 2-СТАЕН, гр. Пловдив, Мараша",https://bazar.bg/obiava-52530855/prodawa-2-staen-gr-plowdiw-marasha,52530855,119 900€,"гр. Пловдив, Мараша",днес,https://bazar.bg/obiavi/prodazhba-apartamenti/plovdiv?asize[]=2&asize[]=3&asize[]=4&asize[]=5&asize[]=6&currency=2&district_id[]=710&district_id[]=714&district_id[]=979&district_id[]=718&district_id[]=720&district_id[]=984&district_id[]=723&district_id[]=270,2026-01-25T19:30:37.767331
"Продава 4-СТАЕН, гр. Пловдив, Каменица 1",https://bazar.bg/obiava-52530771/prodawa-4-staen-gr-plowdiw-kamenitsa-1,52530771,220 000€,"гр. Пловдив, Каменица 1",днес,https://bazar.bg/obiavi/prodazhba-apartamenti/plovdiv?asize[]=2&asize[]=3&asize[]=4&asize[]=5&asize[]=6&currency=2&district_id[]=710&district_id[]=714&district_id[]=979&district_id[]=718&district_id[]=720&district_id[]=984&district_id[]=723&district_id[]=270,2026-01-25T19:30:37.767474
"Продава 3-СТАЕН, гр. Пловдив, Център",https://bazar.bg/obiava-52543231/prodawa-3-staen-gr-plowdiw-tsentar,52543231,295 000€,"гр. Пловдив, Център",днес,https://bazar.bg/obiavi/prodazhba-apartamenti/plovdiv?asize[]=2&asize[]=3&asize[]=4&asize[]=5&asize[]=6&currency=2&district_id[]=710&district_id[]=714&district_id[]=979&district_id[]=718&district_id[]=720&district_id[]=984&district_id[]=723&district_id[]=270,2026-01-25T19:30:37.767616
"Продава 4-СТАЕН, гр. Пловдив, Център",https://bazar.bg/obiava-52744761/prodawa-4-staen-gr-plowdiw-tsentar,52744761,302 822€,"гр. Пловдив, Център",днес,https://bazar.bg/obiavi/prodazhba-apartamenti/plovdiv?asize[]=2&asize[]=3&asize[]=4&asize[]=5&asize[]=6&currency=2&district_id[]=710&district_id[]=714&district_id[]=979&district_id[]=718&district_id[]=720&district_id[]=984&district_id[]=723&district_id[]=270,2026-01-25T19:30:37.767762
"Продава 2-СТАЕН, гр. Пловдив, Център",https://bazar.bg/obiava-52744766/prodawa-2-staen-gr-plowdiw-tsentar,52744766,170 000€,"гр. Пловдив, Център",днес,https://bazar.bg/obiavi/prodazhba-apartamenti/plovdiv?asize[]=2&asize[]=3&asize[]=4&asize[]=5&asize[]=6&currency=2&district_id[]=710&district_id[]=714&district_id[]=979&district_id[]=718&district_id[]=720&district_id[]=984&district_id[]=723&district_id[]=270,2026-01-25T19:30:37.767905
"Продава МЕЗОНЕТ, гр. Пловдив, Център",https://bazar.bg/obiava-50135084/prodawa-mezonet-gr-plowdiw-tsentar,50135084,255 000€,"гр. Пловдив, Център",днес,https://bazar.bg/obiavi/prodazhba-apartamenti/plovdiv?asize[]=2&asize[]=3&asize[]=4&asize[]=5&asize[]=6&currency=2&district_id[]=710&district_id[]=714&district_id[]=979&district_id[]=718&district_id[]=720&district_id[]=984&district_id[]=723&district_id[]=270,2026-01-25T19:30:37.768062
"Продава 3-СТАЕН, гр. Пловдив, Център",https://bazar.bg/obiava-52667478/prodawa-3-staen-gr-plowdiw-tsentar,52667478,195 000€,"гр. Пловдив, Център",днес,https://bazar.bg/obiavi/prodazhba-apartamenti/plovdiv?asize[]=2&asize[]=3&asize[]=4&asize[]=5&asize[]=6&currency=2&district_id[]=710&district_id[]=714&district_id[]=979&district_id[]=718&district_id[]=720&district_id[]=984&district_id[]=723&district_id[]=270,2026-01-25T19:30:37.768206
"Продава МНОГОСТАЕН, гр. Пловдив, Център",https://bazar.bg/obiava-52173419/prodawa-mnogostaen-gr-plowdiw-tsentar,52173419,194 000€,"гр. Пловдив, Център",днес,https://bazar.bg/obiavi/prodazhba-apartamenti/plovdiv?asize[]=2&asize[]=3&asize[]=4&asize[]=5&asize[]=6&currency=2&district_id[]=710&district_id[]=714&district_id[]=979&district_id[]=718&district_id[]=720&district_id[]=984&district_id[]=723&district_id[]=270,2026-01-25T19:30:37.768348
"Продава 2-СТАЕН, гр. Пловдив, Център",https://bazar.bg/obiava-52530784/prodawa-2-staen-gr-plowdiw-tsentar,52530784,155 500€,"гр. Пловдив, Център",днес,https://bazar.bg/obiavi/prodazhba-apartamenti/plovdiv?asize[]=2&asize[]=3&asize[]=4&asize[]=5&asize[]=6&currency=2&district_id[]=710&district_id[]=714&district_id[]=979&district_id[]=718&district_id[]=720&district_id[]=984&district_id[]=723&district_id[]=270,2026-01-25T19:30:37.768490
"Продава МЕЗОНЕТ, гр. Пловдив, Мараша",https://bazar.bg/obiava-52798760/prodawa-mezonet-gr-plowdiw-marasha,52798760,339 000€,"гр. Пловдив, Мараша",днес,https://bazar.bg/obiavi/prodazhba-apartamenti/plovdiv?asize[]=2&asize[]=3&asize[]=4&asize[]=5&asize[]=6&currency=2&district_id[]=710&district_id[]=714&district_id[]=979&district_id[]=718&district_id[]=720&district_id[]=984&district_id[]=723&district_id[]=270,2026-01-25T19:30:37.768633
"Продава МЕЗОНЕТ, гр. Пловдив, Мараша",https://bazar.bg/obiava-52981536/prodawa-mezonet-gr-plowdiw-marasha,52981536,339 000€,"гр. Пловдив, Мараша",днес,https://bazar.bg/obiavi/prodazhba-apartamenti/plovdiv?asize[]=2&asize[]=3&asize[]=4&asize[]=5&asize[]=6&currency=2&district_id[]=710&district_id[]=714&district_id[]=979&district_id[]=718&district_id[]=720&district_id[]=984&district_id[]=723&district_id[]=270,2026-01-25T19:30:40.169290
"Продава 3-СТАЕН, гр. Пловдив, Мараша",https://bazar.bg/obiava-52981489/prodawa-3-staen-gr-plowdiw-marasha,52981489,339 000€,"гр. Пловдив, Мараша",днес,https://bazar.bg/obiavi/prodazhba-apartamenti/plovdiv?asize[]=2&asize[]=3&asize[]=4&asize[]=5&asize[]=6&currency=2&district_id[]=710&district_id[]=714&district_id[]=979&district_id[]=718&district_id[]=720&district_id[]=984&district_id[]=723&district_id[]=270,2026-01-25T19:30:40.169456
"Продава МЕЗОНЕТ, гр. Пловдив, Мараша",https://bazar.bg/obiava-52926050/prodawa-mezonet-gr-plowdiw-marasha,52926050,339 000€,"гр. Пловдив, Мараша",днес,https://bazar.bg/obiavi/prodazhba-apartamenti/plovdiv?asize[]=2&asize[]=3&asize[]=4&asize[]=5&asize[]=6&currency=2&district_id[]=710&district_id[]=714&district_id[]=979&district_id[]=718&district_id[]=720&district_id[]=984&district_id[]=723&district_id[]=270,2026-01-25T19:30:40.169606
"Продава 3-СТАЕН, гр. Пловдив, Мараша",https://bazar.bg/obiava-52926011/prodawa-3-staen-gr-plowdiw-marasha,52926011,339 000€,"гр. Пловдив, Мараша",днес,https://bazar.bg/obiavi/prodazhba-apartamenti/plovdiv?asize[]=2&asize[]=3&asize[]=4&asize[]=5&asize[]=6&currency=2&district_id[]=710&district_id[]=714&district_id[]=979&district_id[]=718&district_id[]=720&district_id[]=984&district_id[]=723&district_id[]=270,2026-01-25T19:30:40.169752
"Продава МЕЗОНЕТ, гр. Пловдив, Център",https://bazar.bg/obiava-52981517/prodawa-mezonet-gr-plowdiw-tsentar,52981517,339 000€,"гр. Пловдив, Център",днес,https://bazar.bg/obiavi/prodazhba-apartamenti/plovdiv?asize[]=2&asize[]=3&asize[]=4&asize[]=5&asize[]=6&currency=2&district_id[]=710&district_id[]=714&district_id[]=979&district_id[]=718&district_id[]=720&district_id[]=984&district_id[]=723&district_id[]=270,2026-01-25T19:30:40.169899
"Продава 3-СТАЕН, гр. Пловдив, Център",https://bazar.bg/obiava-52981493/prodawa-3-staen-gr-plowdiw-tsentar,52981493,339 000€,"гр. Пловдив, Център",днес,https://bazar.bg/obiavi/prodazhba-apartamenti/plovdiv?asize[]=2&asize[]=3&asize[]=4&asize[]=5&asize[]=6&currency=2&district_id[]=710&district_id[]=714&district_id[]=979&district_id[]=718&district_id[]=720&district_id[]=984&district_id[]=723&district_id[]=270,2026-01-25T19:30:40.170069
"Продава МЕЗОНЕТ, гр. Пловдив, Център",https://bazar.bg/obiava-52926059/prodawa-mezonet-gr-plowdiw-tsentar,52926059,339 000€,"гр. Пловдив, Център",днес,https://bazar.bg/obiavi/prodazhba-apartamenti/plovdiv?asize[]=2&asize[]=3&asize[]=4&asize[]=5&asize[]=6&currency=2&district_id[]=710&district_id[]=714&district_id[]=979&district_id[]=718&district_id[]=720&district_id[]=984&district_id[]=723&district_id[]=270,2026-01-25T19:30:40.170219
"Продава 3-СТАЕН, гр. Пловдив, Западен",https://bazar.bg/obiava-52701227/prodawa-3-staen-gr-plowdiw-zapaden,52701227,78 900€,"гр. Пловдив, Западен",днес,https://bazar.bg/obiavi/prodazhba-apartamenti/plovdiv?asize[]=2&asize[]=3&asize[]=4&asize[]=5&asize[]=6&currency=2&district_id[]=710&district_id[]=714&district_id[]=979&district_id[]=718&district_id[]=720&district_id[]=984&district_id[]=723&district_id[]=270,2026-01-25T19:30:40.170366
"Продава 3-СТАЕН, гр. Пловдив, Западен",https://bazar.bg/obiava-41506970/prodawa-3-staen-gr-plowdiw-zapaden,41506970,112 000€,"гр. Пловдив, Западен",днес,https://bazar.bg/obiavi/prodazhba-apartamenti/plovdiv?asize[]=2&asize[]=3&asize[]=4&asize[]=5&asize[]=6&currency=2&district_id[]=710&district_id[]=714&district_id[]=979&district_id[]=718&district_id[]=720&district_id[]=984&district_id[]=723&district_id[]=270,2026-01-25T19:30:40.170511
"Продава 3-СТАЕН, гр. Пловдив, Западен",https://bazar.bg/obiava-46922681/prodawa-3-staen-gr-plowdiw-zapaden,46922681,135 000€,"гр. Пловдив, Западен",днес,https://bazar.bg/obiavi/prodazhba-apartamenti/plovdiv?asize[]=2&asize[]=3&asize[]=4&asize[]=5&asize[]=6&currency=2&district_id[]=710&district_id[]=714&district_id[]=979&district_id[]=718&district_id[]=720&district_id[]=984&district_id[]=723&district_id[]=270,2026-01-25T19:30:40.170654
"Продава 2-СТАЕН, гр. Пловдив, Център",https://bazar.bg/obiava-49954417/prodawa-2-staen-gr-plowdiw-tsentar,49954417,90 900€,"гр. Пловдив, Център",днес,https://bazar.bg/obiavi/prodazhba-apartamenti/plovdiv?asize[]=2&asize[]=3&asize[]=4&asize[]=5&asize[]=6&currency=2&district_id[]=710&district_id[]=714&district_id[]=979&district_id[]=718&district_id[]=720&district_id[]=984&district_id[]=723&district_id[]=270,2026-01-25T19:30:40.170801
"Продава 2-СТАЕН, гр. Пловдив, Център",https://bazar.bg/obiava-49950534/prodawa-2-staen-gr-plowdiw-tsentar,49950534,202 400€,"гр. Пловдив, Център",днес,https://bazar.bg/obiavi/prodazhba-apartamenti/plovdiv?asize[]=2&asize[]=3&asize[]=4&asize[]=5&asize[]=6&currency=2&district_id[]=710&district_id[]=714&district_id[]=979&district_id[]=718&district_id[]=720&district_id[]=984&district_id[]=723&district_id[]=270,2026-01-25T19:30:40.170977
"Продава МНОГОСТАЕН, гр. Пловдив, Център",https://bazar.bg/obiava-49950734/prodawa-mnogostaen-gr-plowdiw-tsentar,49950734,205 400€,"гр. Пловдив, Център",днес,https://bazar.bg/obiavi/prodazhba-apartamenti/plovdiv?asize[]=2&asize[]=3&asize[]=4&asize[]=5&asize[]=6&currency=2&district_id[]=710&district_id[]=714&district_id[]=979&district_id[]=718&district_id[]=720&district_id[]=984&district_id[]=723&district_id[]=270,2026-01-25T19:30:40.171134
"Продава 3-СТАЕН, гр. Пловдив, Център",https://bazar.bg/obiava-49950928/prodawa-3-staen-gr-plowdiw-tsentar,49950928,152 000€,"гр. Пловдив, Център",днес,https://bazar.bg/obiavi/prodazhba-apartamenti/plovdiv?asize[]=2&asize[]=3&asize[]=4&asize[]=5&asize[]=6&currency=2&district_id[]=710&district_id[]=714&district_id[]=979&district_id[]=718&district_id[]=720&district_id[]=984&district_id[]=723&district_id[]=270,2026-01-25T19:30:40.171282
"Продава МНОГОСТАЕН, гр. Пловдив, Център",https://bazar.bg/obiava-49950799/prodawa-mnogostaen-gr-plowdiw-tsentar,49950799,211 100€,"гр. Пловдив, Център",днес,https://bazar.bg/obiavi/prodazhba-apartamenti/plovdiv?asize[]=2&asize[]=3&asize[]=4&asize[]=5&asize[]=6&currency=2&district_id[]=710&district_id[]=714&district_id[]=979&district_id[]=718&district_id[]=720&district_id[]=984&district_id[]=723&district_id[]=270,2026-01-25T19:30:40.171426
"Продава 3-СТАЕН, гр. Пловдив, Център",https://bazar.bg/obiava-49951590/prodawa-3-staen-gr-plowdiw-tsentar,49951590,262 200€,"гр. Пловдив, Център",днес,https://bazar.bg/obiavi/prodazhba-apartamenti/plovdiv?asize[]=2&asize[]=3&asize[]=4&asize[]=5&asize[]=6&currency=2&district_id[]=710&district_id[]=714&district_id[]=979&district_id[]=718&district_id[]=720&district_id[]=984&district_id[]=723&district_id[]=270,2026-01-25T19:30:40.171568
"Продава 3-СТАЕН, гр. Пловдив, Западен",https://bazar.bg/obiava-52046085/prodawa-3-staen-gr-plowdiw-zapaden,52046085,Договаряне,"гр. Пловдив, Западен",днес,https://bazar.bg/obiavi/prodazhba-apartamenti/plovdiv?asize[]=2&asize[]=3&asize[]=4&asize[]=5&asize[]=6&currency=2&district_id[]=710&district_id[]=714&district_id[]=979&district_id[]=718&district_id[]=720&district_id[]=984&district_id[]=723&district_id[]=270,2026-01-25T19:30:40.171709
"Продава 2-СТАЕН, гр. Пловдив, Западен",https://bazar.bg/obiava-43621355/prodawa-2-staen-gr-plowdiw-zapaden,43621355,122 280€,"гр. Пловдив, Западен",днес,https://bazar.bg/obiavi/prodazhba-apartamenti/plovdiv?asize[]=2&asize[]=3&asize[]=4&asize[]=5&asize[]=6&currency=2&district_id[]=710&district_id[]=714&district_id[]=979&district_id[]=718&district_id[]=720&district_id[]=984&district_id[]=723&district_id[]=270,2026-01-25T19:30:40.171851
"Продава 3-СТАЕН, гр. Пловдив, Западен",https://bazar.bg/obiava-43324945/prodawa-3-staen-gr-plowdiw-zapaden,43324945,Договаряне,"гр. Пловдив, Западен",днес,https://bazar.bg/obiavi/prodazhba-apartamenti/plovdiv?asize[]=2&asize[]=3&asize[]=4&asize[]=5&asize[]=6&currency=2&district_id[]=710&district_id[]=714&district_id[]=979&district_id[]=718&district_id[]=720&district_id[]=984&district_id[]=723&district_id[]=270,2026-01-25T19:30:40.172019
"Продава 3-СТАЕН, гр. Пловдив, Западен",https://bazar.bg/obiava-48098916/prodawa-3-staen-gr-plowdiw-zapaden,48098916,185 295€,"гр. Пловдив, Западен",днес,https://bazar.bg/obiavi/prodazhba-apartamenti/plovdiv?asize[]=2&asize[]=3&asize[]=4&asize[]=5&asize[]=6&currency=2&district_id[]=710&district_id[]=714&district_id[]=979&district_id[]=718&district_id[]=720&district_id[]=984&district_id[]=723&district_id[]=270,2026-01-25T19:30:40.172168
"Продава 2-СТАЕН, гр. Пловдив, Западен",https://bazar.bg/obiava-48101828/prodawa-2-staen-gr-plowdiw-zapaden,48101828,123 585€,"гр. Пловдив, Западен",днес,https://bazar.bg/obiavi/prodazhba-apartamenti/plovdiv?asize[]=2&asize[]=3&asize[]=4&asize[]=5&asize[]=6&currency=2&district_id[]=710&district_id[]=714&district_id[]=979&district_id[]=718&district_id[]=720&district_id[]=984&district_id[]=723&district_id[]=270,2026-01-25T19:30:40.172311
"Продава 3-СТАЕН, гр. Пловдив, Западен",https://bazar.bg/obiava-48113270/prodawa-3-staen-gr-plowdiw-zapaden,48113270,166 925€,"гр. Пловдив, Западен",днес,https://bazar.bg/obiavi/prodazhba-apartamenti/plovdiv?asize[]=2&asize[]=3&asize[]=4&asize[]=5&asize[]=6&currency=2&district_id[]=710&district_id[]=714&district_id[]=979&district_id[]=718&district_id[]=720&district_id[]=984&district_id[]=723&district_id[]=270,2026-01-25T19:30:40.172451
"Продава 2-СТАЕН, гр. Пловдив, Западен",https://bazar.bg/obiava-48102714/prodawa-2-staen-gr-plowdiw-zapaden,48102714,121 357€,"гр. Пловдив, Западен",днес,https://bazar.bg/obiavi/prodazhba-apartamenti/plovdiv?asize[]=2&asize[]=3&asize[]=4&asize[]=5&asize[]=6&currency=2&district_id[]=710&district_id[]=714&district_id[]=979&district_id[]=718&district_id[]=720&district_id[]=984&district_id[]=723&district_id[]=270,2026-01-25T19:30:40.172592
"Продава 2-СТАЕН, гр. Пловдив, Западен",https://bazar.bg/obiava-48128929/prodawa-2-staen-gr-plowdiw-zapaden,48128929,126 144€,"гр. Пловдив, Западен",днес,https://bazar.bg/obiavi/prodazhba-apartamenti/plovdiv?asize[]=2&asize[]=3&asize[]=4&asize[]=5&asize[]=6&currency=2&district_id[]=710&district_id[]=714&district_id[]=979&district_id[]=718&district_id[]=720&district_id[]=984&district_id[]=723&district_id[]=270,2026-01-25T19:30:40.172733
"Продава 3-СТАЕН, гр. Пловдив, Западен",https://bazar.bg/obiava-49823851/prodawa-3-staen-gr-plowdiw-zapaden,49823851,184 239€,"гр. Пловдив, Западен",днес,https://bazar.bg/obiavi/prodazhba-apartamenti/plovdiv?asize[]=2&asize[]=3&asize[]=4&asize[]=5&asize[]=6&currency=2&district_id[]=710&district_id[]=714&district_id[]=979&district_id[]=718&district_id[]=720&district_id[]=984&district_id[]=723&district_id[]=270,2026-01-25T19:30:40.172874
"Продава 3-СТАЕН, гр. Пловдив, Западен",https://bazar.bg/obiava-49823649/prodawa-3-staen-gr-plowdiw-zapaden,49823649,176 887€,"гр. Пловдив, Западен",днес,https://bazar.bg/obiavi/prodazhba-apartamenti/plovdiv?asize[]=2&asize[]=3&asize[]=4&asize[]=5&asize[]=6&currency=2&district_id[]=710&district_id[]=714&district_id[]=979&district_id[]=718&district_id[]=720&district_id[]=984&district_id[]=723&district_id[]=270,2026-01-25T19:30:40.173033
"Продава 3-СТАЕН, гр. Пловдив, Западен",https://bazar.bg/obiava-49823650/prodawa-3-staen-gr-plowdiw-zapaden,49823650,184 758€,"гр. Пловдив, Западен",днес,https://bazar.bg/obiavi/prodazhba-apartamenti/plovdiv?asize[]=2&asize[]=3&asize[]=4&asize[]=5&asize[]=6&currency=2&district_id[]=710&district_id[]=714&district_id[]=979&district_id[]=718&district_id[]=720&district_id[]=984&district_id[]=723&district_id[]=270,2026-01-25T19:30:40.173174
"Продава 3-СТАЕН, гр. Пловдив, Западен",https://bazar.bg/obiava-38521337/prodawa-3-staen-gr-plowdiw-zapaden,38521337,174 964€,"гр. Пловдив, Западен",днес,https://bazar.bg/obiavi/prodazhba-apartamenti/plovdiv?asize[]=2&asize[]=3&asize[]=4&asize[]=5&asize[]=6&currency=2&district_id[]=710&district_id[]=714&district_id[]=979&district_id[]=718&district_id[]=720&district_id[]=984&district_id[]=723&district_id[]=270,2026-01-25T19:30:40.173322
"Продава 2-СТАЕН, гр. Пловдив, Западен",https://bazar.bg/obiava-38591298/prodawa-2-staen-gr-plowdiw-zapaden,38591298,121 440€,"гр. Пловдив, Западен",днес,https://bazar.bg/obiavi/prodazhba-apartamenti/plovdiv?asize[]=2&asize[]=3&asize[]=4&asize[]=5&asize[]=6&currency=2&district_id[]=710&district_id[]=714&district_id[]=979&district_id[]=718&district_id[]=720&district_id[]=984&district_id[]=723&district_id[]=270,2026-01-25T19:30:40.173470
"Продава 3-СТАЕН, гр. Пловдив, Западен",https://bazar.bg/obiava-47064267/prodawa-3-staen-gr-plowdiw-zapaden,47064267,Договаряне,"гр. Пловдив, Западен",днес,https://bazar.bg/obiavi/prodazhba-apartamenti/plovdiv?asize[]=2&asize[]=3&asize[]=4&asize[]=5&asize[]=6&currency=2&district_id[]=710&district_id[]=714&district_id[]=979&district_id[]=718&district_id[]=720&district_id[]=984&district_id[]=723&district_id[]=270,2026-01-25T19:30:40.173610
"Продава 2-СТАЕН, гр. Пловдив, Център",https://bazar.bg/obiava-52046090/prodawa-2-staen-gr-plowdiw-tsentar,52046090,Договаряне,"гр. Пловдив, Център",днес,https://bazar.bg/obiavi/prodazhba-apartamenti/plovdiv?asize[]=2&asize[]=3&asize[]=4&asize[]=5&asize[]=6&currency=2&district_id[]=710&district_id[]=714&district_id[]=979&district_id[]=718&district_id[]=720&district_id[]=984&district_id[]=723&district_id[]=270,2026-01-25T19:30:40.173750
"Продава 4-СТАЕН, гр. Пловдив, Център",https://bazar.bg/obiava-52814237/prodawa-4-staen-gr-plowdiw-tsentar,52814237,287 000€,"гр. Пловдив, Център",днес,https://bazar.bg/obiavi/prodazhba-apartamenti/plovdiv?asize[]=2&asize[]=3&asize[]=4&asize[]=5&asize[]=6&currency=2&district_id[]=710&district_id[]=714&district_id[]=979&district_id[]=718&district_id[]=720&district_id[]=984&district_id[]=723&district_id[]=270,2026-01-25T19:30:40.173893
"Продава МНОГОСТАЕН, гр. Пловдив, Каменица 1",https://bazar.bg/obiava-44174287/prodawa-mnogostaen-gr-plowdiw-kamenitsa-1,44174287,402 910€,"гр. Пловдив, Каменица 1",днес,https://bazar.bg/obiavi/prodazhba-apartamenti/plovdiv?asize[]=2&asize[]=3&asize[]=4&asize[]=5&asize[]=6&currency=2&district_id[]=710&district_id[]=714&district_id[]=979&district_id[]=718&district_id[]=720&district_id[]=984&district_id[]=723&district_id[]=270,2026-01-25T19:30:40.174050
"Продава 3-СТАЕН, гр. Пловдив, Каменица 1",https://bazar.bg/obiava-49229768/prodawa-3-staen-gr-plowdiw-kamenitsa-1,49229768,230 695€,"гр. Пловдив, Каменица 1",днес,https://bazar.bg/obiavi/prodazhba-apartamenti/plovdiv?asize[]=2&asize[]=3&asize[]=4&asize[]=5&asize[]=6&currency=2&district_id[]=710&district_id[]=714&district_id[]=979&district_id[]=718&district_id[]=720&district_id[]=984&district_id[]=723&district_id[]=270,2026-01-25T19:30:40.174193
"Продава 3-СТАЕН, гр. Пловдив, Център",https://bazar.bg/obiava-49951401/prodawa-3-staen-gr-plowdiw-tsentar,49951401,278 000€,"гр. Пловдив, Център",днес,https://bazar.bg/obiavi/prodazhba-apartamenti/plovdiv?asize[]=2&asize[]=3&asize[]=4&asize[]=5&asize[]=6&currency=2&district_id[]=710&district_id[]=714&district_id[]=979&district_id[]=718&district_id[]=720&district_id[]=984&district_id[]=723&district_id[]=270,2026-01-25T19:30:40.174337
"Продава 4-СТАЕН, гр. Пловдив, Център",https://bazar.bg/obiava-49948608/prodawa-4-staen-gr-plowdiw-tsentar,49948608,376 140€,"гр. Пловдив, Център",днес,https://bazar.bg/obiavi/prodazhba-apartamenti/plovdiv?asize[]=2&asize[]=3&asize[]=4&asize[]=5&asize[]=6&currency=2&district_id[]=710&district_id[]=714&district_id[]=979&district_id[]=718&district_id[]=720&district_id[]=984&district_id[]=723&district_id[]=270,2026-01-25T19:30:40.174483
"Продава 3-СТАЕН, гр. Пловдив, Център",https://bazar.bg/obiava-47207428/prodawa-3-staen-gr-plowdiw-tsentar,47207428,325 900€,"гр. Пловдив, Център",днес,https://bazar.bg/obiavi/prodazhba-apartamenti/plovdiv?asize[]=2&asize[]=3&asize[]=4&asize[]=5&asize[]=6&currency=2&district_id[]=710&district_id[]=714&district_id[]=979&district_id[]=718&district_id[]=720&district_id[]=984&district_id[]=723&district_id[]=270,2026-01-25T19:30:40.174625
"Продава 2-СТАЕН, гр. Пловдив, Център",https://bazar.bg/obiava-47207429/prodawa-2-staen-gr-plowdiw-tsentar,47207429,165 000€,"гр. Пловдив, Център",днес,https://bazar.bg/obiavi/prodazhba-apartamenti/plovdiv?asize[]=2&asize[]=3&asize[]=4&asize[]=5&asize[]=6&currency=2&district_id[]=710&district_id[]=714&district_id[]=979&district_id[]=718&district_id[]=720&district_id[]=984&district_id[]=723&district_id[]=270,2026-01-25T19:30:40.174768
"Продава 3-СТАЕН, гр. Пловдив, Център",https://bazar.bg/obiava-48636246/prodawa-3-staen-gr-plowdiw-tsentar,48636246,243 000€,"гр. Пловдив, Център",днес,https://bazar.bg/obiavi/prodazhba-apartamenti/plovdiv?asize[]=2&asize[]=3&asize[]=4&asize[]=5&asize[]=6&currency=2&district_id[]=710&district_id[]=714&district_id[]=979&district_id[]=718&district_id[]=720&district_id[]=984&district_id[]=723&district_id[]=270,2026-01-25T19:30:40.174910
"Продава 3-СТАЕН, гр. Пловдив, Център",https://bazar.bg/obiava-51921318/prodawa-3-staen-gr-plowdiw-tsentar,51921318,142 900€,"гр. Пловдив, Център",днес,https://bazar.bg/obiavi/prodazhba-apartamenti/plovdiv?asize[]=2&asize[]=3&asize[]=4&asize[]=5&asize[]=6&currency=2&district_id[]=710&district_id[]=714&district_id[]=979&district_id[]=718&district_id[]=720&district_id[]=984&district_id[]=723&district_id[]=270,2026-01-25T19:30:40.175069
"Продава 2-СТАЕН, гр. Пловдив, Мараша",https://bazar.bg/obiava-51117985/prodawa-2-staen-gr-plowdiw-marasha,51117985,141 300€,"гр. Пловдив, Мараша",днес,https://bazar.bg/obiavi/prodazhba-apartamenti/plovdiv?asize[]=2&asize[]=3&asize[]=4&asize[]=5&asize[]=6&currency=2&district_id[]=710&district_id[]=714&district_id[]=979&district_id[]=718&district_id[]=720&district_id[]=984&district_id[]=723&district_id[]=270,2026-01-25T19:30:40.175212
"Продава 2-СТАЕН, гр. Пловдив, Младежки Хълм",https://bazar.bg/obiava-52986078/prodawa-2-staen-gr-plowdiw-mladezhki-halm,52986078,189 000€,"гр. Пловдив, Младежки Хълм",днес,https://bazar.bg/obiavi/prodazhba-apartamenti/plovdiv?asize[]=2&asize[]=3&asize[]=4&asize[]=5&asize[]=6&currency=2&district_id[]=710&district_id[]=714&district_id[]=979&district_id[]=718&district_id[]=720&district_id[]=984&district_id[]=723&district_id[]=270,2026-01-25T19:30:40.175353
"Продава 2-СТАЕН, гр. Пловдив, Младежки Хълм",https://bazar.bg/obiava-52986096/prodawa-2-staen-gr-plowdiw-mladezhki-halm,52986096,169 000€,"гр. Пловдив, Младежки Хълм",днес,https://bazar.bg/obiavi/prodazhba-apartamenti/plovdiv?asize[]=2&asize[]=3&asize[]=4&asize[]=5&asize[]=6&currency=2&district_id[]=710&district_id[]=714&district_id[]=979&district_id[]=718&district_id[]=720&district_id[]=984&district_id[]=723&district_id[]=270,2026-01-25T19:30:40.175497
"Продава МНОГОСТАЕН, гр. Пловдив, Мараша",https://bazar.bg/obiava-53146151/prodawa-mnogostaen-gr-plowdiw-marasha,53146151,610 000€,"гр. Пловдив, Мараша",днес,https://bazar.bg/obiavi/prodazhba-apartamenti/plovdiv?asize[]=2&asize[]=3&asize[]=4&asize[]=5&asize[]=6&currency=2&district_id[]=710&district_id[]=714&district_id[]=979&district_id[]=718&district_id[]=720&district_id[]=984&district_id[]=723&district_id[]=270,2026-01-25T19:30:40.175639
"Продава 2-СТАЕН, гр. Пловдив, Каменица 1",https://bazar.bg/obiava-52932569/prodawa-2-staen-gr-plowdiw-kamenitsa-1,52932569,149 175€,"гр. Пловдив, Каменица 1",днес,https://bazar.bg/obiavi/prodazhba-apartamenti/plovdiv?asize[]=2&asize[]=3&asize[]=4&asize[]=5&asize[]=6&currency=2&district_id[]=710&district_id[]=714&district_id[]=979&district_id[]=718&district_id[]=720&district_id[]=984&district_id[]=723&district_id[]=270,2026-01-25T19:30:40.175785
"Продава 2-СТАЕН, гр. Пловдив, Център",https://bazar.bg/obiava-53038663/prodawa-2-staen-gr-plowdiw-tsentar,53038663,176 200€,"гр. Пловдив, Център",днес,https://bazar.bg/obiavi/prodazhba-apartamenti/plovdiv?asize[]=2&asize[]=3&asize[]=4&asize[]=5&asize[]=6&currency=2&district_id[]=710&district_id[]=714&district_id[]=979&district_id[]=718&district_id[]=720&district_id[]=984&district_id[]=723&district_id[]=270,2026-01-25T19:30:40.175931
"Продава 3-СТАЕН, гр. Пловдив, Младежки Хълм",https://bazar.bg/obiava-51430101/prodawa-3-staen-gr-plowdiw-mladezhki-halm,51430101,228 800€,"гр. Пловдив, Младежки Хълм",днес,https://bazar.bg/obiavi/prodazhba-apartamenti/plovdiv?asize[]=2&asize[]=3&asize[]=4&asize[]=5&asize[]=6&currency=2&district_id[]=710&district_id[]=714&district_id[]=979&district_id[]=718&district_id[]=720&district_id[]=984&district_id[]=723&district_id[]=270,2026-01-25T19:30:40.176099
"Продава 3-СТАЕН, гр. Пловдив, Каменица 1",https://bazar.bg/obiava-52715743/prodawa-3-staen-gr-plowdiw-kamenitsa-1,52715743,365 720€,"гр. Пловдив, Каменица 1",днес,https://bazar.bg/obiavi/prodazhba-apartamenti/plovdiv?asize[]=2&asize[]=3&asize[]=4&asize[]=5&asize[]=6&currency=2&district_id[]=710&district_id[]=714&district_id[]=979&district_id[]=718&district_id[]=720&district_id[]=984&district_id[]=723&district_id[]=270,2026-01-25T19:30:40.176245
"Продава 4-СТАЕН, гр. Пловдив, Център",https://bazar.bg/obiava-51679455/prodawa-4-staen-gr-plowdiw-tsentar,51679455,515 000€,"гр. Пловдив, Център",вчера,https://bazar.bg/obiavi/prodazhba-apartamenti/plovdiv?asize[]=2&asize[]=3&asize[]=4&asize[]=5&asize[]=6&currency=2&district_id[]=710&district_id[]=714&district_id[]=979&district_id[]=718&district_id[]=720&district_id[]=984&district_id[]=723&district_id[]=270,2026-01-25T19:30:40.176387
"Продава 4-СТАЕН, гр. Пловдив, Център",https://bazar.bg/obiava-51972865/prodawa-4-staen-gr-plowdiw-tsentar,51972865,565 000€,"гр. Пловдив, Център",вчера,https://bazar.bg/obiavi/prodazhba-apartamenti/plovdiv?asize[]=2&asize[]=3&asize[]=4&asize[]=5&asize[]=6&currency=2&district_id[]=710&district_id[]=714&district_id[]=979&district_id[]=718&district_id[]=720&district_id[]=984&district_id[]=723&district_id[]=270,2026-01-25T19:30:40.176531
"Продава 4-СТАЕН, гр. Пловдив, Младежки Хълм",https://bazar.bg/obiava-51823315/prodawa-4-staen-gr-plowdiw-mladezhki-halm,51823315,194 000€,"гр. Пловдив, Младежки Хълм",вчера,https://bazar.bg/obiavi/prodazhba-apartamenti/plovdiv?asize[]=2&asize[]=3&asize[]=4&asize[]=5&asize[]=6&currency=2&district_id[]=710&district_id[]=714&district_id[]=979&district_id[]=718&district_id[]=720&district_id[]=984&district_id[]=723&district_id[]=270,2026-01-25T19:30:40.176675
"Продава 3-СТАЕН, гр. Пловдив, Център",https://bazar.bg/obiava-51679210/prodawa-3-staen-gr-plowdiw-tsentar,51679210,266 000€,"гр. Пловдив, Център",вчера,https://bazar.bg/obiavi/prodazhba-apartamenti/plovdiv?asize[]=2&asize[]=3&asize[]=4&asize[]=5&asize[]=6&currency=2&district_id[]=710&district_id[]=714&district_id[]=979&district_id[]=718&district_id[]=720&district_id[]=984&district_id[]=723&district_id[]=270,2026-01-25T19:30:40.176818
"Продава 3-СТАЕН, гр. Пловдив, Център",https://bazar.bg/obiava-53209578/prodawa-3-staen-gr-plowdiw-tsentar,53209578,299 999€,"гр. Пловдив, Център",вчера,https://bazar.bg/obiavi/prodazhba-apartamenti/plovdiv?asize[]=2&asize[]=3&asize[]=4&asize[]=5&asize[]=6&currency=2&district_id[]=710&district_id[]=714&district_id[]=979&district_id[]=718&district_id[]=720&district_id[]=984&district_id[]=723&district_id[]=270,2026-01-25T19:30:40.176975
"Продава МЕЗОНЕТ, гр. Пловдив, Западен",https://bazar.bg/obiava-53213407/prodawa-mezonet-gr-plowdiw-zapaden,53213407,285 000€,"гр. Пловдив, Западен",вчера,https://bazar.bg/obiavi/prodazhba-apartamenti/plovdiv?asize[]=2&asize[]=3&asize[]=4&asize[]=5&asize[]=6&currency=2&district_id[]=710&district_id[]=714&district_id[]=979&district_id[]=718&district_id[]=720&district_id[]=984&district_id[]=723&district_id[]=270,2026-01-25T19:30:40.177122
"Продава 3-СТАЕН, гр. Пловдив, Отдих и култура",https://bazar.bg/obiava-53205667/prodawa-3-staen-gr-plowdiw-otdih-i-kultura,53205667,130 500€,"гр. Пловдив, Отдих и култура",вчера,https://bazar.bg/obiavi/prodazhba-apartamenti/plovdiv?asize[]=2&asize[]=3&asize[]=4&asize[]=5&asize[]=6&currency=2&district_id[]=710&district_id[]=714&district_id[]=979&district_id[]=718&district_id[]=720&district_id[]=984&district_id[]=723&district_id[]=270,2026-01-25T19:30:40.177264
"Продава 2-СТАЕН, гр. Пловдив, Младежки Хълм",https://bazar.bg/obiava-52717977/prodawa-2-staen-gr-plowdiw-mladezhki-halm,52717977,110 000€,"гр. Пловдив, Младежки Хълм",вчера,https://bazar.bg/obiavi/prodazhba-apartamenti/plovdiv?asize[]=2&asize[]=3&asize[]=4&asize[]=5&asize[]=6&currency=2&district_id[]=710&district_id[]=714&district_id[]=979&district_id[]=718&district_id[]=720&district_id[]=984&district_id[]=723&district_id[]=270,2026-01-25T19:30:40.177405
"Продава 3-СТАЕН, гр. Пловдив, Център",https://bazar.bg/obiava-52524480/prodawa-3-staen-gr-plowdiw-tsentar,52524480,149 999€,"гр. Пловдив, Център",вчера,https://bazar.bg/obiavi/prodazhba-apartamenti/plovdiv?asize[]=2&asize[]=3&asize[]=4&asize[]=5&asize[]=6&currency=2&district_id[]=710&district_id[]=714&district_id[]=979&district_id[]=718&district_id[]=720&district_id[]=984&district_id[]=723&district_id[]=270,2026-01-25T19:30:40.177546
"Продава 2-СТАЕН, гр. Пловдив, Младежки Хълм",https://bazar.bg/obiava-51821077/prodawa-2-staen-gr-plowdiw-mladezhki-halm,51821077,110 600€,"гр. Пловдив, Младежки Хълм",вчера,https://bazar.bg/obiavi/prodazhba-apartamenti/plovdiv?asize[]=2&asize[]=3&asize[]=4&asize[]=5&asize[]=6&currency=2&district_id[]=710&district_id[]=714&district_id[]=979&district_id[]=718&district_id[]=720&district_id[]=984&district_id[]=723&district_id[]=270,2026-01-25T19:30:40.177692
"Продава 2-СТАЕН, гр. Пловдив, Младежки Хълм",https://bazar.bg/obiava-52604721/prodawa-2-staen-gr-plowdiw-mladezhki-halm,52604721,152 000€,"гр. Пловдив, Младежки Хълм",вчера,https://bazar.bg/obiavi/prodazhba-apartamenti/plovdiv?asize[]=2&asize[]=3&asize[]=4&asize[]=5&asize[]=6&currency=2&district_id[]=710&district_id[]=714&district_id[]=979&district_id[]=718&district_id[]=720&district_id[]=984&district_id[]=723&district_id[]=270,2026-01-25T19:30:40.177837
СОБСТВЕНИК продава нов 2-стаен в Центъра на Пловдив,https://bazar.bg/obiava-52801163/sobstwenik-prodawa-now-2-staen-w-tsentara-na-plowdiw,52801163,172 998€,"гр. Пловдив, Каменица 1",вчера,https://bazar.bg/obiavi/prodazhba-apartamenti/plovdiv?asize[]=2&asize[]=3&asize[]=4&asize[]=5&asize[]=6&currency=2&district_id[]=710&district_id[]=714&district_id[]=979&district_id[]=718&district_id[]=720&district_id[]=984&district_id[]=723&district_id[]=270,2026-01-25T19:30:40.177996
"Продава МЕЗОНЕТ, гр. Пловдив, Западен",https://bazar.bg/obiava-53198466/prodawa-mezonet-gr-plowdiw-zapaden,53198466,285 000€,"гр. Пловдив, Западен",23 януари,https://bazar.bg/obiavi/prodazhba-apartamenti/plovdiv?asize[]=2&asize[]=3&asize[]=4&asize[]=5&asize[]=6&currency=2&district_id[]=710&district_id[]=714&district_id[]=979&district_id[]=718&district_id[]=720&district_id[]=984&district_id[]=723&district_id[]=270,2026-01-25T19:30:40.178144
"Продава 3-СТАЕН, гр. Пловдив, Център",https://bazar.bg/obiava-51740827/prodawa-3-staen-gr-plowdiw-tsentar,51740827,130 000€,"гр. Пловдив, Център",23 януари,https://bazar.bg/obiavi/prodazhba-apartamenti/plovdiv?asize[]=2&asize[]=3&asize[]=4&asize[]=5&asize[]=6&currency=2&district_id[]=710&district_id[]=714&district_id[]=979&district_id[]=718&district_id[]=720&district_id[]=984&district_id[]=723&district_id[]=270,2026-01-25T19:30:40.178294
"Продава 3-СТАЕН, гр. Пловдив, Център",https://bazar.bg/obiava-51766675/prodawa-3-staen-gr-plowdiw-tsentar,51766675,150 000€,"гр. Пловдив, Център",23 януари,https://bazar.bg/obiavi/prodazhba-apartamenti/plovdiv?asize[]=2&asize[]=3&asize[]=4&asize[]=5&asize[]=6&currency=2&district_id[]=710&district_id[]=714&district_id[]=979&district_id[]=718&district_id[]=720&district_id[]=984&district_id[]=723&district_id[]=270,2026-01-25T19:30:40.178455
"Продава МЕЗОНЕТ, гр. Пловдив, Мараша",https://bazar.bg/obiava-48099806/prodawa-mezonet-gr-plowdiw-marasha,48099806,319 999€,"гр. Пловдив, Мараша",23 януари,https://bazar.bg/obiavi/prodazhba-apartamenti/plovdiv?asize[]=2&asize[]=3&asize[]=4&asize[]=5&asize[]=6&currency=2&district_id[]=710&district_id[]=714&district_id[]=979&district_id[]=718&district_id[]=720&district_id[]=984&district_id[]=723&district_id[]=270,2026-01-25T19:30:40.178600
"Продава 3-СТАЕН, гр. Пловдив, Център",https://bazar.bg/obiava-50646823/prodawa-3-staen-gr-plowdiw-tsentar,50646823,185 000€,"гр. Пловдив, Център",23 януари,https://bazar.bg/obiavi/prodazhba-apartamenti/plovdiv?asize[]=2&asize[]=3&asize[]=4&asize[]=5&asize[]=6&currency=2&district_id[]=710&district_id[]=714&district_id[]=979&district_id[]=718&district_id[]=720&district_id[]=984&district_id[]=723&district_id[]=270,2026-01-25T19:30:40.178743
"Продава МНОГОСТАЕН, гр. Пловдив, Център",https://bazar.bg/obiava-53200521/prodawa-mnogostaen-gr-plowdiw-tsentar,53200521,185 000€,"гр. Пловдив, Център",23 януари,https://bazar.bg/obiavi/prodazhba-apartamenti/plovdiv?asize[]=2&asize[]=3&asize[]=4&asize[]=5&asize[]=6&currency=2&district_id[]=710&district_id[]=714&district_id[]=979&district_id[]=718&district_id[]=720&district_id[]=984&district_id[]=723&district_id[]=270,2026-01-25T19:30:40.178887
"Продава МЕЗОНЕТ, гр. Пловдив, Център",https://bazar.bg/obiava-52644106/prodawa-mezonet-gr-plowdiw-tsentar,52644106,279 000€,"гр. Пловдив, Център",23 януари,https://bazar.bg/obiavi/prodazhba-apartamenti/plovdiv?asize[]=2&asize[]=3&asize[]=4&asize[]=5&asize[]=6&currency=2&district_id[]=710&district_id[]=714&district_id[]=979&district_id[]=718&district_id[]=720&district_id[]=984&district_id[]=723&district_id[]=270,2026-01-25T19:30:40.179049
"Продава 3-СТАЕН, гр. Пловдив, Център",https://bazar.bg/obiava-52576423/prodawa-3-staen-gr-plowdiw-tsentar,52576423,195 000€,"гр. Пловдив, Център",23 януари,https://bazar.bg/obiavi/prodazhba-apartamenti/plovdiv?asize[]=2&asize[]=3&asize[]=4&asize[]=5&asize[]=6&currency=2&district_id[]=710&district_id[]=714&district_id[]=979&district_id[]=718&district_id[]=720&district_id[]=984&district_id[]=723&district_id[]=270,2026-01-25T19:30:40.179195
"Продава МЕЗОНЕТ, гр. Пловдив, Мараша",https://bazar.bg/obiava-53080451/prodawa-mezonet-gr-plowdiw-marasha,53080451,338 999€,"гр. Пловдив, Мараша",23 януари,https://bazar.bg/obiavi/prodazhba-apartamenti/plovdiv?asize[]=2&asize[]=3&asize[]=4&asize[]=5&asize[]=6&currency=2&district_id[]=710&district_id[]=714&district_id[]=979&district_id[]=718&district_id[]=720&district_id[]=984&district_id[]=723&district_id[]=270,2026-01-25T19:30:42.646070
"Продава 3-СТАЕН, гр. Пловдив, Западен",https://bazar.bg/obiava-52536716/prodawa-3-staen-gr-plowdiw-zapaden,52536716,148 000€,"гр. Пловдив, Западен",23 януари,https://bazar.bg/obiavi/prodazhba-apartamenti/plovdiv?asize[]=2&asize[]=3&asize[]=4&asize[]=5&asize[]=6&currency=2&district_id[]=710&district_id[]=714&district_id[]=979&district_id[]=718&district_id[]=720&district_id[]=984&district_id[]=723&district_id[]=270,2026-01-25T19:30:42.646243
"Продава 2-СТАЕН, гр. Пловдив, Мараша",https://bazar.bg/obiava-51372565/prodawa-2-staen-gr-plowdiw-marasha,51372565,136 400€,"гр. Пловдив, Мараша",23 януари,https://bazar.bg/obiavi/prodazhba-apartamenti/plovdiv?asize[]=2&asize[]=3&asize[]=4&asize[]=5&asize[]=6&currency=2&district_id[]=710&district_id[]=714&district_id[]=979&district_id[]=718&district_id[]=720&district_id[]=984&district_id[]=723&district_id[]=270,2026-01-25T19:30:42.646440
"Продава МЕЗОНЕТ, гр. Пловдив, Мараша",https://bazar.bg/obiava-53199073/prodawa-mezonet-gr-plowdiw-marasha,53199073,319 990€,"гр. Пловдив, Мараша",23 януари,https://bazar.bg/obiavi/prodazhba-apartamenti/plovdiv?asize[]=2&asize[]=3&asize[]=4&asize[]=5&asize[]=6&currency=2&district_id[]=710&district_id[]=714&district_id[]=979&district_id[]=718&district_id[]=720&district_id[]=984&district_id[]=723&district_id[]=270,2026-01-25T19:30:42.646600
"Продава 3-СТАЕН, гр. Пловдив, Център",https://bazar.bg/obiava-52531168/prodawa-3-staen-gr-plowdiw-tsentar,52531168,206 999€,"гр. Пловдив, Център",23 януари,https://bazar.bg/obiavi/prodazhba-apartamenti/plovdiv?asize[]=2&asize[]=3&asize[]=4&asize[]=5&asize[]=6&currency=2&district_id[]=710&district_id[]=714&district_id[]=979&district_id[]=718&district_id[]=720&district_id[]=984&district_id[]=723&district_id[]=270,2026-01-25T19:30:42.646754
"Продава 3-СТАЕН, гр. Пловдив, Център",https://bazar.bg/obiava-51983798/prodawa-3-staen-gr-plowdiw-tsentar,51983798,241 740€,"гр. Пловдив, Център",23 януари,https://bazar.bg/obiavi/prodazhba-apartamenti/plovdiv?asize[]=2&asize[]=3&asize[]=4&asize[]=5&asize[]=6&currency=2&district_id[]=710&district_id[]=714&district_id[]=979&district_id[]=718&district_id[]=720&district_id[]=984&district_id[]=723&district_id[]=270,2026-01-25T19:30:42.646906
"Продава 3-СТАЕН, гр. Пловдив, Център",https://bazar.bg/obiava-52058727/prodawa-3-staen-gr-plowdiw-tsentar,52058727,149 799€,"гр. Пловдив, Център",23 януари,https://bazar.bg/obiavi/prodazhba-apartamenti/plovdiv?asize[]=2&asize[]=3&asize[]=4&asize[]=5&asize[]=6&currency=2&district_id[]=710&district_id[]=714&district_id[]=979&district_id[]=718&district_id[]=720&district_id[]=984&district_id[]=723&district_id[]=270,2026-01-25T19:30:42.647098
"Продава 2-СТАЕН, гр. Пловдив, Мараша",https://bazar.bg/obiava-53197728/prodawa-2-staen-gr-plowdiw-marasha,53197728,123 900€,"гр. Пловдив, Мараша",23 януари,https://bazar.bg/obiavi/prodazhba-apartamenti/plovdiv?asize[]=2&asize[]=3&asize[]=4&asize[]=5&asize[]=6&currency=2&district_id[]=710&district_id[]=714&district_id[]=979&district_id[]=718&district_id[]=720&district_id[]=984&district_id[]=723&district_id[]=270,2026-01-25T19:30:42.647252
"Продава МЕЗОНЕТ, гр. Пловдив, Център",https://bazar.bg/obiava-50961230/prodawa-mezonet-gr-plowdiw-tsentar,50961230,765 000€,"гр. Пловдив, Център",23 януари,https://bazar.bg/obiavi/prodazhba-apartamenti/plovdiv?asize[]=2&asize[]=3&asize[]=4&asize[]=5&asize[]=6&currency=2&district_id[]=710&district_id[]=714&district_id[]=979&district_id[]=718&district_id[]=720&district_id[]=984&district_id[]=723&district_id[]=270,2026-01-25T19:30:42.647407
"Продава 3-СТАЕН, гр. Пловдив, Център",https://bazar.bg/obiava-51920414/prodawa-3-staen-gr-plowdiw-tsentar,51920414,193 990€,"гр. Пловдив, Център",23 януари,https://bazar.bg/obiavi/prodazhba-apartamenti/plovdiv?asize[]=2&asize[]=3&asize[]=4&asize[]=5&asize[]=6&currency=2&district_id[]=710&district_id[]=714&district_id[]=979&district_id[]=718&district_id[]=720&district_id[]=984&district_id[]=723&district_id[]=270,2026-01-25T19:30:42.647559
"Продава 4-СТАЕН, гр. Пловдив, Център",https://bazar.bg/obiava-48704209/prodawa-4-staen-gr-plowdiw-tsentar,48704209,175 000€,"гр. Пловдив, Център",23 януари,https://bazar.bg/obiavi/prodazhba-apartamenti/plovdiv?asize[]=2&asize[]=3&asize[]=4&asize[]=5&asize[]=6&currency=2&district_id[]=710&district_id[]=714&district_id[]=979&district_id[]=718&district_id[]=720&district_id[]=984&district_id[]=723&district_id[]=270,2026-01-25T19:30:42.647711
"Продава 3-СТАЕН, гр. Пловдив, Център",https://bazar.bg/obiava-53160781/prodawa-3-staen-gr-plowdiw-tsentar,53160781,379 000€,"гр. Пловдив, Център",23 януари,https://bazar.bg/obiavi/prodazhba-apartamenti/plovdiv?asize[]=2&asize[]=3&asize[]=4&asize[]=5&asize[]=6&currency=2&district_id[]=710&district_id[]=714&district_id[]=979&district_id[]=718&district_id[]=720&district_id[]=984&district_id[]=723&district_id[]=270,2026-01-25T19:30:42.647864
"Продава 2-СТАЕН, гр. Пловдив, Отдих и култура",https://bazar.bg/obiava-47292625/prodawa-2-staen-gr-plowdiw-otdih-i-kultura,47292625,165 500€,"гр. Пловдив, Отдих и култура",23 януари,https://bazar.bg/obiavi/prodazhba-apartamenti/plovdiv?asize[]=2&asize[]=3&asize[]=4&asize[]=5&asize[]=6&currency=2&district_id[]=710&district_id[]=714&district_id[]=979&district_id[]=718&district_id[]=720&district_id[]=984&district_id[]=723&district_id[]=270,2026-01-25T19:30:42.648032
"Продава 2-СТАЕН, гр. Пловдив, Мараша",https://bazar.bg/obiava-51990060/prodawa-2-staen-gr-plowdiw-marasha,51990060,134 700€,"гр. Пловдив, Мараша",23 януари,https://bazar.bg/obiavi/prodazhba-apartamenti/plovdiv?asize[]=2&asize[]=3&asize[]=4&asize[]=5&asize[]=6&currency=2&district_id[]=710&district_id[]=714&district_id[]=979&district_id[]=718&district_id[]=720&district_id[]=984&district_id[]=723&district_id[]=270,2026-01-25T19:30:42.648185
"Продава 3-СТАЕН, гр. Пловдив, Каменица 1",https://bazar.bg/obiava-44495982/prodawa-3-staen-gr-plowdiw-kamenitsa-1,44495982,251 700€,"гр. Пловдив, Каменица 1",23 януари,https://bazar.bg/obiavi/prodazhba-apartamenti/plovdiv?asize[]=2&asize[]=3&asize[]=4&asize[]=5&asize[]=6&currency=2&district_id[]=710&district_id[]=714&district_id[]=979&district_id[]=718&district_id[]=720&district_id[]=984&district_id[]=723&district_id[]=270,2026-01-25T19:30:42.648338
"Продава 2-СТАЕН, гр. Пловдив, Каменица 1",https://bazar.bg/obiava-51275712/prodawa-2-staen-gr-plowdiw-kamenitsa-1,51275712,119 999€,"гр. Пловдив, Каменица 1",23 януари,https://bazar.bg/obiavi/prodazhba-apartamenti/plovdiv?asize[]=2&asize[]=3&asize[]=4&asize[]=5&asize[]=6&currency=2&district_id[]=710&district_id[]=714&district_id[]=979&district_id[]=718&district_id[]=720&district_id[]=984&district_id[]=723&district_id[]=270,2026-01-25T19:30:42.648491
"Продава 4-СТАЕН, гр. Пловдив, Младежки Хълм",https://bazar.bg/obiava-46914779/prodawa-4-staen-gr-plowdiw-mladezhki-halm,46914779,214 386€,"гр. Пловдив, Младежки Хълм",23 януари,https://bazar.bg/obiavi/prodazhba-apartamenti/plovdiv?asize[]=2&asize[]=3&asize[]=4&asize[]=5&asize[]=6&currency=2&district_id[]=710&district_id[]=714&district_id[]=979&district_id[]=718&district_id[]=720&district_id[]=984&district_id[]=723&district_id[]=270,2026-01-25T19:30:42.648642
"Продава 3-СТАЕН, гр. Пловдив, Младежки Хълм",https://bazar.bg/obiava-47130805/prodawa-3-staen-gr-plowdiw-mladezhki-halm,47130805,146 604€,"гр. Пловдив, Младежки Хълм",23 януари,https://bazar.bg/obiavi/prodazhba-apartamenti/plovdiv?asize[]=2&asize[]=3&asize[]=4&asize[]=5&asize[]=6&currency=2&district_id[]=710&district_id[]=714&district_id[]=979&district_id[]=718&district_id[]=720&district_id[]=984&district_id[]=723&district_id[]=270,2026-01-25T19:30:42.648795
"Продава 3-СТАЕН, гр. Пловдив, Младежки Хълм",https://bazar.bg/obiava-45421766/prodawa-3-staen-gr-plowdiw-mladezhki-halm,45421766,161 590€,"гр. Пловдив, Младежки Хълм",23 януари,https://bazar.bg/obiavi/prodazhba-apartamenti/plovdiv?asize[]=2&asize[]=3&asize[]=4&asize[]=5&asize[]=6&currency=2&district_id[]=710&district_id[]=714&district_id[]=979&district_id[]=718&district_id[]=720&district_id[]=984&district_id[]=723&district_id[]=270,2026-01-25T19:30:42.648959
"Продава 2-СТАЕН, гр. Пловдив, Отдих и култура",https://bazar.bg/obiava-47784573/prodawa-2-staen-gr-plowdiw-otdih-i-kultura,47784573,106 791€,"гр. Пловдив, Отдих и култура",23 януари,https://bazar.bg/obiavi/prodazhba-apartamenti/plovdiv?asize[]=2&asize[]=3&asize[]=4&asize[]=5&asize[]=6&currency=2&district_id[]=710&district_id[]=714&district_id[]=979&district_id[]=718&district_id[]=720&district_id[]=984&district_id[]=723&district_id[]=270,2026-01-25T19:30:42.649119
"Продава 2-СТАЕН, гр. Пловдив, Каменица 1",https://bazar.bg/obiava-52747994/prodawa-2-staen-gr-plowdiw-kamenitsa-1,52747994,177 700€,"гр. Пловдив, Каменица 1",23 януари,https://bazar.bg/obiavi/prodazhba-apartamenti/plovdiv?asize[]=2&asize[]=3&asize[]=4&asize[]=5&asize[]=6&currency=2&district_id[]=710&district_id[]=714&district_id[]=979&district_id[]=718&district_id[]=720&district_id[]=984&district_id[]=723&district_id[]=270,2026-01-25T19:30:42.649277
"Продава 2-СТАЕН, гр. Пловдив, Отдих и култура",https://bazar.bg/obiava-49358280/prodawa-2-staen-gr-plowdiw-otdih-i-kultura,49358280,142 333€,"гр. Пловдив, Отдих и култура",23 януари,https://bazar.bg/obiavi/prodazhba-apartamenti/plovdiv?asize[]=2&asize[]=3&asize[]=4&asize[]=5&asize[]=6&currency=2&district_id[]=710&district_id[]=714&district_id[]=979&district_id[]=718&district_id[]=720&district_id[]=984&district_id[]=723&district_id[]=270,2026-01-25T19:30:42.649430
"Продава 3-СТАЕН, гр. Пловдив, Отдих и култура",https://bazar.bg/obiava-50373422/prodawa-3-staen-gr-plowdiw-otdih-i-kultura,50373422,201 292€,"гр. Пловдив, Отдих и култура",23 януари,https://bazar.bg/obiavi/prodazhba-apartamenti/plovdiv?asize[]=2&asize[]=3&asize[]=4&asize[]=5&asize[]=6&currency=2&district_id[]=710&district_id[]=714&district_id[]=979&district_id[]=718&district_id[]=720&district_id[]=984&district_id[]=723&district_id[]=270,2026-01-25T19:30:42.649583
"Продава 2-СТАЕН, гр. Пловдив, Отдих и култура",https://bazar.bg/obiava-50373533/prodawa-2-staen-gr-plowdiw-otdih-i-kultura,50373533,131 027€,"гр. Пловдив, Отдих и култура",23 януари,https://bazar.bg/obiavi/prodazhba-apartamenti/plovdiv?asize[]=2&asize[]=3&asize[]=4&asize[]=5&asize[]=6&currency=2&district_id[]=710&district_id[]=714&district_id[]=979&district_id[]=718&district_id[]=720&district_id[]=984&district_id[]=723&district_id[]=270,2026-01-25T19:30:42.649733
"Продава 3-СТАЕН, гр. Пловдив, Каменица 1",https://bazar.bg/obiava-52664948/prodawa-3-staen-gr-plowdiw-kamenitsa-1,52664948,286 500€,"гр. Пловдив, Каменица 1",23 януари,https://bazar.bg/obiavi/prodazhba-apartamenti/plovdiv?asize[]=2&asize[]=3&asize[]=4&asize[]=5&asize[]=6&currency=2&district_id[]=710&district_id[]=714&district_id[]=979&district_id[]=718&district_id[]=720&district_id[]=984&district_id[]=723&district_id[]=270,2026-01-25T19:30:42.649892
"Продава 2-СТАЕН, гр. Пловдив, Каменица 1",https://bazar.bg/obiava-52845894/prodawa-2-staen-gr-plowdiw-kamenitsa-1,52845894,169 165€,"гр. Пловдив, Каменица 1",23 януари,https://bazar.bg/obiavi/prodazhba-apartamenti/plovdiv?asize[]=2&asize[]=3&asize[]=4&asize[]=5&asize[]=6&currency=2&district_id[]=710&district_id[]=714&district_id[]=979&district_id[]=718&district_id[]=720&district_id[]=984&district_id[]=723&district_id[]=270,2026-01-25T19:30:42.650061
"Продава 3-СТАЕН, гр. Пловдив, Център",https://bazar.bg/obiava-42122797/prodawa-3-staen-gr-plowdiw-tsentar,42122797,159 180€,"гр. Пловдив, Център",23 януари,https://bazar.bg/obiavi/prodazhba-apartamenti/plovdiv?asize[]=2&asize[]=3&asize[]=4&asize[]=5&asize[]=6&currency=2&district_id[]=710&district_id[]=714&district_id[]=979&district_id[]=718&district_id[]=720&district_id[]=984&district_id[]=723&district_id[]=270,2026-01-25T19:30:42.650215
"Продава 2-СТАЕН, гр. Пловдив, Център",https://bazar.bg/obiava-51973094/prodawa-2-staen-gr-plowdiw-tsentar,51973094,121 260€,"гр. Пловдив, Център",23 януари,https://bazar.bg/obiavi/prodazhba-apartamenti/plovdiv?asize[]=2&asize[]=3&asize[]=4&asize[]=5&asize[]=6&currency=2&district_id[]=710&district_id[]=714&district_id[]=979&district_id[]=718&district_id[]=720&district_id[]=984&district_id[]=723&district_id[]=270,2026-01-25T19:30:42.650367
"Продава 2-СТАЕН, гр. Пловдив, Център",https://bazar.bg/obiava-49918821/prodawa-2-staen-gr-plowdiw-tsentar,49918821,115 820€,"гр. Пловдив, Център",23 януари,https://bazar.bg/obiavi/prodazhba-apartamenti/plovdiv?asize[]=2&asize[]=3&asize[]=4&asize[]=5&asize[]=6&currency=2&district_id[]=710&district_id[]=714&district_id[]=979&district_id[]=718&district_id[]=720&district_id[]=984&district_id[]=723&district_id[]=270,2026-01-25T19:30:42.650519
"Продава 3-СТАЕН, гр. Пловдив, Център",https://bazar.bg/obiava-49927542/prodawa-3-staen-gr-plowdiw-tsentar,49927542,163 610€,"гр. Пловдив, Център",23 януари,https://bazar.bg/obiavi/prodazhba-apartamenti/plovdiv?asize[]=2&asize[]=3&asize[]=4&asize[]=5&asize[]=6&currency=2&district_id[]=710&district_id[]=714&district_id[]=979&district_id[]=718&district_id[]=720&district_id[]=984&district_id[]=723&district_id[]=270,2026-01-25T19:30:42.650670
"Собственик продава самостоятелен етаж за ремонт в Пловдив, Каменица 1 Продавам собствен многостаен а",https://bazar.bg/obiava-52556482/sobstwenik-prodawa-samostoiatelen-etazh-za-remont-w-plowdiw-kamenitsa-1-prodawam-sobstwen-mnogostaen-a,52556482,292 000€,"гр. Пловдив, Каменица 1",23 януари,https://bazar.bg/obiavi/prodazhba-apartamenti/plovdiv?asize[]=2&asize[]=3&asize[]=4&asize[]=5&asize[]=6&currency=2&district_id[]=710&district_id[]=714&district_id[]=979&district_id[]=718&district_id[]=720&district_id[]=984&district_id[]=723&district_id[]=270,2026-01-25T19:30:42.650826
"Продава 2-СТАЕН, гр. Пловдив, Център",https://bazar.bg/obiava-49649994/prodawa-2-staen-gr-plowdiw-tsentar,49649994,163 100€,"гр. Пловдив, Център",22 януари,https://bazar.bg/obiavi/prodazhba-apartamenti/plovdiv?asize[]=2&asize[]=3&asize[]=4&asize[]=5&asize[]=6&currency=2&district_id[]=710&district_id[]=714&district_id[]=979&district_id[]=718&district_id[]=720&district_id[]=984&district_id[]=723&district_id[]=270,2026-01-25T19:30:42.650995
"Продава 4-СТАЕН, гр. Пловдив, Център",https://bazar.bg/obiava-50964384/prodawa-4-staen-gr-plowdiw-tsentar,50964384,255 000€,"гр. Пловдив, Център",22 януари,https://bazar.bg/obiavi/prodazhba-apartamenti/plovdiv?asize[]=2&asize[]=3&asize[]=4&asize[]=5&asize[]=6&currency=2&district_id[]=710&district_id[]=714&district_id[]=979&district_id[]=718&district_id[]=720&district_id[]=984&district_id[]=723&district_id[]=270,2026-01-25T19:30:42.651151
"Продава 4-СТАЕН, гр. Пловдив, Център",https://bazar.bg/obiava-48579357/prodawa-4-staen-gr-plowdiw-tsentar,48579357,305 000€,"гр. Пловдив, Център",22 януари,https://bazar.bg/obiavi/prodazhba-apartamenti/plovdiv?asize[]=2&asize[]=3&asize[]=4&asize[]=5&asize[]=6&currency=2&district_id[]=710&district_id[]=714&district_id[]=979&district_id[]=718&district_id[]=720&district_id[]=984&district_id[]=723&district_id[]=270,2026-01-25T19:30:42.651304
"Продава 4-СТАЕН, гр. Пловдив, Център",https://bazar.bg/obiava-52198342/prodawa-4-staen-gr-plowdiw-tsentar,52198342,187 000€,"гр. Пловдив, Център",22 януари,https://bazar.bg/obiavi/prodazhba-apartamenti/plovdiv?asize[]=2&asize[]=3&asize[]=4&asize[]=5&asize[]=6&currency=2&district_id[]=710&district_id[]=714&district_id[]=979&district_id[]=718&district_id[]=720&district_id[]=984&district_id[]=723&district_id[]=270,2026-01-25T19:30:42.651453
"Продава 3-СТАЕН, гр. Пловдив, Каменица 1",https://bazar.bg/obiava-50147312/prodawa-3-staen-gr-plowdiw-kamenitsa-1,50147312,269 800€,"гр. Пловдив, Каменица 1",22 януари,https://bazar.bg/obiavi/prodazhba-apartamenti/plovdiv?asize[]=2&asize[]=3&asize[]=4&asize[]=5&asize[]=6&currency=2&district_id[]=710&district_id[]=714&district_id[]=979&district_id[]=718&district_id[]=720&district_id[]=984&district_id[]=723&district_id[]=270,2026-01-25T19:30:42.651605
"Продава 3-СТАЕН, гр. Пловдив, Каменица 1",https://bazar.bg/obiava-50147678/prodawa-3-staen-gr-plowdiw-kamenitsa-1,50147678,207 864€,"гр. Пловдив, Каменица 1",22 януари,https://bazar.bg/obiavi/prodazhba-apartamenti/plovdiv?asize[]=2&asize[]=3&asize[]=4&asize[]=5&asize[]=6&currency=2&district_id[]=710&district_id[]=714&district_id[]=979&district_id[]=718&district_id[]=720&district_id[]=984&district_id[]=723&district_id[]=270,2026-01-25T19:30:42.651757
"Продава 3-СТАЕН, гр. Пловдив, Център",https://bazar.bg/obiava-50893660/prodawa-3-staen-gr-plowdiw-tsentar,50893660,114 000€,"гр. Пловдив, Център",22 януари,https://bazar.bg/obiavi/prodazhba-apartamenti/plovdiv?asize[]=2&asize[]=3&asize[]=4&asize[]=5&asize[]=6&currency=2&district_id[]=710&district_id[]=714&district_id[]=979&district_id[]=718&district_id[]=720&district_id[]=984&district_id[]=723&district_id[]=270,2026-01-25T19:30:42.651912
"Продава 3-СТАЕН, гр. Пловдив, Център",https://bazar.bg/obiava-50134295/prodawa-3-staen-gr-plowdiw-tsentar,50134295,238 000€,"гр. Пловдив, Център",22 януари,https://bazar.bg/obiavi/prodazhba-apartamenti/plovdiv?asize[]=2&asize[]=3&asize[]=4&asize[]=5&asize[]=6&currency=2&district_id[]=710&district_id[]=714&district_id[]=979&district_id[]=718&district_id[]=720&district_id[]=984&district_id[]=723&district_id[]=270,2026-01-25T19:30:42.652081
"Продава 3-СТАЕН, гр. Пловдив, Център",https://bazar.bg/obiava-52708310/prodawa-3-staen-gr-plowdiw-tsentar,52708310,195 000€,"гр. Пловдив, Център",22 януари,https://bazar.bg/obiavi/prodazhba-apartamenti/plovdiv?asize[]=2&asize[]=3&asize[]=4&asize[]=5&asize[]=6&currency=2&district_id[]=710&district_id[]=714&district_id[]=979&district_id[]=718&district_id[]=720&district_id[]=984&district_id[]=723&district_id[]=270,2026-01-25T19:30:42.652240
"Продава 3-СТАЕН, гр. Пловдив, Мараша",https://bazar.bg/obiava-50134412/prodawa-3-staen-gr-plowdiw-marasha,50134412,270 000€,"гр. Пловдив, Мараша",22 януари,https://bazar.bg/obiavi/prodazhba-apartamenti/plovdiv?asize[]=2&asize[]=3&asize[]=4&asize[]=5&asize[]=6&currency=2&district_id[]=710&district_id[]=714&district_id[]=979&district_id[]=718&district_id[]=720&district_id[]=984&district_id[]=723&district_id[]=270,2026-01-25T19:30:42.652396
"Продава 3-СТАЕН, гр. Пловдив, Каменица 1",https://bazar.bg/obiava-50147478/prodawa-3-staen-gr-plowdiw-kamenitsa-1,50147478,284 000€,"гр. Пловдив, Каменица 1",22 януари,https://bazar.bg/obiavi/prodazhba-apartamenti/plovdiv?asize[]=2&asize[]=3&asize[]=4&asize[]=5&asize[]=6&currency=2&district_id[]=710&district_id[]=714&district_id[]=979&district_id[]=718&district_id[]=720&district_id[]=984&district_id[]=723&district_id[]=270,2026-01-25T19:30:42.652549
"Продава 3-СТАЕН, гр. Пловдив, Каменица 1",https://bazar.bg/obiava-50134902/prodawa-3-staen-gr-plowdiw-kamenitsa-1,50134902,274 770€,"гр. Пловдив, Каменица 1",22 януари,https://bazar.bg/obiavi/prodazhba-apartamenti/plovdiv?asize[]=2&asize[]=3&asize[]=4&asize[]=5&asize[]=6&currency=2&district_id[]=710&district_id[]=714&district_id[]=979&district_id[]=718&district_id[]=720&district_id[]=984&district_id[]=723&district_id[]=270,2026-01-25T19:30:42.652700
"Продава 3-СТАЕН, гр. Пловдив, Център",https://bazar.bg/obiava-52534556/prodawa-3-staen-gr-plowdiw-tsentar,52534556,150 000€,"гр. Пловдив, Център",22 януари,https://bazar.bg/obiavi/prodazhba-apartamenti/plovdiv?asize[]=2&asize[]=3&asize[]=4&asize[]=5&asize[]=6&currency=2&district_id[]=710&district_id[]=714&district_id[]=979&district_id[]=718&district_id[]=720&district_id[]=984&district_id[]=723&district_id[]=270,2026-01-25T19:30:42.652850
"Продава 3-СТАЕН, гр. Пловдив, Каменица 1",https://bazar.bg/obiava-49070386/prodawa-3-staen-gr-plowdiw-kamenitsa-1,49070386,195 000€,"гр. Пловдив, Каменица 1",22 януари,https://bazar.bg/obiavi/prodazhba-apartamenti/plovdiv?asize[]=2&asize[]=3&asize[]=4&asize[]=5&asize[]=6&currency=2&district_id[]=710&district_id[]=714&district_id[]=979&district_id[]=718&district_id[]=720&district_id[]=984&district_id[]=723&district_id[]=270,2026-01-25T19:30:42.653014
"Продава 3-СТАЕН, гр. Пловдив, Център",https://bazar.bg/obiava-50134493/prodawa-3-staen-gr-plowdiw-tsentar,50134493,238 000€,"гр. Пловдив, Център",22 януари,https://bazar.bg/obiavi/prodazhba-apartamenti/plovdiv?asize[]=2&asize[]=3&asize[]=4&asize[]=5&asize[]=6&currency=2&district_id[]=710&district_id[]=714&district_id[]=979&district_id[]=718&district_id[]=720&district_id[]=984&district_id[]=723&district_id[]=270,2026-01-25T19:30:42.653168
"Продава 3-СТАЕН, гр. Пловдив, Център",https://bazar.bg/obiava-50134181/prodawa-3-staen-gr-plowdiw-tsentar,50134181,229 000€,"гр. Пловдив, Център",22 януари,https://bazar.bg/obiavi/prodazhba-apartamenti/plovdiv?asize[]=2&asize[]=3&asize[]=4&asize[]=5&asize[]=6&currency=2&district_id[]=710&district_id[]=714&district_id[]=979&district_id[]=718&district_id[]=720&district_id[]=984&district_id[]=723&district_id[]=270,2026-01-25T19:30:42.653324
"Продава 3-СТАЕН, гр. Пловдив, Център",https://bazar.bg/obiava-48607541/prodawa-3-staen-gr-plowdiw-tsentar,48607541,183 850€,"гр. Пловдив, Център",22 януари,https://bazar.bg/obiavi/prodazhba-apartamenti/plovdiv?asize[]=2&asize[]=3&asize[]=4&asize[]=5&asize[]=6&currency=2&district_id[]=710&district_id[]=714&district_id[]=979&district_id[]=718&district_id[]=720&district_id[]=984&district_id[]=723&district_id[]=270,2026-01-25T19:30:42.653473
"Продава 3-СТАЕН, гр. Пловдив, Център",https://bazar.bg/obiava-48594075/prodawa-3-staen-gr-plowdiw-tsentar,48594075,220 500€,"гр. Пловдив, Център",22 януари,https://bazar.bg/obiavi/prodazhba-apartamenti/plovdiv?asize[]=2&asize[]=3&asize[]=4&asize[]=5&asize[]=6&currency=2&district_id[]=710&district_id[]=714&district_id[]=979&district_id[]=718&district_id[]=720&district_id[]=984&district_id[]=723&district_id[]=270,2026-01-25T19:30:42.653626
"Продава 3-СТАЕН, гр. Пловдив, Център",https://bazar.bg/obiava-51401438/prodawa-3-staen-gr-plowdiw-tsentar,51401438,285 000€,"гр. Пловдив, Център",22 януари,https://bazar.bg/obiavi/prodazhba-apartamenti/plovdiv?asize[]=2&asize[]=3&asize[]=4&asize[]=5&asize[]=6&currency=2&district_id[]=710&district_id[]=714&district_id[]=979&district_id[]=718&district_id[]=720&district_id[]=984&district_id[]=723&district_id[]=270,2026-01-25T19:30:42.653778
"Продава 3-СТАЕН, гр. Пловдив, Каменица 1",https://bazar.bg/obiava-50093834/prodawa-3-staen-gr-plowdiw-kamenitsa-1,50093834,406 900€,"гр. Пловдив, Каменица 1",22 януари,https://bazar.bg/obiavi/prodazhba-apartamenti/plovdiv?asize[]=2&asize[]=3&asize[]=4&asize[]=5&asize[]=6&currency=2&district_id[]=710&district_id[]=714&district_id[]=979&district_id[]=718&district_id[]=720&district_id[]=984&district_id[]=723&district_id[]=270,2026-01-25T19:30:42.653930
"Продава 3-СТАЕН, гр. Пловдив, Мараша",https://bazar.bg/obiava-50135276/prodawa-3-staen-gr-plowdiw-marasha,50135276,242 700€,"гр. Пловдив, Мараша",22 януари,https://bazar.bg/obiavi/prodazhba-apartamenti/plovdiv?asize[]=2&asize[]=3&asize[]=4&asize[]=5&asize[]=6&currency=2&district_id[]=710&district_id[]=714&district_id[]=979&district_id[]=718&district_id[]=720&district_id[]=984&district_id[]=723&district_id[]=270,2026-01-25T19:30:42.654098
"Продава 3-СТАЕН, гр. Пловдив, Център",https://bazar.bg/obiava-50133992/prodawa-3-staen-gr-plowdiw-tsentar,50133992,165 500€,"гр. Пловдив, Център",22 януари,https://bazar.bg/obiavi/prodazhba-apartamenti/plovdiv?asize[]=2&asize[]=3&asize[]=4&asize[]=5&asize[]=6&currency=2&district_id[]=710&district_id[]=714&district_id[]=979&district_id[]=718&district_id[]=720&district_id[]=984&district_id[]=723&district_id[]=270,2026-01-25T19:30:42.654337
"Продава 3-СТАЕН, гр. Пловдив, Център",https://bazar.bg/obiava-48579219/prodawa-3-staen-gr-plowdiw-tsentar,48579219,188 750€,"гр. Пловдив, Център",22 януари,https://bazar.bg/obiavi/prodazhba-apartamenti/plovdiv?asize[]=2&asize[]=3&asize[]=4&asize[]=5&asize[]=6&currency=2&district_id[]=710&district_id[]=714&district_id[]=979&district_id[]=718&district_id[]=720&district_id[]=984&district_id[]=723&district_id[]=270,2026-01-25T19:30:42.654502
"Продава 3-СТАЕН, гр. Пловдив, Център",https://bazar.bg/obiava-48579468/prodawa-3-staen-gr-plowdiw-tsentar,48579468,189 850€,"гр. Пловдив, Център",22 януари,https://bazar.bg/obiavi/prodazhba-apartamenti/plovdiv?asize[]=2&asize[]=3&asize[]=4&asize[]=5&asize[]=6&currency=2&district_id[]=710&district_id[]=714&district_id[]=979&district_id[]=718&district_id[]=720&district_id[]=984&district_id[]=723&district_id[]=270,2026-01-25T19:30:42.654653
"Продава 2-СТАЕН, гр. Пловдив, Център",https://bazar.bg/obiava-50147474/prodawa-2-staen-gr-plowdiw-tsentar,50147474,85 637€,"гр. Пловдив, Център",22 януари,https://bazar.bg/obiavi/prodazhba-apartamenti/plovdiv?asize[]=2&asize[]=3&asize[]=4&asize[]=5&asize[]=6&currency=2&district_id[]=710&district_id[]=714&district_id[]=979&district_id[]=718&district_id[]=720&district_id[]=984&district_id[]=723&district_id[]=270,2026-01-25T19:30:42.654805
"Продава 2-СТАЕН, гр. Пловдив, Център",https://bazar.bg/obiava-50135236/prodawa-2-staen-gr-plowdiw-tsentar,50135236,87 520€,"гр. Пловдив, Център",22 януари,https://bazar.bg/obiavi/prodazhba-apartamenti/plovdiv?asize[]=2&asize[]=3&asize[]=4&asize[]=5&asize[]=6&currency=2&district_id[]=710&district_id[]=714&district_id[]=979&district_id[]=718&district_id[]=720&district_id[]=984&district_id[]=723&district_id[]=270,2026-01-25T19:30:42.654971
"Продава 2-СТАЕН, гр. Пловдив, Център",https://bazar.bg/obiava-48593944/prodawa-2-staen-gr-plowdiw-tsentar,48593944,95 660€,"гр. Пловдив, Център",22 януари,https://bazar.bg/obiavi/prodazhba-apartamenti/plovdiv?asize[]=2&asize[]=3&asize[]=4&asize[]=5&asize[]=6&currency=2&district_id[]=710&district_id[]=714&district_id[]=979&district_id[]=718&district_id[]=720&district_id[]=984&district_id[]=723&district_id[]=270,2026-01-25T19:30:42.655127
"Продава 2-СТАЕН, гр. Пловдив, Център",https://bazar.bg/obiava-48608778/prodawa-2-staen-gr-plowdiw-tsentar,48608778,87 777€,"гр. Пловдив, Център",22 януари,https://bazar.bg/obiavi/prodazhba-apartamenti/plovdiv?asize[]=2&asize[]=3&asize[]=4&asize[]=5&asize[]=6&currency=2&district_id[]=710&district_id[]=714&district_id[]=979&district_id[]=718&district_id[]=720&district_id[]=984&district_id[]=723&district_id[]=270,2026-01-25T19:30:42.655277
"Продава 2-СТАЕН, гр. Пловдив, Център",https://bazar.bg/obiava-52536188/prodawa-2-staen-gr-plowdiw-tsentar,52536188,180 000€,"гр. Пловдив, Център",22 януари,https://bazar.bg/obiavi/prodazhba-apartamenti/plovdiv?asize[]=2&asize[]=3&asize[]=4&asize[]=5&asize[]=6&currency=2&district_id[]=710&district_id[]=714&district_id[]=979&district_id[]=718&district_id[]=720&district_id[]=984&district_id[]=723&district_id[]=270,2026-01-25T19:30:42.655429
"Продава МНОГОСТАЕН, гр. Пловдив, Каменица 1",https://bazar.bg/obiava-51983530/prodawa-mnogostaen-gr-plowdiw-kamenitsa-1,51983530,199 999€,"гр. Пловдив, Каменица 1",22 януари,https://bazar.bg/obiavi/prodazhba-apartamenti/plovdiv?asize[]=2&asize[]=3&asize[]=4&asize[]=5&asize[]=6&currency=2&district_id[]=710&district_id[]=714&district_id[]=979&district_id[]=718&district_id[]=720&district_id[]=984&district_id[]=723&district_id[]=270,2026-01-25T19:30:42.655579
"Продава 2-СТАЕН, гр. Пловдив, Център",https://bazar.bg/obiava-50147202/prodawa-2-staen-gr-plowdiw-tsentar,50147202,182 000€,"гр. Пловдив, Център",22 януари,https://bazar.bg/obiavi/prodazhba-apartamenti/plovdiv?asize[]=2&asize[]=3&asize[]=4&asize[]=5&asize[]=6&currency=2&district_id[]=710&district_id[]=714&district_id[]=979&district_id[]=718&district_id[]=720&district_id[]=984&district_id[]=723&district_id[]=270,2026-01-25T19:30:42.655731
"Продава 2-СТАЕН, гр. Пловдив, Каменица 1",https://bazar.bg/obiava-50147604/prodawa-2-staen-gr-plowdiw-kamenitsa-1,50147604,140 000€,"гр. Пловдив, Каменица 1",22 януари,https://bazar.bg/obiavi/prodazhba-apartamenti/plovdiv?asize[]=2&asize[]=3&asize[]=4&asize[]=5&asize[]=6&currency=2&district_id[]=710&district_id[]=714&district_id[]=979&district_id[]=718&district_id[]=720&district_id[]=984&district_id[]=723&district_id[]=270,2026-01-25T19:30:42.655879
"Продава 2-СТАЕН, гр. Пловдив, Център",https://bazar.bg/obiava-50147178/prodawa-2-staen-gr-plowdiw-tsentar,50147178,179 600€,"гр. Пловдив, Център",22 януари,https://bazar.bg/obiavi/prodazhba-apartamenti/plovdiv?asize[]=2&asize[]=3&asize[]=4&asize[]=5&asize[]=6&currency=2&district_id[]=710&district_id[]=714&district_id[]=979&district_id[]=718&district_id[]=720&district_id[]=984&district_id[]=723&district_id[]=270,2026-01-25T19:30:42.656044
"Продава 3-СТАЕН, гр. Пловдив, Мараша",https://bazar.bg/obiava-53189888/prodawa-3-staen-gr-plowdiw-marasha,53189888,300 000€,"гр. Пловдив, Мараша",22 януари,https://bazar.bg/obiavi/prodazhba-apartamenti/plovdiv?asize[]=2&asize[]=3&asize[]=4&asize[]=5&asize[]=6&currency=2&district_id[]=710&district_id[]=714&district_id[]=979&district_id[]=718&district_id[]=720&district_id[]=984&district_id[]=723&district_id[]=270,2026-01-25T19:30:42.656195
"Продава 3-СТАЕН, гр. Пловдив, Център",https://bazar.bg/obiava-53187884/prodawa-3-staen-gr-plowdiw-tsentar,53187884,309 500€,"гр. Пловдив, Център",22 януари,https://bazar.bg/obiavi/prodazhba-apartamenti/plovdiv?asize[]=2&asize[]=3&asize[]=4&asize[]=5&asize[]=6&currency=2&district_id[]=710&district_id[]=714&district_id[]=979&district_id[]=718&district_id[]=720&district_id[]=984&district_id[]=723&district_id[]=270,2026-01-25T19:30:42.656345
"Продава 2-СТАЕН, гр. Пловдив, Център",https://bazar.bg/obiava-50001593/prodawa-2-staen-gr-plowdiw-tsentar,50001593,120 000€,"гр. Пловдив, Център",22 януари,https://bazar.bg/obiavi/prodazhba-apartamenti/plovdiv?asize[]=2&asize[]=3&asize[]=4&asize[]=5&asize[]=6&currency=2&district_id[]=710&district_id[]=714&district_id[]=979&district_id[]=718&district_id[]=720&district_id[]=984&district_id[]=723&district_id[]=270,2026-01-25T19:30:42.656494
"Продава 2-СТАЕН, гр. Пловдив, Център",https://bazar.bg/obiava-53187761/prodawa-2-staen-gr-plowdiw-tsentar,53187761,264 000€,"гр. Пловдив, Център",22 януари,https://bazar.bg/obiavi/prodazhba-apartamenti/plovdiv?asize[]=2&asize[]=3&asize[]=4&asize[]=5&asize[]=6&currency=2&district_id[]=710&district_id[]=714&district_id[]=979&district_id[]=718&district_id[]=720&district_id[]=984&district_id[]=723&district_id[]=270,2026-01-25T19:30:42.656643
"Продава 2-СТАЕН, гр. Пловдив, Център",https://bazar.bg/obiava-51987901/prodawa-2-staen-gr-plowdiw-tsentar,51987901,111 999€,"гр. Пловдив, Център",22 януари,https://bazar.bg/obiavi/prodazhba-apartamenti/plovdiv?asize[]=2&asize[]=3&asize[]=4&asize[]=5&asize[]=6&currency=2&district_id[]=710&district_id[]=714&district_id[]=979&district_id[]=718&district_id[]=720&district_id[]=984&district_id[]=723&district_id[]=270,2026-01-25T19:30:45.126321
"Продава 3-СТАЕН, гр. Пловдив, Център",https://bazar.bg/obiava-47215393/prodawa-3-staen-gr-plowdiw-tsentar,47215393,192 455€,"гр. Пловдив, Център",22 януари,https://bazar.bg/obiavi/prodazhba-apartamenti/plovdiv?asize[]=2&asize[]=3&asize[]=4&asize[]=5&asize[]=6&currency=2&district_id[]=710&district_id[]=714&district_id[]=979&district_id[]=718&district_id[]=720&district_id[]=984&district_id[]=723&district_id[]=270,2026-01-25T19:30:45.126478
"Продава 2-СТАЕН, гр. Пловдив, Западен",https://bazar.bg/obiava-47065625/prodawa-2-staen-gr-plowdiw-zapaden,47065625,Договаряне,"гр. Пловдив, Западен",22 януари,https://bazar.bg/obiavi/prodazhba-apartamenti/plovdiv?asize[]=2&asize[]=3&asize[]=4&asize[]=5&asize[]=6&currency=2&district_id[]=710&district_id[]=714&district_id[]=979&district_id[]=718&district_id[]=720&district_id[]=984&district_id[]=723&district_id[]=270,2026-01-25T19:30:45.126625
"Продава 2-СТАЕН, гр. Пловдив, Западен",https://bazar.bg/obiava-47065569/prodawa-2-staen-gr-plowdiw-zapaden,47065569,Договаряне,"гр. Пловдив, Западен",22 януари,https://bazar.bg/obiavi/prodazhba-apartamenti/plovdiv?asize[]=2&asize[]=3&asize[]=4&asize[]=5&asize[]=6&currency=2&district_id[]=710&district_id[]=714&district_id[]=979&district_id[]=718&district_id[]=720&district_id[]=984&district_id[]=723&district_id[]=270,2026-01-25T19:30:45.126779
"Продава 3-СТАЕН, гр. Пловдив, Западен",https://bazar.bg/obiava-47065572/prodawa-3-staen-gr-plowdiw-zapaden,47065572,Договаряне,"гр. Пловдив, Западен",22 януари,https://bazar.bg/obiavi/prodazhba-apartamenti/plovdiv?asize[]=2&asize[]=3&asize[]=4&asize[]=5&asize[]=6&currency=2&district_id[]=710&district_id[]=714&district_id[]=979&district_id[]=718&district_id[]=720&district_id[]=984&district_id[]=723&district_id[]=270,2026-01-25T19:30:45.126921
"Продава 3-СТАЕН, гр. Пловдив, Западен",https://bazar.bg/obiava-47065574/prodawa-3-staen-gr-plowdiw-zapaden,47065574,Договаряне,"гр. Пловдив, Западен",22 януари,https://bazar.bg/obiavi/prodazhba-apartamenti/plovdiv?asize[]=2&asize[]=3&asize[]=4&asize[]=5&asize[]=6&currency=2&district_id[]=710&district_id[]=714&district_id[]=979&district_id[]=718&district_id[]=720&district_id[]=984&district_id[]=723&district_id[]=270,2026-01-25T19:30:45.127116
"Продава 3-СТАЕН, гр. Пловдив, Младежки Хълм",https://bazar.bg/obiava-52288009/prodawa-3-staen-gr-plowdiw-mladezhki-halm,52288009,149 300€,"гр. Пловдив, Младежки Хълм",22 януари,https://bazar.bg/obiavi/prodazhba-apartamenti/plovdiv?asize[]=2&asize[]=3&asize[]=4&asize[]=5&asize[]=6&currency=2&district_id[]=710&district_id[]=714&district_id[]=979&district_id[]=718&district_id[]=720&district_id[]=984&district_id[]=723&district_id[]=270,2026-01-25T19:30:45.127264
"Продава 3-СТАЕН, гр. Пловдив, Каменица 1",https://bazar.bg/obiava-51750587/prodawa-3-staen-gr-plowdiw-kamenitsa-1,51750587,149 500€,"гр. Пловдив, Каменица 1",22 януари,https://bazar.bg/obiavi/prodazhba-apartamenti/plovdiv?asize[]=2&asize[]=3&asize[]=4&asize[]=5&asize[]=6&currency=2&district_id[]=710&district_id[]=714&district_id[]=979&district_id[]=718&district_id[]=720&district_id[]=984&district_id[]=723&district_id[]=270,2026-01-25T19:30:45.127408
"Продава 3-СТАЕН, гр. Пловдив, Център",https://bazar.bg/obiava-53083842/prodawa-3-staen-gr-plowdiw-tsentar,53083842,395 000€,"гр. Пловдив, Център",22 януари,https://bazar.bg/obiavi/prodazhba-apartamenti/plovdiv?asize[]=2&asize[]=3&asize[]=4&asize[]=5&asize[]=6&currency=2&district_id[]=710&district_id[]=714&district_id[]=979&district_id[]=718&district_id[]=720&district_id[]=984&district_id[]=723&district_id[]=270,2026-01-25T19:30:45.127551
"Продава 3-СТАЕН, гр. Пловдив, Младежки Хълм",https://bazar.bg/obiava-36135364/prodawa-3-staen-gr-plowdiw-mladezhki-halm,36135364,178 000€,"гр. Пловдив, Младежки Хълм",22 януари,https://bazar.bg/obiavi/prodazhba-apartamenti/plovdiv?asize[]=2&asize[]=3&asize[]=4&asize[]=5&asize[]=6&currency=2&district_id[]=710&district_id[]=714&district_id[]=979&district_id[]=718&district_id[]=720&district_id[]=984&district_id[]=723&district_id[]=270,2026-01-25T19:30:45.127694
"Продава 4-СТАЕН, гр. Пловдив, Младежки Хълм",https://bazar.bg/obiava-53186569/prodawa-4-staen-gr-plowdiw-mladezhki-halm,53186569,214 385€,"гр. Пловдив, Младежки Хълм",22 януари,https://bazar.bg/obiavi/prodazhba-apartamenti/plovdiv?asize[]=2&asize[]=3&asize[]=4&asize[]=5&asize[]=6&currency=2&district_id[]=710&district_id[]=714&district_id[]=979&district_id[]=718&district_id[]=720&district_id[]=984&district_id[]=723&district_id[]=270,2026-01-25T19:30:45.127837
"Продава 2-СТАЕН, гр. Пловдив, Център",https://bazar.bg/obiava-52501655/prodawa-2-staen-gr-plowdiw-tsentar,52501655,89 500€,"гр. Пловдив, Център",22 януари,https://bazar.bg/obiavi/prodazhba-apartamenti/plovdiv?asize[]=2&asize[]=3&asize[]=4&asize[]=5&asize[]=6&currency=2&district_id[]=710&district_id[]=714&district_id[]=979&district_id[]=718&district_id[]=720&district_id[]=984&district_id[]=723&district_id[]=270,2026-01-25T19:30:45.128001
"Продава 4-СТАЕН, гр. Пловдив, Каменица 1",https://bazar.bg/obiava-53186384/prodawa-4-staen-gr-plowdiw-kamenitsa-1,53186384,199 990€,"гр. Пловдив, Каменица 1",22 януари,https://bazar.bg/obiavi/prodazhba-apartamenti/plovdiv?asize[]=2&asize[]=3&asize[]=4&asize[]=5&asize[]=6&currency=2&district_id[]=710&district_id[]=714&district_id[]=979&district_id[]=718&district_id[]=720&district_id[]=984&district_id[]=723&district_id[]=270,2026-01-25T19:30:45.128146
"Продава 2-СТАЕН, гр. Пловдив, Център",https://bazar.bg/obiava-53186332/prodawa-2-staen-gr-plowdiw-tsentar,53186332,129 500€,"гр. Пловдив, Център",22 януари,https://bazar.bg/obiavi/prodazhba-apartamenti/plovdiv?asize[]=2&asize[]=3&asize[]=4&asize[]=5&asize[]=6&currency=2&district_id[]=710&district_id[]=714&district_id[]=979&district_id[]=718&district_id[]=720&district_id[]=984&district_id[]=723&district_id[]=270,2026-01-25T19:30:45.128287
"Продава 4-СТАЕН, гр. Пловдив, Център",https://bazar.bg/obiava-52801002/prodawa-4-staen-gr-plowdiw-tsentar,52801002,398 800€,"гр. Пловдив, Център",22 януари,https://bazar.bg/obiavi/prodazhba-apartamenti/plovdiv?asize[]=2&asize[]=3&asize[]=4&asize[]=5&asize[]=6&currency=2&district_id[]=710&district_id[]=714&district_id[]=979&district_id[]=718&district_id[]=720&district_id[]=984&district_id[]=723&district_id[]=270,2026-01-25T19:30:45.128432
"Продава 4-СТАЕН, гр. Пловдив, Център",https://bazar.bg/obiava-52800995/prodawa-4-staen-gr-plowdiw-tsentar,52800995,398 000€,"гр. Пловдив, Център",22 януари,https://bazar.bg/obiavi/prodazhba-apartamenti/plovdiv?asize[]=2&asize[]=3&asize[]=4&asize[]=5&asize[]=6&currency=2&district_id[]=710&district_id[]=714&district_id[]=979&district_id[]=718&district_id[]=720&district_id[]=984&district_id[]=723&district_id[]=270,2026-01-25T19:30:45.128573
"Продава 4-СТАЕН, гр. Пловдив, Център",https://bazar.bg/obiava-52801003/prodawa-4-staen-gr-plowdiw-tsentar,52801003,738 750€,"гр. Пловдив, Център",22 януари,https://bazar.bg/obiavi/prodazhba-apartamenti/plovdiv?asize[]=2&asize[]=3&asize[]=4&asize[]=5&asize[]=6&currency=2&district_id[]=710&district_id[]=714&district_id[]=979&district_id[]=718&district_id[]=720&district_id[]=984&district_id[]=723&district_id[]=270,2026-01-25T19:30:45.128714
"Продава 2-СТАЕН, гр. Пловдив, Отдих и култура",https://bazar.bg/obiava-53186235/prodawa-2-staen-gr-plowdiw-otdih-i-kultura,53186235,143 741€,"гр. Пловдив, Отдих и култура",22 януари,https://bazar.bg/obiavi/prodazhba-apartamenti/plovdiv?asize[]=2&asize[]=3&asize[]=4&asize[]=5&asize[]=6&currency=2&district_id[]=710&district_id[]=714&district_id[]=979&district_id[]=718&district_id[]=720&district_id[]=984&district_id[]=723&district_id[]=270,2026-01-25T19:30:45.128855
"Продава 3-СТАЕН, гр. Пловдив, Център",https://bazar.bg/obiava-52801006/prodawa-3-staen-gr-plowdiw-tsentar,52801006,280 000€,"гр. Пловдив, Център",22 януари,https://bazar.bg/obiavi/prodazhba-apartamenti/plovdiv?asize[]=2&asize[]=3&asize[]=4&asize[]=5&asize[]=6&currency=2&district_id[]=710&district_id[]=714&district_id[]=979&district_id[]=718&district_id[]=720&district_id[]=984&district_id[]=723&district_id[]=270,2026-01-25T19:30:45.129013
"Продава 3-СТАЕН, гр. Пловдив, Център",https://bazar.bg/obiava-52800990/prodawa-3-staen-gr-plowdiw-tsentar,52800990,343 000€,"гр. Пловдив, Център",22 януари,https://bazar.bg/obiavi/prodazhba-apartamenti/plovdiv?asize[]=2&asize[]=3&asize[]=4&asize[]=5&asize[]=6&currency=2&district_id[]=710&district_id[]=714&district_id[]=979&district_id[]=718&district_id[]=720&district_id[]=984&district_id[]=723&district_id[]=270,2026-01-25T19:30:45.129162
"Продава 2-СТАЕН, гр. Пловдив, Център",https://bazar.bg/obiava-52800992/prodawa-2-staen-gr-plowdiw-tsentar,52800992,148 150€,"гр. Пловдив, Център",22 януари,https://bazar.bg/obiavi/prodazhba-apartamenti/plovdiv?asize[]=2&asize[]=3&asize[]=4&asize[]=5&asize[]=6&currency=2&district_id[]=710&district_id[]=714&district_id[]=979&district_id[]=718&district_id[]=720&district_id[]=984&district_id[]=723&district_id[]=270,2026-01-25T19:30:45.129307
"Продава 3-СТАЕН, гр. Пловдив, Център",https://bazar.bg/obiava-49954400/prodawa-3-staen-gr-plowdiw-tsentar,49954400,196 000€,"гр. Пловдив, Център",22 януари,https://bazar.bg/obiavi/prodazhba-apartamenti/plovdiv?asize[]=2&asize[]=3&asize[]=4&asize[]=5&asize[]=6&currency=2&district_id[]=710&district_id[]=714&district_id[]=979&district_id[]=718&district_id[]=720&district_id[]=984&district_id[]=723&district_id[]=270,2026-01-25T19:30:45.129447
"Продава 4-СТАЕН, гр. Пловдив, Център",https://bazar.bg/obiava-53166332/prodawa-4-staen-gr-plowdiw-tsentar,53166332,450 000€,"гр. Пловдив, Център",22 януари,https://bazar.bg/obiavi/prodazhba-apartamenti/plovdiv?asize[]=2&asize[]=3&asize[]=4&asize[]=5&asize[]=6&currency=2&district_id[]=710&district_id[]=714&district_id[]=979&district_id[]=718&district_id[]=720&district_id[]=984&district_id[]=723&district_id[]=270,2026-01-25T19:30:45.129588
"Продава 3-СТАЕН, гр. Пловдив, Западен",https://bazar.bg/obiava-47719613/prodawa-3-staen-gr-plowdiw-zapaden,47719613,256 000€,"гр. Пловдив, Западен",22 януари,https://bazar.bg/obiavi/prodazhba-apartamenti/plovdiv?asize[]=2&asize[]=3&asize[]=4&asize[]=5&asize[]=6&currency=2&district_id[]=710&district_id[]=714&district_id[]=979&district_id[]=718&district_id[]=720&district_id[]=984&district_id[]=723&district_id[]=270,2026-01-25T19:30:45.129730
"Продава 3-СТАЕН, гр. Пловдив, Център",https://bazar.bg/obiava-50222693/prodawa-3-staen-gr-plowdiw-tsentar,50222693,195 000€,"гр. Пловдив, Център",22 януари,https://bazar.bg/obiavi/prodazhba-apartamenti/plovdiv?asize[]=2&asize[]=3&asize[]=4&asize[]=5&asize[]=6&currency=2&district_id[]=710&district_id[]=714&district_id[]=979&district_id[]=718&district_id[]=720&district_id[]=984&district_id[]=723&district_id[]=270,2026-01-25T19:30:45.129873
"Продава 3-СТАЕН, гр. Пловдив, Мараша",https://bazar.bg/obiava-51757879/prodawa-3-staen-gr-plowdiw-marasha,51757879,359 000€,"гр. Пловдив, Мараша",22 януари,https://bazar.bg/obiavi/prodazhba-apartamenti/plovdiv?asize[]=2&asize[]=3&asize[]=4&asize[]=5&asize[]=6&currency=2&district_id[]=710&district_id[]=714&district_id[]=979&district_id[]=718&district_id[]=720&district_id[]=984&district_id[]=723&district_id[]=270,2026-01-25T19:30:45.130030
"Продава 3-СТАЕН, гр. Пловдив, Мараша",https://bazar.bg/obiava-51745601/prodawa-3-staen-gr-plowdiw-marasha,51745601,299 000€,"гр. Пловдив, Мараша",22 януари,https://bazar.bg/obiavi/prodazhba-apartamenti/plovdiv?asize[]=2&asize[]=3&asize[]=4&asize[]=5&asize[]=6&currency=2&district_id[]=710&district_id[]=714&district_id[]=979&district_id[]=718&district_id[]=720&district_id[]=984&district_id[]=723&district_id[]=270,2026-01-25T19:30:45.130173
"Продава 3-СТАЕН, гр. Пловдив, Каменица 1",https://bazar.bg/obiava-53185795/prodawa-3-staen-gr-plowdiw-kamenitsa-1,53185795,302 000€,"гр. Пловдив, Каменица 1",22 януари,https://bazar.bg/obiavi/prodazhba-apartamenti/plovdiv?asize[]=2&asize[]=3&asize[]=4&asize[]=5&asize[]=6&currency=2&district_id[]=710&district_id[]=714&district_id[]=979&district_id[]=718&district_id[]=720&district_id[]=984&district_id[]=723&district_id[]=270,2026-01-25T19:30:45.130315
"Продава 3-СТАЕН, гр. Пловдив, Отдих и култура",https://bazar.bg/obiava-53185447/prodawa-3-staen-gr-plowdiw-otdih-i-kultura,53185447,268 438€,"гр. Пловдив, Отдих и култура",22 януари,https://bazar.bg/obiavi/prodazhba-apartamenti/plovdiv?asize[]=2&asize[]=3&asize[]=4&asize[]=5&asize[]=6&currency=2&district_id[]=710&district_id[]=714&district_id[]=979&district_id[]=718&district_id[]=720&district_id[]=984&district_id[]=723&district_id[]=270,2026-01-25T19:30:45.130456
"Продава 4-СТАЕН, гр. Пловдив, Отдих и култура",https://bazar.bg/obiava-53185315/prodawa-4-staen-gr-plowdiw-otdih-i-kultura,53185315,292 403€,"гр. Пловдив, Отдих и култура",22 януари,https://bazar.bg/obiavi/prodazhba-apartamenti/plovdiv?asize[]=2&asize[]=3&asize[]=4&asize[]=5&asize[]=6&currency=2&district_id[]=710&district_id[]=714&district_id[]=979&district_id[]=718&district_id[]=720&district_id[]=984&district_id[]=723&district_id[]=270,2026-01-25T19:30:45.130597
"Продава 2-СТАЕН, гр. Пловдив, Център",https://bazar.bg/obiava-53185017/prodawa-2-staen-gr-plowdiw-tsentar,53185017,129 539€,"гр. Пловдив, Център",22 януари,https://bazar.bg/obiavi/prodazhba-apartamenti/plovdiv?asize[]=2&asize[]=3&asize[]=4&asize[]=5&asize[]=6&currency=2&district_id[]=710&district_id[]=714&district_id[]=979&district_id[]=718&district_id[]=720&district_id[]=984&district_id[]=723&district_id[]=270,2026-01-25T19:30:45.130739
"Продава 3-СТАЕН, гр. Пловдив, Отдих и култура",https://bazar.bg/obiava-53184907/prodawa-3-staen-gr-plowdiw-otdih-i-kultura,53184907,217 416€,"гр. Пловдив, Отдих и култура",22 януари,https://bazar.bg/obiavi/prodazhba-apartamenti/plovdiv?asize[]=2&asize[]=3&asize[]=4&asize[]=5&asize[]=6&currency=2&district_id[]=710&district_id[]=714&district_id[]=979&district_id[]=718&district_id[]=720&district_id[]=984&district_id[]=723&district_id[]=270,2026-01-25T19:30:45.130880
"Продава 3-СТАЕН, гр. Пловдив, Младежки Хълм",https://bazar.bg/obiava-47583486/prodawa-3-staen-gr-plowdiw-mladezhki-halm,47583486,265 000€,"гр. Пловдив, Младежки Хълм",22 януари,https://bazar.bg/obiavi/prodazhba-apartamenti/plovdiv?asize[]=2&asize[]=3&asize[]=4&asize[]=5&asize[]=6&currency=2&district_id[]=710&district_id[]=714&district_id[]=979&district_id[]=718&district_id[]=720&district_id[]=984&district_id[]=723&district_id[]=270,2026-01-25T19:30:45.131043
"Продава МЕЗОНЕТ, гр. Пловдив, Център",https://bazar.bg/obiava-51782808/prodawa-mezonet-gr-plowdiw-tsentar,51782808,Договаряне,"гр. Пловдив, Център",21 януари,https://bazar.bg/obiavi/prodazhba-apartamenti/plovdiv?asize[]=2&asize[]=3&asize[]=4&asize[]=5&asize[]=6&currency=2&district_id[]=710&district_id[]=714&district_id[]=979&district_id[]=718&district_id[]=720&district_id[]=984&district_id[]=723&district_id[]=270,2026-01-25T19:30:45.131187
"Продава 2-СТАЕН, гр. Пловдив, Център",https://bazar.bg/obiava-52119962/prodawa-2-staen-gr-plowdiw-tsentar,52119962,200 000€,"гр. Пловдив, Център",21 януари,https://bazar.bg/obiavi/prodazhba-apartamenti/plovdiv?asize[]=2&asize[]=3&asize[]=4&asize[]=5&asize[]=6&currency=2&district_id[]=710&district_id[]=714&district_id[]=979&district_id[]=718&district_id[]=720&district_id[]=984&district_id[]=723&district_id[]=270,2026-01-25T19:30:45.131328
"Продава 2-СТАЕН, гр. Пловдив, Център",https://bazar.bg/obiava-49828286/prodawa-2-staen-gr-plowdiw-tsentar,49828286,180 000€,"гр. Пловдив, Център",21 януари,https://bazar.bg/obiavi/prodazhba-apartamenti/plovdiv?asize[]=2&asize[]=3&asize[]=4&asize[]=5&asize[]=6&currency=2&district_id[]=710&district_id[]=714&district_id[]=979&district_id[]=718&district_id[]=720&district_id[]=984&district_id[]=723&district_id[]=270,2026-01-25T19:30:45.131468
"Продава 3-СТАЕН, гр. Пловдив, Център",https://bazar.bg/obiava-52819201/prodawa-3-staen-gr-plowdiw-tsentar,52819201,145 000€,"гр. Пловдив, Център",21 януари,https://bazar.bg/obiavi/prodazhba-apartamenti/plovdiv?asize[]=2&asize[]=3&asize[]=4&asize[]=5&asize[]=6&currency=2&district_id[]=710&district_id[]=714&district_id[]=979&district_id[]=718&district_id[]=720&district_id[]=984&district_id[]=723&district_id[]=270,2026-01-25T19:30:45.131610
"Продава 3-СТАЕН, гр. Пловдив, Център",https://bazar.bg/obiava-53167213/prodawa-3-staen-gr-plowdiw-tsentar,53167213,329 000€,"гр. Пловдив, Център",21 януари,https://bazar.bg/obiavi/prodazhba-apartamenti/plovdiv?asize[]=2&asize[]=3&asize[]=4&asize[]=5&asize[]=6&currency=2&district_id[]=710&district_id[]=714&district_id[]=979&district_id[]=718&district_id[]=720&district_id[]=984&district_id[]=723&district_id[]=270,2026-01-25T19:30:45.131751
"Продава 3-СТАЕН, гр. Пловдив, Младежки Хълм",https://bazar.bg/obiava-50451418/prodawa-3-staen-gr-plowdiw-mladezhki-halm,50451418,299 900€,"гр. Пловдив, Младежки Хълм",21 януари,https://bazar.bg/obiavi/prodazhba-apartamenti/plovdiv?asize[]=2&asize[]=3&asize[]=4&asize[]=5&asize[]=6&currency=2&district_id[]=710&district_id[]=714&district_id[]=979&district_id[]=718&district_id[]=720&district_id[]=984&district_id[]=723&district_id[]=270,2026-01-25T19:30:45.131892
"Продава 3-СТАЕН, гр. Пловдив, Център",https://bazar.bg/obiava-52650923/prodawa-3-staen-gr-plowdiw-tsentar,52650923,256 000€,"гр. Пловдив, Център",21 януари,https://bazar.bg/obiavi/prodazhba-apartamenti/plovdiv?asize[]=2&asize[]=3&asize[]=4&asize[]=5&asize[]=6&currency=2&district_id[]=710&district_id[]=714&district_id[]=979&district_id[]=718&district_id[]=720&district_id[]=984&district_id[]=723&district_id[]=270,2026-01-25T19:30:45.132054
3-стаен монолит идеален център до Съда,https://bazar.bg/obiava-52502185/3-staen-monolit-idealen-tsentar-do-sada,52502185,160 000€,"гр. Пловдив, Център",21 януари,https://bazar.bg/obiavi/prodazhba-apartamenti/plovdiv?asize[]=2&asize[]=3&asize[]=4&asize[]=5&asize[]=6&currency=2&district_id[]=710&district_id[]=714&district_id[]=979&district_id[]=718&district_id[]=720&district_id[]=984&district_id[]=723&district_id[]=270,2026-01-25T19:30:45.132198
"Продава МЕЗОНЕТ, гр. Пловдив, Мараша",https://bazar.bg/obiava-51273517/prodawa-mezonet-gr-plowdiw-marasha,51273517,365 000€,"гр. Пловдив, Мараша",21 януари,https://bazar.bg/obiavi/prodazhba-apartamenti/plovdiv?asize[]=2&asize[]=3&asize[]=4&asize[]=5&asize[]=6&currency=2&district_id[]=710&district_id[]=714&district_id[]=979&district_id[]=718&district_id[]=720&district_id[]=984&district_id[]=723&district_id[]=270,2026-01-25T19:30:45.132341
"Продава 3-СТАЕН, гр. Пловдив, Каменица 1",https://bazar.bg/obiava-50134774/prodawa-3-staen-gr-plowdiw-kamenitsa-1,50134774,190 000€,"гр. Пловдив, Каменица 1",21 януари,https://bazar.bg/obiavi/prodazhba-apartamenti/plovdiv?asize[]=2&asize[]=3&asize[]=4&asize[]=5&asize[]=6&currency=2&district_id[]=710&district_id[]=714&district_id[]=979&district_id[]=718&district_id[]=720&district_id[]=984&district_id[]=723&district_id[]=270,2026-01-25T19:30:45.132481
"Продава 3-СТАЕН, гр. Пловдив, Център",https://bazar.bg/obiava-50134013/prodawa-3-staen-gr-plowdiw-tsentar,50134013,199 200€,"гр. Пловдив, Център",21 януари,https://bazar.bg/obiavi/prodazhba-apartamenti/plovdiv?asize[]=2&asize[]=3&asize[]=4&asize[]=5&asize[]=6&currency=2&district_id[]=710&district_id[]=714&district_id[]=979&district_id[]=718&district_id[]=720&district_id[]=984&district_id[]=723&district_id[]=270,2026-01-25T19:30:45.132621
"Продава 3-СТАЕН, гр. Пловдив, Център",https://bazar.bg/obiava-49946788/prodawa-3-staen-gr-plowdiw-tsentar,49946788,199 350€,"гр. Пловдив, Център",21 януари,https://bazar.bg/obiavi/prodazhba-apartamenti/plovdiv?asize[]=2&asize[]=3&asize[]=4&asize[]=5&asize[]=6&currency=2&district_id[]=710&district_id[]=714&district_id[]=979&district_id[]=718&district_id[]=720&district_id[]=984&district_id[]=723&district_id[]=270,2026-01-25T19:30:45.132760
"Продава 3-СТАЕН, гр. Пловдив, Мараша",https://bazar.bg/obiava-50135094/prodawa-3-staen-gr-plowdiw-marasha,50135094,270 000€,"гр. Пловдив, Мараша",21 януари,https://bazar.bg/obiavi/prodazhba-apartamenti/plovdiv?asize[]=2&asize[]=3&asize[]=4&asize[]=5&asize[]=6&currency=2&district_id[]=710&district_id[]=714&district_id[]=979&district_id[]=718&district_id[]=720&district_id[]=984&district_id[]=723&district_id[]=270,2026-01-25T19:30:45.132903
"Продава 3-СТАЕН, гр. Пловдив, Център",https://bazar.bg/obiava-48579174/prodawa-3-staen-gr-plowdiw-tsentar,48579174,199 200€,"гр. Пловдив, Център",21 януари,https://bazar.bg/obiavi/prodazhba-apartamenti/plovdiv?asize[]=2&asize[]=3&asize[]=4&asize[]=5&asize[]=6&currency=2&district_id[]=710&district_id[]=714&district_id[]=979&district_id[]=718&district_id[]=720&district_id[]=984&district_id[]=723&district_id[]=270,2026-01-25T19:30:45.133079
"Продава МНОГОСТАЕН, гр. Пловдив, Център",https://bazar.bg/obiava-48606919/prodawa-mnogostaen-gr-plowdiw-tsentar,48606919,245 500€,"гр. Пловдив, Център",21 януари,https://bazar.bg/obiavi/prodazhba-apartamenti/plovdiv?asize[]=2&asize[]=3&asize[]=4&asize[]=5&asize[]=6&currency=2&district_id[]=710&district_id[]=714&district_id[]=979&district_id[]=718&district_id[]=720&district_id[]=984&district_id[]=723&district_id[]=270,2026-01-25T19:30:45.133221
"Продава МНОГОСТАЕН, гр. Пловдив, Център",https://bazar.bg/obiava-48579187/prodawa-mnogostaen-gr-plowdiw-tsentar,48579187,245 500€,"гр. Пловдив, Център",21 януари,https://bazar.bg/obiavi/prodazhba-apartamenti/plovdiv?asize[]=2&asize[]=3&asize[]=4&asize[]=5&asize[]=6&currency=2&district_id[]=710&district_id[]=714&district_id[]=979&district_id[]=718&district_id[]=720&district_id[]=984&district_id[]=723&district_id[]=270,2026-01-25T19:30:45.133363
"Продава МЕЗОНЕТ, гр. Пловдив, Мараша",https://bazar.bg/obiava-50135415/prodawa-mezonet-gr-plowdiw-marasha,50135415,320 000€,"гр. Пловдив, Мараша",21 януари,https://bazar.bg/obiavi/prodazhba-apartamenti/plovdiv?asize[]=2&asize[]=3&asize[]=4&asize[]=5&asize[]=6&currency=2&district_id[]=710&district_id[]=714&district_id[]=979&district_id[]=718&district_id[]=720&district_id[]=984&district_id[]=723&district_id[]=270,2026-01-25T19:30:45.133507
"Продава МЕЗОНЕТ, гр. Пловдив, Център",https://bazar.bg/obiava-50738451/prodawa-mezonet-gr-plowdiw-tsentar,50738451,750 000€,"гр. Пловдив, Център",21 януари,https://bazar.bg/obiavi/prodazhba-apartamenti/plovdiv?asize[]=2&asize[]=3&asize[]=4&asize[]=5&asize[]=6&currency=2&district_id[]=710&district_id[]=714&district_id[]=979&district_id[]=718&district_id[]=720&district_id[]=984&district_id[]=723&district_id[]=270,2026-01-25T19:30:45.133646
"Продава МЕЗОНЕТ, гр. Пловдив, Мараша",https://bazar.bg/obiava-50135125/prodawa-mezonet-gr-plowdiw-marasha,50135125,320 000€,"гр. Пловдив, Мараша",21 януари,https://bazar.bg/obiavi/prodazhba-apartamenti/plovdiv?asize[]=2&asize[]=3&asize[]=4&asize[]=5&asize[]=6&currency=2&district_id[]=710&district_id[]=714&district_id[]=979&district_id[]=718&district_id[]=720&district_id[]=984&district_id[]=723&district_id[]=270,2026-01-25T19:30:45.133787
"Продава 3-СТАЕН, гр. Пловдив, Център",https://bazar.bg/obiava-49919528/prodawa-3-staen-gr-plowdiw-tsentar,49919528,138 850€,"гр. Пловдив, Център",21 януари,https://bazar.bg/obiavi/prodazhba-apartamenti/plovdiv?asize[]=2&asize[]=3&asize[]=4&asize[]=5&asize[]=6&currency=2&district_id[]=710&district_id[]=714&district_id[]=979&district_id[]=718&district_id[]=720&district_id[]=984&district_id[]=723&district_id[]=270,2026-01-25T19:30:45.133929
🏡 ДВУСТАЕН АПАРТАМЕНТ + РАБОТЕЩ AIRBNB/BOOKING БИЗНЕС,https://bazar.bg/obiava-53175845/dwustaen-apartament-rabotesht-airbnb-booking-biznes,53175845,194 800€,"гр. Пловдив, Капана",21 януари,https://bazar.bg/obiavi/prodazhba-apartamenti/plovdiv?asize[]=2&asize[]=3&asize[]=4&asize[]=5&asize[]=6&currency=2&district_id[]=710&district_id[]=714&district_id[]=979&district_id[]=718&district_id[]=720&district_id[]=984&district_id[]=723&district_id[]=270,2026-01-25T19:30:45.134096
"Продава 2-СТАЕН, гр. Пловдив, Западен",https://bazar.bg/obiava-53175792/prodawa-2-staen-gr-plowdiw-zapaden,53175792,99 950€,"гр. Пловдив, Западен",21 януари,https://bazar.bg/obiavi/prodazhba-apartamenti/plovdiv?asize[]=2&asize[]=3&asize[]=4&asize[]=5&asize[]=6&currency=2&district_id[]=710&district_id[]=714&district_id[]=979&district_id[]=718&district_id[]=720&district_id[]=984&district_id[]=723&district_id[]=270,2026-01-25T19:30:45.134238
"Продава 2-СТАЕН, гр. Пловдив, Център",https://bazar.bg/obiava-53172457/prodawa-2-staen-gr-plowdiw-tsentar,53172457,204 000€,"гр. Пловдив, Център",21 януари,https://bazar.bg/obiavi/prodazhba-apartamenti/plovdiv?asize[]=2&asize[]=3&asize[]=4&asize[]=5&asize[]=6&currency=2&district_id[]=710&district_id[]=714&district_id[]=979&district_id[]=718&district_id[]=720&district_id[]=984&district_id[]=723&district_id[]=270,2026-01-25T19:30:45.134380
продажба тристаен апартамент Пловдив център капана разработен бизнес аairbnb,https://bazar.bg/obiava-51815138/prodazhba-tristaen-apartament-plowdiw-tsentar-kapana-razraboten-biznes-aairbnb,51815138,260 000€,"гр. Пловдив, Център",21 януари,https://bazar.bg/obiavi/prodazhba-apartamenti/plovdiv?asize[]=2&asize[]=3&asize[]=4&asize[]=5&asize[]=6&currency=2&district_id[]=710&district_id[]=714&district_id[]=979&district_id[]=718&district_id[]=720&district_id[]=984&district_id[]=723&district_id[]=270,2026-01-25T19:30:45.134519
"Продава 3-СТАЕН, гр. Пловдив, Младежки Хълм",https://bazar.bg/obiava-53175378/prodawa-3-staen-gr-plowdiw-mladezhki-halm,53175378,210 000€,"гр. Пловдив, Младежки Хълм",21 януари,https://bazar.bg/obiavi/prodazhba-apartamenti/plovdiv?asize[]=2&asize[]=3&asize[]=4&asize[]=5&asize[]=6&currency=2&district_id[]=710&district_id[]=714&district_id[]=979&district_id[]=718&district_id[]=720&district_id[]=984&district_id[]=723&district_id[]=270,2026-01-25T19:30:45.134658
"Продава 3-СТАЕН, гр. Пловдив, Център",https://bazar.bg/obiava-53174633/prodawa-3-staen-gr-plowdiw-tsentar,53174633,258 990€,"гр. Пловдив, Център",21 януари,https://bazar.bg/obiavi/prodazhba-apartamenti/plovdiv?asize[]=2&asize[]=3&asize[]=4&asize[]=5&asize[]=6&currency=2&district_id[]=710&district_id[]=714&district_id[]=979&district_id[]=718&district_id[]=720&district_id[]=984&district_id[]=723&district_id[]=270,2026-01-25T19:30:45.134796
"Продава 2-СТАЕН, гр. Пловдив, Капана",https://bazar.bg/obiava-53175083/prodawa-2-staen-gr-plowdiw-kapana,53175083,194 800€,"гр. Пловдив, Капана",21 януари,https://bazar.bg/obiavi/prodazhba-apartamenti/plovdiv?asize[]=2&asize[]=3&asize[]=4&asize[]=5&asize[]=6&currency=2&district_id[]=710&district_id[]=714&district_id[]=979&district_id[]=718&district_id[]=720&district_id[]=984&district_id[]=723&district_id[]=270,2026-01-25T19:30:45.134936
"Продава 3-СТАЕН, гр. Пловдив, Мараша",https://bazar.bg/obiava-52299175/prodawa-3-staen-gr-plowdiw-marasha,52299175,180 000€,"гр. Пловдив, Мараша",21 януари,https://bazar.bg/obiavi/prodazhba-apartamenti/plovdiv?asize[]=2&asize[]=3&asize[]=4&asize[]=5&asize[]=6&currency=2&district_id[]=710&district_id[]=714&district_id[]=979&district_id[]=718&district_id[]=720&district_id[]=984&district_id[]=723&district_id[]=270,2026-01-25T19:30:45.135092
"Продава 3-СТАЕН, гр. Пловдив, Мараша",https://bazar.bg/obiava-51819762/prodawa-3-staen-gr-plowdiw-marasha,51819762,249 999€,"гр. Пловдив, Мараша",21 януари,https://bazar.bg/obiavi/prodazhba-apartamenti/plovdiv?asize[]=2&asize[]=3&asize[]=4&asize[]=5&asize[]=6&currency=2&district_id[]=710&district_id[]=714&district_id[]=979&district_id[]=718&district_id[]=720&district_id[]=984&district_id[]=723&district_id[]=270,2026-01-25T19:30:45.135233
"Продава 3-СТАЕН, гр. Пловдив, Мараша",https://bazar.bg/obiava-51819800/prodawa-3-staen-gr-plowdiw-marasha,51819800,298 999€,"гр. Пловдив, Мараша",21 януари,https://bazar.bg/obiavi/prodazhba-apartamenti/plovdiv?asize[]=2&asize[]=3&asize[]=4&asize[]=5&asize[]=6&currency=2&district_id[]=710&district_id[]=714&district_id[]=979&district_id[]=718&district_id[]=720&district_id[]=984&district_id[]=723&district_id[]=270,2026-01-25T19:30:45.135372
"Продава 2-СТАЕН, гр. Пловдив, Мараша",https://bazar.bg/obiava-51819808/prodawa-2-staen-gr-plowdiw-marasha,51819808,134 700€,"гр. Пловдив, Мараша",21 януари,https://bazar.bg/obiavi/prodazhba-apartamenti/plovdiv?asize[]=2&asize[]=3&asize[]=4&asize[]=5&asize[]=6&currency=2&district_id[]=710&district_id[]=714&district_id[]=979&district_id[]=718&district_id[]=720&district_id[]=984&district_id[]=723&district_id[]=270,2026-01-25T19:30:45.135511
"Продава 2-СТАЕН, гр. Пловдив, Мараша",https://bazar.bg/obiava-51820230/prodawa-2-staen-gr-plowdiw-marasha,51820230,176 000€,"гр. Пловдив, Мараша",21 януари,https://bazar.bg/obiavi/prodazhba-apartamenti/plovdiv?asize[]=2&asize[]=3&asize[]=4&asize[]=5&asize[]=6&currency=2&district_id[]=710&district_id[]=714&district_id[]=979&district_id[]=718&district_id[]=720&district_id[]=984&district_id[]=723&district_id[]=270,2026-01-25T19:30:45.135650
"Продава 2-СТАЕН, гр. Пловдив, Младежки Хълм",https://bazar.bg/obiava-53080466/prodawa-2-staen-gr-plowdiw-mladezhki-halm,53080466,142 000€,"гр. Пловдив, Младежки Хълм",21 януари,https://bazar.bg/obiavi/prodazhba-apartamenti/plovdiv?asize[]=2&asize[]=3&asize[]=4&asize[]=5&asize[]=6&currency=2&district_id[]=710&district_id[]=714&district_id[]=979&district_id[]=718&district_id[]=720&district_id[]=984&district_id[]=723&district_id[]=270,2026-01-25T19:30:45.135795
"Продава 3-СТАЕН, гр. Пловдив, Младежки Хълм",https://bazar.bg/obiava-53080476/prodawa-3-staen-gr-plowdiw-mladezhki-halm,53080476,147 140€,"гр. Пловдив, Младежки Хълм",21 януари,https://bazar.bg/obiavi/prodazhba-apartamenti/plovdiv?asize[]=2&asize[]=3&asize[]=4&asize[]=5&asize[]=6&currency=2&district_id[]=710&district_id[]=714&district_id[]=979&district_id[]=718&district_id[]=720&district_id[]=984&district_id[]=723&district_id[]=270,2026-01-25T19:30:45.135936
"Продава 2-СТАЕН, гр. Пловдив, Младежки Хълм",https://bazar.bg/obiava-53082840/prodawa-2-staen-gr-plowdiw-mladezhki-halm,53082840,79 199€,"гр. Пловдив, Младежки Хълм",21 януари,https://bazar.bg/obiavi/prodazhba-apartamenti/plovdiv?asize[]=2&asize[]=3&asize[]=4&asize[]=5&asize[]=6&currency=2&district_id[]=710&district_id[]=714&district_id[]=979&district_id[]=718&district_id[]=720&district_id[]=984&district_id[]=723&district_id[]=270,2026-01-25T19:30:45.136091
"Продава МНОГОСТАЕН, гр. Пловдив, Каменица 1",https://bazar.bg/obiava-52386577/prodawa-mnogostaen-gr-plowdiw-kamenitsa-1,52386577,292 300€,"гр. Пловдив, Каменица 1",21 януари,https://bazar.bg/obiavi/prodazhba-apartamenti/plovdiv?asize[]=2&asize[]=3&asize[]=4&asize[]=5&asize[]=6&currency=2&district_id[]=710&district_id[]=714&district_id[]=979&district_id[]=718&district_id[]=720&district_id[]=984&district_id[]=723&district_id[]=270,2026-01-25T19:30:47.516308
"Продава 3-СТАЕН, гр. Пловдив, Каменица 1",https://bazar.bg/obiava-51821184/prodawa-3-staen-gr-plowdiw-kamenitsa-1,51821184,204 999€,"гр. Пловдив, Каменица 1",21 януари,https://bazar.bg/obiavi/prodazhba-apartamenti/plovdiv?asize[]=2&asize[]=3&asize[]=4&asize[]=5&asize[]=6&currency=2&district_id[]=710&district_id[]=714&district_id[]=979&district_id[]=718&district_id[]=720&district_id[]=984&district_id[]=723&district_id[]=270,2026-01-25T19:30:47.516475
"Продава 3-СТАЕН, гр. Пловдив, Каменица 1",https://bazar.bg/obiava-51821364/prodawa-3-staen-gr-plowdiw-kamenitsa-1,51821364,280 800€,"гр. Пловдив, Каменица 1",21 януари,https://bazar.bg/obiavi/prodazhba-apartamenti/plovdiv?asize[]=2&asize[]=3&asize[]=4&asize[]=5&asize[]=6&currency=2&district_id[]=710&district_id[]=714&district_id[]=979&district_id[]=718&district_id[]=720&district_id[]=984&district_id[]=723&district_id[]=270,2026-01-25T19:30:47.516625
"Продава МНОГОСТАЕН, гр. Пловдив, Център",https://bazar.bg/obiava-51910882/prodawa-mnogostaen-gr-plowdiw-tsentar,51910882,209 999€,"гр. Пловдив, Център",21 януари,https://bazar.bg/obiavi/prodazhba-apartamenti/plovdiv?asize[]=2&asize[]=3&asize[]=4&asize[]=5&asize[]=6&currency=2&district_id[]=710&district_id[]=714&district_id[]=979&district_id[]=718&district_id[]=720&district_id[]=984&district_id[]=723&district_id[]=270,2026-01-25T19:30:47.516776
"Продава 3-СТАЕН, гр. Пловдив, Център",https://bazar.bg/obiava-51914940/prodawa-3-staen-gr-plowdiw-tsentar,51914940,449 999€,"гр. Пловдив, Център",21 януари,https://bazar.bg/obiavi/prodazhba-apartamenti/plovdiv?asize[]=2&asize[]=3&asize[]=4&asize[]=5&asize[]=6&currency=2&district_id[]=710&district_id[]=714&district_id[]=979&district_id[]=718&district_id[]=720&district_id[]=984&district_id[]=723&district_id[]=270,2026-01-25T19:30:47.516930
"Продава 3-СТАЕН, гр. Пловдив, Център",https://bazar.bg/obiava-51819696/prodawa-3-staen-gr-plowdiw-tsentar,51819696,164 999€,"гр. Пловдив, Център",21 януари,https://bazar.bg/obiavi/prodazhba-apartamenti/plovdiv?asize[]=2&asize[]=3&asize[]=4&asize[]=5&asize[]=6&currency=2&district_id[]=710&district_id[]=714&district_id[]=979&district_id[]=718&district_id[]=720&district_id[]=984&district_id[]=723&district_id[]=270,2026-01-25T19:30:47.517099
"Продава МНОГОСТАЕН, гр. Пловдив, Център",https://bazar.bg/obiava-51819756/prodawa-mnogostaen-gr-plowdiw-tsentar,51819756,565 000€,"гр. Пловдив, Център",21 януари,https://bazar.bg/obiavi/prodazhba-apartamenti/plovdiv?asize[]=2&asize[]=3&asize[]=4&asize[]=5&asize[]=6&currency=2&district_id[]=710&district_id[]=714&district_id[]=979&district_id[]=718&district_id[]=720&district_id[]=984&district_id[]=723&district_id[]=270,2026-01-25T19:30:47.517252
"Продава 3-СТАЕН, гр. Пловдив, Център",https://bazar.bg/obiava-51819774/prodawa-3-staen-gr-plowdiw-tsentar,51819774,206 999€,"гр. Пловдив, Център",21 януари,https://bazar.bg/obiavi/prodazhba-apartamenti/plovdiv?asize[]=2&asize[]=3&asize[]=4&asize[]=5&asize[]=6&currency=2&district_id[]=710&district_id[]=714&district_id[]=979&district_id[]=718&district_id[]=720&district_id[]=984&district_id[]=723&district_id[]=270,2026-01-25T19:30:47.517401
"Продава 3-СТАЕН, гр. Пловдив, Център",https://bazar.bg/obiava-51819807/prodawa-3-staen-gr-plowdiw-tsentar,51819807,269 999€,"гр. Пловдив, Център",21 януари,https://bazar.bg/obiavi/prodazhba-apartamenti/plovdiv?asize[]=2&asize[]=3&asize[]=4&asize[]=5&asize[]=6&currency=2&district_id[]=710&district_id[]=714&district_id[]=979&district_id[]=718&district_id[]=720&district_id[]=984&district_id[]=723&district_id[]=270,2026-01-25T19:30:47.517551
"Продава 2-СТАЕН, гр. Пловдив, Център",https://bazar.bg/obiava-51819954/prodawa-2-staen-gr-plowdiw-tsentar,51819954,110 976€,"гр. Пловдив, Център",21 януари,https://bazar.bg/obiavi/prodazhba-apartamenti/plovdiv?asize[]=2&asize[]=3&asize[]=4&asize[]=5&asize[]=6&currency=2&district_id[]=710&district_id[]=714&district_id[]=979&district_id[]=718&district_id[]=720&district_id[]=984&district_id[]=723&district_id[]=270,2026-01-25T19:30:47.517700
"Продава 3-СТАЕН, гр. Пловдив, Център",https://bazar.bg/obiava-51820599/prodawa-3-staen-gr-plowdiw-tsentar,51820599,399 999€,"гр. Пловдив, Център",21 януари,https://bazar.bg/obiavi/prodazhba-apartamenti/plovdiv?asize[]=2&asize[]=3&asize[]=4&asize[]=5&asize[]=6&currency=2&district_id[]=710&district_id[]=714&district_id[]=979&district_id[]=718&district_id[]=720&district_id[]=984&district_id[]=723&district_id[]=270,2026-01-25T19:30:47.517849
"Продава 3-СТАЕН, гр. Пловдив, Център",https://bazar.bg/obiava-51820625/prodawa-3-staen-gr-plowdiw-tsentar,51820625,258 399€,"гр. Пловдив, Център",21 януари,https://bazar.bg/obiavi/prodazhba-apartamenti/plovdiv?asize[]=2&asize[]=3&asize[]=4&asize[]=5&asize[]=6&currency=2&district_id[]=710&district_id[]=714&district_id[]=979&district_id[]=718&district_id[]=720&district_id[]=984&district_id[]=723&district_id[]=270,2026-01-25T19:30:47.518016
"Продава 3-СТАЕН, гр. Пловдив, Център",https://bazar.bg/obiava-51820824/prodawa-3-staen-gr-plowdiw-tsentar,51820824,326 399€,"гр. Пловдив, Център",21 януари,https://bazar.bg/obiavi/prodazhba-apartamenti/plovdiv?asize[]=2&asize[]=3&asize[]=4&asize[]=5&asize[]=6&currency=2&district_id[]=710&district_id[]=714&district_id[]=979&district_id[]=718&district_id[]=720&district_id[]=984&district_id[]=723&district_id[]=270,2026-01-25T19:30:47.518170
"Продава 2-СТАЕН, гр. Пловдив, Център",https://bazar.bg/obiava-51820829/prodawa-2-staen-gr-plowdiw-tsentar,51820829,148 500€,"гр. Пловдив, Център",21 януари,https://bazar.bg/obiavi/prodazhba-apartamenti/plovdiv?asize[]=2&asize[]=3&asize[]=4&asize[]=5&asize[]=6&currency=2&district_id[]=710&district_id[]=714&district_id[]=979&district_id[]=718&district_id[]=720&district_id[]=984&district_id[]=723&district_id[]=270,2026-01-25T19:30:47.518321
"Продава МНОГОСТАЕН, гр. Пловдив, Център",https://bazar.bg/obiava-51820922/prodawa-mnogostaen-gr-plowdiw-tsentar,51820922,428 399€,"гр. Пловдив, Център",21 януари,https://bazar.bg/obiavi/prodazhba-apartamenti/plovdiv?asize[]=2&asize[]=3&asize[]=4&asize[]=5&asize[]=6&currency=2&district_id[]=710&district_id[]=714&district_id[]=979&district_id[]=718&district_id[]=720&district_id[]=984&district_id[]=723&district_id[]=270,2026-01-25T19:30:47.518471
"Продава МНОГОСТАЕН, гр. Пловдив, Център",https://bazar.bg/obiava-51821155/prodawa-mnogostaen-gr-plowdiw-tsentar,51821155,305 000€,"гр. Пловдив, Център",21 януари,https://bazar.bg/obiavi/prodazhba-apartamenti/plovdiv?asize[]=2&asize[]=3&asize[]=4&asize[]=5&asize[]=6&currency=2&district_id[]=710&district_id[]=714&district_id[]=979&district_id[]=718&district_id[]=720&district_id[]=984&district_id[]=723&district_id[]=270,2026-01-25T19:30:47.518618
"Продава МНОГОСТАЕН, гр. Пловдив, Център",https://bazar.bg/obiava-51821274/prodawa-mnogostaen-gr-plowdiw-tsentar,51821274,244 780€,"гр. Пловдив, Център",21 януари,https://bazar.bg/obiavi/prodazhba-apartamenti/plovdiv?asize[]=2&asize[]=3&asize[]=4&asize[]=5&asize[]=6&currency=2&district_id[]=710&district_id[]=714&district_id[]=979&district_id[]=718&district_id[]=720&district_id[]=984&district_id[]=723&district_id[]=270,2026-01-25T19:30:47.518765
"Продава МНОГОСТАЕН, гр. Пловдив, Център",https://bazar.bg/obiava-51821470/prodawa-mnogostaen-gr-plowdiw-tsentar,51821470,349 999€,"гр. Пловдив, Център",21 януари,https://bazar.bg/obiavi/prodazhba-apartamenti/plovdiv?asize[]=2&asize[]=3&asize[]=4&asize[]=5&asize[]=6&currency=2&district_id[]=710&district_id[]=714&district_id[]=979&district_id[]=718&district_id[]=720&district_id[]=984&district_id[]=723&district_id[]=270,2026-01-25T19:30:47.518915
"Продава 2-СТАЕН, гр. Пловдив, Център",https://bazar.bg/obiava-52687266/prodawa-2-staen-gr-plowdiw-tsentar,52687266,144 999€,"гр. Пловдив, Център",21 януари,https://bazar.bg/obiavi/prodazhba-apartamenti/plovdiv?asize[]=2&asize[]=3&asize[]=4&asize[]=5&asize[]=6&currency=2&district_id[]=710&district_id[]=714&district_id[]=979&district_id[]=718&district_id[]=720&district_id[]=984&district_id[]=723&district_id[]=270,2026-01-25T19:30:47.519079
"Продава 2-СТАЕН, гр. Пловдив, Младежки Хълм",https://bazar.bg/obiava-51539147/prodawa-2-staen-gr-plowdiw-mladezhki-halm,51539147,108 996€,"гр. Пловдив, Младежки Хълм",21 януари,https://bazar.bg/obiavi/prodazhba-apartamenti/plovdiv?asize[]=2&asize[]=3&asize[]=4&asize[]=5&asize[]=6&currency=2&district_id[]=710&district_id[]=714&district_id[]=979&district_id[]=718&district_id[]=720&district_id[]=984&district_id[]=723&district_id[]=270,2026-01-25T19:30:47.519256
"Продава 3-СТАЕН, гр. Пловдив, Каменица 1",https://bazar.bg/obiava-46683031/prodawa-3-staen-gr-plowdiw-kamenitsa-1,46683031,165 000€,"гр. Пловдив, Каменица 1",21 януари,https://bazar.bg/obiavi/prodazhba-apartamenti/plovdiv?asize[]=2&asize[]=3&asize[]=4&asize[]=5&asize[]=6&currency=2&district_id[]=710&district_id[]=714&district_id[]=979&district_id[]=718&district_id[]=720&district_id[]=984&district_id[]=723&district_id[]=270,2026-01-25T19:30:47.519405
"Продава 3-СТАЕН, гр. Пловдив, Център",https://bazar.bg/obiava-51770816/prodawa-3-staen-gr-plowdiw-tsentar,51770816,163 000€,"гр. Пловдив, Център",21 януари,https://bazar.bg/obiavi/prodazhba-apartamenti/plovdiv?asize[]=2&asize[]=3&asize[]=4&asize[]=5&asize[]=6&currency=2&district_id[]=710&district_id[]=714&district_id[]=979&district_id[]=718&district_id[]=720&district_id[]=984&district_id[]=723&district_id[]=270,2026-01-25T19:30:47.519553
"Продава 2-СТАЕН, гр. Пловдив, Център",https://bazar.bg/obiava-52062962/prodawa-2-staen-gr-plowdiw-tsentar,52062962,136 000€,"гр. Пловдив, Център",21 януари,https://bazar.bg/obiavi/prodazhba-apartamenti/plovdiv?asize[]=2&asize[]=3&asize[]=4&asize[]=5&asize[]=6&currency=2&district_id[]=710&district_id[]=714&district_id[]=979&district_id[]=718&district_id[]=720&district_id[]=984&district_id[]=723&district_id[]=270,2026-01-25T19:30:47.519701
"Продава 4-СТАЕН, гр. Пловдив, Младежки Хълм",https://bazar.bg/obiava-53174043/prodawa-4-staen-gr-plowdiw-mladezhki-halm,53174043,215 370€,"гр. Пловдив, Младежки Хълм",21 януари,https://bazar.bg/obiavi/prodazhba-apartamenti/plovdiv?asize[]=2&asize[]=3&asize[]=4&asize[]=5&asize[]=6&currency=2&district_id[]=710&district_id[]=714&district_id[]=979&district_id[]=718&district_id[]=720&district_id[]=984&district_id[]=723&district_id[]=270,2026-01-25T19:30:47.519850
"Продава 3-СТАЕН, гр. Пловдив, Младежки Хълм",https://bazar.bg/obiava-51906742/prodawa-3-staen-gr-plowdiw-mladezhki-halm,51906742,298 000€,"гр. Пловдив, Младежки Хълм",21 януари,https://bazar.bg/obiavi/prodazhba-apartamenti/plovdiv?asize[]=2&asize[]=3&asize[]=4&asize[]=5&asize[]=6&currency=2&district_id[]=710&district_id[]=714&district_id[]=979&district_id[]=718&district_id[]=720&district_id[]=984&district_id[]=723&district_id[]=270,2026-01-25T19:30:47.520015
"Продава 2-СТАЕН, гр. Пловдив, Център",https://bazar.bg/obiava-53173798/prodawa-2-staen-gr-plowdiw-tsentar,53173798,133 000€,"гр. Пловдив, Център",21 януари,https://bazar.bg/obiavi/prodazhba-apartamenti/plovdiv?asize[]=2&asize[]=3&asize[]=4&asize[]=5&asize[]=6&currency=2&district_id[]=710&district_id[]=714&district_id[]=979&district_id[]=718&district_id[]=720&district_id[]=984&district_id[]=723&district_id[]=270,2026-01-25T19:30:47.520167
"Продава 2-СТАЕН, гр. Пловдив, Западен",https://bazar.bg/obiava-53173388/prodawa-2-staen-gr-plowdiw-zapaden,53173388,172 000€,"гр. Пловдив, Западен",21 януари,https://bazar.bg/obiavi/prodazhba-apartamenti/plovdiv?asize[]=2&asize[]=3&asize[]=4&asize[]=5&asize[]=6&currency=2&district_id[]=710&district_id[]=714&district_id[]=979&district_id[]=718&district_id[]=720&district_id[]=984&district_id[]=723&district_id[]=270,2026-01-25T19:30:47.520315
"Продава 3-СТАЕН, гр. Пловдив, Мараша",https://bazar.bg/obiava-53173150/prodawa-3-staen-gr-plowdiw-marasha,53173150,330 000€,"гр. Пловдив, Мараша",21 януари,https://bazar.bg/obiavi/prodazhba-apartamenti/plovdiv?asize[]=2&asize[]=3&asize[]=4&asize[]=5&asize[]=6&currency=2&district_id[]=710&district_id[]=714&district_id[]=979&district_id[]=718&district_id[]=720&district_id[]=984&district_id[]=723&district_id[]=270,2026-01-25T19:30:47.520464
"Продава 2-СТАЕН, гр. Пловдив, Център",https://bazar.bg/obiava-53173091/prodawa-2-staen-gr-plowdiw-tsentar,53173091,159 000€,"гр. Пловдив, Център",21 януари,https://bazar.bg/obiavi/prodazhba-apartamenti/plovdiv?asize[]=2&asize[]=3&asize[]=4&asize[]=5&asize[]=6&currency=2&district_id[]=710&district_id[]=714&district_id[]=979&district_id[]=718&district_id[]=720&district_id[]=984&district_id[]=723&district_id[]=270,2026-01-25T19:30:47.520613
"Продава 2-СТАЕН, гр. Пловдив, Западен",https://bazar.bg/obiava-50726281/prodawa-2-staen-gr-plowdiw-zapaden,50726281,82 000€,"гр. Пловдив, Западен",21 януари,https://bazar.bg/obiavi/prodazhba-apartamenti/plovdiv?asize[]=2&asize[]=3&asize[]=4&asize[]=5&asize[]=6&currency=2&district_id[]=710&district_id[]=714&district_id[]=979&district_id[]=718&district_id[]=720&district_id[]=984&district_id[]=723&district_id[]=270,2026-01-25T19:30:47.520759
"Продава 2-СТАЕН, гр. Пловдив, Център",https://bazar.bg/obiava-48296377/prodawa-2-staen-gr-plowdiw-tsentar,48296377,149 900€,"гр. Пловдив, Център",21 януари,https://bazar.bg/obiavi/prodazhba-apartamenti/plovdiv?asize[]=2&asize[]=3&asize[]=4&asize[]=5&asize[]=6&currency=2&district_id[]=710&district_id[]=714&district_id[]=979&district_id[]=718&district_id[]=720&district_id[]=984&district_id[]=723&district_id[]=270,2026-01-25T19:30:47.520908
"Продава МНОГОСТАЕН, гр. Пловдив, Мараша",https://bazar.bg/obiava-44643502/prodawa-mnogostaen-gr-plowdiw-marasha,44643502,420 000€,"гр. Пловдив, Мараша",21 януари,https://bazar.bg/obiavi/prodazhba-apartamenti/plovdiv?asize[]=2&asize[]=3&asize[]=4&asize[]=5&asize[]=6&currency=2&district_id[]=710&district_id[]=714&district_id[]=979&district_id[]=718&district_id[]=720&district_id[]=984&district_id[]=723&district_id[]=270,2026-01-25T19:30:47.521075
"Продава 3-СТАЕН, гр. Пловдив, Център",https://bazar.bg/obiava-53172628/prodawa-3-staen-gr-plowdiw-tsentar,53172628,207 000€,"гр. Пловдив, Център",21 януари,https://bazar.bg/obiavi/prodazhba-apartamenti/plovdiv?asize[]=2&asize[]=3&asize[]=4&asize[]=5&asize[]=6&currency=2&district_id[]=710&district_id[]=714&district_id[]=979&district_id[]=718&district_id[]=720&district_id[]=984&district_id[]=723&district_id[]=270,2026-01-25T19:30:47.521227
"Продава 3-СТАЕН, гр. Пловдив, Център",https://bazar.bg/obiava-51286814/prodawa-3-staen-gr-plowdiw-tsentar,51286814,339 990€,"гр. Пловдив, Център",21 януари,https://bazar.bg/obiavi/prodazhba-apartamenti/plovdiv?asize[]=2&asize[]=3&asize[]=4&asize[]=5&asize[]=6&currency=2&district_id[]=710&district_id[]=714&district_id[]=979&district_id[]=718&district_id[]=720&district_id[]=984&district_id[]=723&district_id[]=270,2026-01-25T19:30:47.521376
"Продава 3-СТАЕН, гр. Пловдив, Център",https://bazar.bg/obiava-52439484/prodawa-3-staen-gr-plowdiw-tsentar,52439484,122 500€,"гр. Пловдив, Център",21 януари,https://bazar.bg/obiavi/prodazhba-apartamenti/plovdiv?asize[]=2&asize[]=3&asize[]=4&asize[]=5&asize[]=6&currency=2&district_id[]=710&district_id[]=714&district_id[]=979&district_id[]=718&district_id[]=720&district_id[]=984&district_id[]=723&district_id[]=270,2026-01-25T19:30:47.521526
"Продава 3-СТАЕН, гр. Пловдив, Център",https://bazar.bg/obiava-51167979/prodawa-3-staen-gr-plowdiw-tsentar,51167979,104 999€,"гр. Пловдив, Център",21 януари,https://bazar.bg/obiavi/prodazhba-apartamenti/plovdiv?asize[]=2&asize[]=3&asize[]=4&asize[]=5&asize[]=6&currency=2&district_id[]=710&district_id[]=714&district_id[]=979&district_id[]=718&district_id[]=720&district_id[]=984&district_id[]=723&district_id[]=270,2026-01-25T19:30:47.521673
"Продава 3-СТАЕН, гр. Пловдив, Център",https://bazar.bg/obiava-52521161/prodawa-3-staen-gr-plowdiw-tsentar,52521161,275 000€,"гр. Пловдив, Център",21 януари,https://bazar.bg/obiavi/prodazhba-apartamenti/plovdiv?asize[]=2&asize[]=3&asize[]=4&asize[]=5&asize[]=6&currency=2&district_id[]=710&district_id[]=714&district_id[]=979&district_id[]=718&district_id[]=720&district_id[]=984&district_id[]=723&district_id[]=270,2026-01-25T19:30:47.521819
"Продава 3-СТАЕН, гр. Пловдив, Център",https://bazar.bg/obiava-52650758/prodawa-3-staen-gr-plowdiw-tsentar,52650758,219 990€,"гр. Пловдив, Център",21 януари,https://bazar.bg/obiavi/prodazhba-apartamenti/plovdiv?asize[]=2&asize[]=3&asize[]=4&asize[]=5&asize[]=6&currency=2&district_id[]=710&district_id[]=714&district_id[]=979&district_id[]=718&district_id[]=720&district_id[]=984&district_id[]=723&district_id[]=270,2026-01-25T19:30:47.521977
"Продава 2-СТАЕН, гр. Пловдив, Център",https://bazar.bg/obiava-50348501/prodawa-2-staen-gr-plowdiw-tsentar,50348501,173 000€,"гр. Пловдив, Център",21 януари,https://bazar.bg/obiavi/prodazhba-apartamenti/plovdiv?asize[]=2&asize[]=3&asize[]=4&asize[]=5&asize[]=6&currency=2&district_id[]=710&district_id[]=714&district_id[]=979&district_id[]=718&district_id[]=720&district_id[]=984&district_id[]=723&district_id[]=270,2026-01-25T19:30:47.522128
"Продава 3-СТАЕН, гр. Пловдив, Център",https://bazar.bg/obiava-51665802/prodawa-3-staen-gr-plowdiw-tsentar,51665802,236 000€,"гр. Пловдив, Център",21 януари,https://bazar.bg/obiavi/prodazhba-apartamenti/plovdiv?asize[]=2&asize[]=3&asize[]=4&asize[]=5&asize[]=6&currency=2&district_id[]=710&district_id[]=714&district_id[]=979&district_id[]=718&district_id[]=720&district_id[]=984&district_id[]=723&district_id[]=270,2026-01-25T19:30:47.522274
"Продава 2-СТАЕН, гр. Пловдив, Център",https://bazar.bg/obiava-53032420/prodawa-2-staen-gr-plowdiw-tsentar,53032420,111 999€,"гр. Пловдив, Център",21 януари,https://bazar.bg/obiavi/prodazhba-apartamenti/plovdiv?asize[]=2&asize[]=3&asize[]=4&asize[]=5&asize[]=6&currency=2&district_id[]=710&district_id[]=714&district_id[]=979&district_id[]=718&district_id[]=720&district_id[]=984&district_id[]=723&district_id[]=270,2026-01-25T19:30:47.522421
"Продава МНОГОСТАЕН, гр. Пловдив, Център",https://bazar.bg/obiava-53097896/prodawa-mnogostaen-gr-plowdiw-tsentar,53097896,298 000€,"гр. Пловдив, Център",21 януари,https://bazar.bg/obiavi/prodazhba-apartamenti/plovdiv?asize[]=2&asize[]=3&asize[]=4&asize[]=5&asize[]=6&currency=2&district_id[]=710&district_id[]=714&district_id[]=979&district_id[]=718&district_id[]=720&district_id[]=984&district_id[]=723&district_id[]=270,2026-01-25T19:30:47.522569
"Продава МНОГОСТАЕН, гр. Пловдив, Център",https://bazar.bg/obiava-53097909/prodawa-mnogostaen-gr-plowdiw-tsentar,53097909,292 300€,"гр. Пловдив, Център",21 януари,https://bazar.bg/obiavi/prodazhba-apartamenti/plovdiv?asize[]=2&asize[]=3&asize[]=4&asize[]=5&asize[]=6&currency=2&district_id[]=710&district_id[]=714&district_id[]=979&district_id[]=718&district_id[]=720&district_id[]=984&district_id[]=723&district_id[]=270,2026-01-25T19:30:47.522716
"Продава 3-СТАЕН, гр. Пловдив, Център",https://bazar.bg/obiava-53099251/prodawa-3-staen-gr-plowdiw-tsentar,53099251,305 000€,"гр. Пловдив, Център",21 януари,https://bazar.bg/obiavi/prodazhba-apartamenti/plovdiv?asize[]=2&asize[]=3&asize[]=4&asize[]=5&asize[]=6&currency=2&district_id[]=710&district_id[]=714&district_id[]=979&district_id[]=718&district_id[]=720&district_id[]=984&district_id[]=723&district_id[]=270,2026-01-25T19:30:47.522862
"Продава 3-СТАЕН, гр. Пловдив, Център",https://bazar.bg/obiava-53163498/prodawa-3-staen-gr-plowdiw-tsentar,53163498,326 000€,"гр. Пловдив, Център",21 януари,https://bazar.bg/obiavi/prodazhba-apartamenti/plovdiv?asize[]=2&asize[]=3&asize[]=4&asize[]=5&asize[]=6&currency=2&district_id[]=710&district_id[]=714&district_id[]=979&district_id[]=718&district_id[]=720&district_id[]=984&district_id[]=723&district_id[]=270,2026-01-25T19:30:47.523026
"Продава 3-СТАЕН, гр. Пловдив, Център",https://bazar.bg/obiava-49950701/prodawa-3-staen-gr-plowdiw-tsentar,49950701,260 000€,"гр. Пловдив, Център",21 януари,https://bazar.bg/obiavi/prodazhba-apartamenti/plovdiv?asize[]=2&asize[]=3&asize[]=4&asize[]=5&asize[]=6&currency=2&district_id[]=710&district_id[]=714&district_id[]=979&district_id[]=718&district_id[]=720&district_id[]=984&district_id[]=723&district_id[]=270,2026-01-25T19:30:47.523177
"Продава 3-СТАЕН, гр. Пловдив, Център",https://bazar.bg/obiava-47415909/prodawa-3-staen-gr-plowdiw-tsentar,47415909,296 000€,"гр. Пловдив, Център",21 януари,https://bazar.bg/obiavi/prodazhba-apartamenti/plovdiv?asize[]=2&asize[]=3&asize[]=4&asize[]=5&asize[]=6&currency=2&district_id[]=710&district_id[]=714&district_id[]=979&district_id[]=718&district_id[]=720&district_id[]=984&district_id[]=723&district_id[]=270,2026-01-25T19:30:47.523326
"Продава 2-СТАЕН, гр. Пловдив, Западен",https://bazar.bg/obiava-50873035/prodawa-2-staen-gr-plowdiw-zapaden,50873035,118 900€,"гр. Пловдив, Западен",21 януари,https://bazar.bg/obiavi/prodazhba-apartamenti/plovdiv?asize[]=2&asize[]=3&asize[]=4&asize[]=5&asize[]=6&currency=2&district_id[]=710&district_id[]=714&district_id[]=979&district_id[]=718&district_id[]=720&district_id[]=984&district_id[]=723&district_id[]=270,2026-01-25T19:30:47.523473
"Продава 3-СТАЕН, гр. Пловдив, Отдих и култура",https://bazar.bg/obiava-52668372/prodawa-3-staen-gr-plowdiw-otdih-i-kultura,52668372,152 677€,"гр. Пловдив, Отдих и култура",21 януари,https://bazar.bg/obiavi/prodazhba-apartamenti/plovdiv?asize[]=2&asize[]=3&asize[]=4&asize[]=5&asize[]=6&currency=2&district_id[]=710&district_id[]=714&district_id[]=979&district_id[]=718&district_id[]=720&district_id[]=984&district_id[]=723&district_id[]=270,2026-01-25T19:30:47.523619
"Продава 2-СТАЕН, гр. Пловдив, Отдих и култура",https://bazar.bg/obiava-52987392/prodawa-2-staen-gr-plowdiw-otdih-i-kultura,52987392,111 054€,"гр. Пловдив, Отдих и култура",21 януари,https://bazar.bg/obiavi/prodazhba-apartamenti/plovdiv?asize[]=2&asize[]=3&asize[]=4&asize[]=5&asize[]=6&currency=2&district_id[]=710&district_id[]=714&district_id[]=979&district_id[]=718&district_id[]=720&district_id[]=984&district_id[]=723&district_id[]=270,2026-01-25T19:30:47.523771
"Продава 2-СТАЕН, гр. Пловдив, Отдих и култура",https://bazar.bg/obiava-52987351/prodawa-2-staen-gr-plowdiw-otdih-i-kultura,52987351,113 356€,"гр. Пловдив, Отдих и култура",21 януари,https://bazar.bg/obiavi/prodazhba-apartamenti/plovdiv?asize[]=2&asize[]=3&asize[]=4&asize[]=5&asize[]=6&currency=2&district_id[]=710&district_id[]=714&district_id[]=979&district_id[]=718&district_id[]=720&district_id[]=984&district_id[]=723&district_id[]=270,2026-01-25T19:30:47.523921
"Продава 2-СТАЕН, гр. Пловдив, Отдих и култура",https://bazar.bg/obiava-52987568/prodawa-2-staen-gr-plowdiw-otdih-i-kultura,52987568,112 896€,"гр. Пловдив, Отдих и култура",21 януари,https://bazar.bg/obiavi/prodazhba-apartamenti/plovdiv?asize[]=2&asize[]=3&asize[]=4&asize[]=5&asize[]=6&currency=2&district_id[]=710&district_id[]=714&district_id[]=979&district_id[]=718&district_id[]=720&district_id[]=984&district_id[]=723&district_id[]=270,2026-01-25T19:30:47.524087
"Продава 2-СТАЕН, гр. Пловдив, Западен",https://bazar.bg/obiava-52442432/prodawa-2-staen-gr-plowdiw-zapaden,52442432,163 000€,"гр. Пловдив, Западен",20 януари,https://bazar.bg/obiavi/prodazhba-apartamenti/plovdiv?asize[]=2&asize[]=3&asize[]=4&asize[]=5&asize[]=6&currency=2&district_id[]=710&district_id[]=714&district_id[]=979&district_id[]=718&district_id[]=720&district_id[]=984&district_id[]=723&district_id[]=270,2026-01-25T19:30:47.524238
"Продава 2-СТАЕН, гр. Пловдив, Мараша",https://bazar.bg/obiava-52493037/prodawa-2-staen-gr-plowdiw-marasha,52493037,128 999€,"гр. Пловдив, Мараша",20 януари,https://bazar.bg/obiavi/prodazhba-apartamenti/plovdiv?asize[]=2&asize[]=3&asize[]=4&asize[]=5&asize[]=6&currency=2&district_id[]=710&district_id[]=714&district_id[]=979&district_id[]=718&district_id[]=720&district_id[]=984&district_id[]=723&district_id[]=270,2026-01-25T19:30:47.524386
"Продава 3-СТАЕН, гр. Пловдив, Мараша",https://bazar.bg/obiava-52049237/prodawa-3-staen-gr-plowdiw-marasha,52049237,229 000€,"гр. Пловдив, Мараша",20 януари,https://bazar.bg/obiavi/prodazhba-apartamenti/plovdiv?asize[]=2&asize[]=3&asize[]=4&asize[]=5&asize[]=6&currency=2&district_id[]=710&district_id[]=714&district_id[]=979&district_id[]=718&district_id[]=720&district_id[]=984&district_id[]=723&district_id[]=270,2026-01-25T19:30:47.524536
"Продава 4-СТАЕН, гр. Пловдив, Капана",https://bazar.bg/obiava-53166039/prodawa-4-staen-gr-plowdiw-kapana,53166039,203 400€,"гр. Пловдив, Капана",20 януари,https://bazar.bg/obiavi/prodazhba-apartamenti/plovdiv?asize[]=2&asize[]=3&asize[]=4&asize[]=5&asize[]=6&currency=2&district_id[]=710&district_id[]=714&district_id[]=979&district_id[]=718&district_id[]=720&district_id[]=984&district_id[]=723&district_id[]=270,2026-01-25T19:30:47.524686
"Продава 3-СТАЕН, гр. Пловдив, Капана",https://bazar.bg/obiava-53166038/prodawa-3-staen-gr-plowdiw-kapana,53166038,203 400€,"гр. Пловдив, Капана",20 януари,https://bazar.bg/obiavi/prodazhba-apartamenti/plovdiv?asize[]=2&asize[]=3&asize[]=4&asize[]=5&asize[]=6&currency=2&district_id[]=710&district_id[]=714&district_id[]=979&district_id[]=718&district_id[]=720&district_id[]=984&district_id[]=723&district_id[]=270,2026-01-25T19:30:47.524832
"Продава 2-СТАЕН, гр. Пловдив, Център",https://bazar.bg/obiava-52738536/prodawa-2-staen-gr-plowdiw-tsentar,52738536,204 000€,"гр. Пловдив, Център",20 януари,https://bazar.bg/obiavi/prodazhba-apartamenti/plovdiv?asize[]=2&asize[]=3&asize[]=4&asize[]=5&asize[]=6&currency=2&district_id[]=710&district_id[]=714&district_id[]=979&district_id[]=718&district_id[]=720&district_id[]=984&district_id[]=723&district_id[]=270,2026-01-25T19:30:47.524997
"Продава 2-СТАЕН, гр. Пловдив, Западен",https://bazar.bg/obiava-53150614/prodawa-2-staen-gr-plowdiw-zapaden,53150614,165 000€,"гр. Пловдив, Западен",20 януари,https://bazar.bg/obiavi/prodazhba-apartamenti/plovdiv?asize[]=2&asize[]=3&asize[]=4&asize[]=5&asize[]=6&currency=2&district_id[]=710&district_id[]=714&district_id[]=979&district_id[]=718&district_id[]=720&district_id[]=984&district_id[]=723&district_id[]=270,2026-01-25T19:30:47.525147
"Продава 2-СТАЕН, гр. Пловдив, Западен",https://bazar.bg/obiava-52881895/prodawa-2-staen-gr-plowdiw-zapaden,52881895,156 450€,"гр. Пловдив, Западен",20 януари,https://bazar.bg/obiavi/prodazhba-apartamenti/plovdiv?asize[]=2&asize[]=3&asize[]=4&asize[]=5&asize[]=6&currency=2&district_id[]=710&district_id[]=714&district_id[]=979&district_id[]=718&district_id[]=720&district_id[]=984&district_id[]=723&district_id[]=270,2026-01-25T19:30:47.525357
"Продава 3-СТАЕН, гр. Пловдив, Младежки Хълм",https://bazar.bg/obiava-51522868/prodawa-3-staen-gr-plowdiw-mladezhki-halm,51522868,249 950€,"гр. Пловдив, Младежки Хълм",20 януари,https://bazar.bg/obiavi/prodazhba-apartamenti/plovdiv?asize[]=2&asize[]=3&asize[]=4&asize[]=5&asize[]=6&currency=2&district_id[]=710&district_id[]=714&district_id[]=979&district_id[]=718&district_id[]=720&district_id[]=984&district_id[]=723&district_id[]=270,2026-01-25T19:30:47.525504
"Продава 2-СТАЕН, гр. Пловдив, Център",https://bazar.bg/obiava-52455285/prodawa-2-staen-gr-plowdiw-tsentar,52455285,164 000€,"гр. Пловдив, Център",20 януари,https://bazar.bg/obiavi/prodazhba-apartamenti/plovdiv?asize[]=2&asize[]=3&asize[]=4&asize[]=5&asize[]=6&currency=2&district_id[]=710&district_id[]=714&district_id[]=979&district_id[]=718&district_id[]=720&district_id[]=984&district_id[]=723&district_id[]=270,2026-01-25T19:30:47.525649
"Продава 3-СТАЕН, гр. Пловдив, Мараша",https://bazar.bg/obiava-51655857/prodawa-3-staen-gr-plowdiw-marasha,51655857,230 000€,"гр. Пловдив, Мараша",20 януари,https://bazar.bg/obiavi/prodazhba-apartamenti/plovdiv?asize[]=2&asize[]=3&asize[]=4&asize[]=5&asize[]=6&currency=2&district_id[]=710&district_id[]=714&district_id[]=979&district_id[]=718&district_id[]=720&district_id[]=984&district_id[]=723&district_id[]=270,2026-01-25T19:30:47.525795
"Продава 4-СТАЕН, гр. Пловдив, Мараша",https://bazar.bg/obiava-52464264/prodawa-4-staen-gr-plowdiw-marasha,52464264,170 000€,"гр. Пловдив, Мараша",20 януари,https://bazar.bg/obiavi/prodazhba-apartamenti/plovdiv?asize[]=2&asize[]=3&asize[]=4&asize[]=5&asize[]=6&currency=2&district_id[]=710&district_id[]=714&district_id[]=979&district_id[]=718&district_id[]=720&district_id[]=984&district_id[]=723&district_id[]=270,2026-01-25T19:30:47.525953
"Продава 2-СТАЕН, гр. Пловдив, Център",https://bazar.bg/obiava-53170702/prodawa-2-staen-gr-plowdiw-tsentar,53170702,204 000€,"гр. Пловдив, Център",20 януари,https://bazar.bg/obiavi/prodazhba-apartamenti/plovdiv?asize[]=2&asize[]=3&asize[]=4&asize[]=5&asize[]=6&currency=2&district_id[]=710&district_id[]=714&district_id[]=979&district_id[]=718&district_id[]=720&district_id[]=984&district_id[]=723&district_id[]=270,2026-01-25T19:30:47.526109
"Продава 2-СТАЕН, гр. Пловдив, Център",https://bazar.bg/obiava-52490929/prodawa-2-staen-gr-plowdiw-tsentar,52490929,112 000€,"гр. Пловдив, Център",20 януари,https://bazar.bg/obiavi/prodazhba-apartamenti/plovdiv?asize[]=2&asize[]=3&asize[]=4&asize[]=5&asize[]=6&currency=2&district_id[]=710&district_id[]=714&district_id[]=979&district_id[]=718&district_id[]=720&district_id[]=984&district_id[]=723&district_id[]=270,2026-01-25T19:30:47.526258
"Продава 3-СТАЕН, гр. Пловдив, Център",https://bazar.bg/obiava-49892284/prodawa-3-staen-gr-plowdiw-tsentar,49892284,252 000€,"гр. Пловдив, Център",20 януари,https://bazar.bg/obiavi/prodazhba-apartamenti/plovdiv?asize[]=2&asize[]=3&asize[]=4&asize[]=5&asize[]=6&currency=2&district_id[]=710&district_id[]=714&district_id[]=979&district_id[]=718&district_id[]=720&district_id[]=984&district_id[]=723&district_id[]=270,2026-01-25T19:30:47.526406
"Продава 3-СТАЕН, гр. Пловдив, Център",https://bazar.bg/obiava-49672725/prodawa-3-staen-gr-plowdiw-tsentar,49672725,283 200€,"гр. Пловдив, Център",20 януари,https://bazar.bg/obiavi/prodazhba-apartamenti/plovdiv?asize[]=2&asize[]=3&asize[]=4&asize[]=5&asize[]=6&currency=2&district_id[]=710&district_id[]=714&district_id[]=979&district_id[]=718&district_id[]=720&district_id[]=984&district_id[]=723&district_id[]=270,2026-01-25T19:30:47.526552
"Продава 2-СТАЕН, гр. Пловдив, Западен",https://bazar.bg/obiava-48102127/prodawa-2-staen-gr-plowdiw-zapaden,48102127,123 585€,"гр. Пловдив, Западен",20 януари,https://bazar.bg/obiavi/prodazhba-apartamenti/plovdiv?asize[]=2&asize[]=3&asize[]=4&asize[]=5&asize[]=6&currency=2&district_id[]=710&district_id[]=714&district_id[]=979&district_id[]=718&district_id[]=720&district_id[]=984&district_id[]=723&district_id[]=270,2026-01-25T19:30:49.902280
"Продава 2-СТАЕН, гр. Пловдив, Център",https://bazar.bg/obiava-44539567/prodawa-2-staen-gr-plowdiw-tsentar,44539567,164 000€,"гр. Пловдив, Център",20 януари,https://bazar.bg/obiavi/prodazhba-apartamenti/plovdiv?asize[]=2&asize[]=3&asize[]=4&asize[]=5&asize[]=6&currency=2&district_id[]=710&district_id[]=714&district_id[]=979&district_id[]=718&district_id[]=720&district_id[]=984&district_id[]=723&district_id[]=270,2026-01-25T19:30:49.902448
"Продава 2-СТАЕН, гр. Пловдив, Център",https://bazar.bg/obiava-53164432/prodawa-2-staen-gr-plowdiw-tsentar,53164432,185 650€,"гр. Пловдив, Център",20 януари,https://bazar.bg/obiavi/prodazhba-apartamenti/plovdiv?asize[]=2&asize[]=3&asize[]=4&asize[]=5&asize[]=6&currency=2&district_id[]=710&district_id[]=714&district_id[]=979&district_id[]=718&district_id[]=720&district_id[]=984&district_id[]=723&district_id[]=270,2026-01-25T19:30:49.902604
"Продава 2-СТАЕН, гр. Пловдив, Център",https://bazar.bg/obiava-52490478/prodawa-2-staen-gr-plowdiw-tsentar,52490478,170 000€,"гр. Пловдив, Център",20 януари,https://bazar.bg/obiavi/prodazhba-apartamenti/plovdiv?asize[]=2&asize[]=3&asize[]=4&asize[]=5&asize[]=6&currency=2&district_id[]=710&district_id[]=714&district_id[]=979&district_id[]=718&district_id[]=720&district_id[]=984&district_id[]=723&district_id[]=270,2026-01-25T19:30:49.902754
"Продава 3-СТАЕН, гр. Пловдив, Западен",https://bazar.bg/obiava-47373267/prodawa-3-staen-gr-plowdiw-zapaden,47373267,185 295€,"гр. Пловдив, Западен",20 януари,https://bazar.bg/obiavi/prodazhba-apartamenti/plovdiv?asize[]=2&asize[]=3&asize[]=4&asize[]=5&asize[]=6&currency=2&district_id[]=710&district_id[]=714&district_id[]=979&district_id[]=718&district_id[]=720&district_id[]=984&district_id[]=723&district_id[]=270,2026-01-25T19:30:49.903008
"Продава 3-СТАЕН, гр. Пловдив, Център",https://bazar.bg/obiava-51804585/prodawa-3-staen-gr-plowdiw-tsentar,51804585,288 400€,"гр. Пловдив, Център",20 януари,https://bazar.bg/obiavi/prodazhba-apartamenti/plovdiv?asize[]=2&asize[]=3&asize[]=4&asize[]=5&asize[]=6&currency=2&district_id[]=710&district_id[]=714&district_id[]=979&district_id[]=718&district_id[]=720&district_id[]=984&district_id[]=723&district_id[]=270,2026-01-25T19:30:49.903181
"Продава 3-СТАЕН, гр. Пловдив, Център",https://bazar.bg/obiava-52196160/prodawa-3-staen-gr-plowdiw-tsentar,52196160,330 580€,"гр. Пловдив, Център",20 януари,https://bazar.bg/obiavi/prodazhba-apartamenti/plovdiv?asize[]=2&asize[]=3&asize[]=4&asize[]=5&asize[]=6&currency=2&district_id[]=710&district_id[]=714&district_id[]=979&district_id[]=718&district_id[]=720&district_id[]=984&district_id[]=723&district_id[]=270,2026-01-25T19:30:49.903337
"Продава 3-СТАЕН, гр. Пловдив, Мараша",https://bazar.bg/obiava-52522341/prodawa-3-staen-gr-plowdiw-marasha,52522341,150 000€,"гр. Пловдив, Мараша",20 януари,https://bazar.bg/obiavi/prodazhba-apartamenti/plovdiv?asize[]=2&asize[]=3&asize[]=4&asize[]=5&asize[]=6&currency=2&district_id[]=710&district_id[]=714&district_id[]=979&district_id[]=718&district_id[]=720&district_id[]=984&district_id[]=723&district_id[]=270,2026-01-25T19:30:49.903488
"Продава 3-СТАЕН, гр. Пловдив, Западен",https://bazar.bg/obiava-48112265/prodawa-3-staen-gr-plowdiw-zapaden,48112265,184 850€,"гр. Пловдив, Западен",20 януари,https://bazar.bg/obiavi/prodazhba-apartamenti/plovdiv?asize[]=2&asize[]=3&asize[]=4&asize[]=5&asize[]=6&currency=2&district_id[]=710&district_id[]=714&district_id[]=979&district_id[]=718&district_id[]=720&district_id[]=984&district_id[]=723&district_id[]=270,2026-01-25T19:30:49.903638
"Продава 3-СТАЕН, гр. Пловдив, Център",https://bazar.bg/obiava-50803790/prodawa-3-staen-gr-plowdiw-tsentar,50803790,399 920€,"гр. Пловдив, Център",20 януари,https://bazar.bg/obiavi/prodazhba-apartamenti/plovdiv?asize[]=2&asize[]=3&asize[]=4&asize[]=5&asize[]=6&currency=2&district_id[]=710&district_id[]=714&district_id[]=979&district_id[]=718&district_id[]=720&district_id[]=984&district_id[]=723&district_id[]=270,2026-01-25T19:30:49.903791
"Продава 3-СТАЕН, гр. Пловдив, Център",https://bazar.bg/obiava-53163790/prodawa-3-staen-gr-plowdiw-tsentar,53163790,209 000€,"гр. Пловдив, Център",20 януари,https://bazar.bg/obiavi/prodazhba-apartamenti/plovdiv?asize[]=2&asize[]=3&asize[]=4&asize[]=5&asize[]=6&currency=2&district_id[]=710&district_id[]=714&district_id[]=979&district_id[]=718&district_id[]=720&district_id[]=984&district_id[]=723&district_id[]=270,2026-01-25T19:30:49.903961
"Продава 2-СТАЕН, гр. Пловдив, Мараша",https://bazar.bg/obiava-53163360/prodawa-2-staen-gr-plowdiw-marasha,53163360,120 000€,"гр. Пловдив, Мараша",20 януари,https://bazar.bg/obiavi/prodazhba-apartamenti/plovdiv?asize[]=2&asize[]=3&asize[]=4&asize[]=5&asize[]=6&currency=2&district_id[]=710&district_id[]=714&district_id[]=979&district_id[]=718&district_id[]=720&district_id[]=984&district_id[]=723&district_id[]=270,2026-01-25T19:30:49.904122
"Продава МЕЗОНЕТ, гр. Пловдив, Център",https://bazar.bg/obiava-52961545/prodawa-mezonet-gr-plowdiw-tsentar,52961545,340 000€,"гр. Пловдив, Център",20 януари,https://bazar.bg/obiavi/prodazhba-apartamenti/plovdiv?asize[]=2&asize[]=3&asize[]=4&asize[]=5&asize[]=6&currency=2&district_id[]=710&district_id[]=714&district_id[]=979&district_id[]=718&district_id[]=720&district_id[]=984&district_id[]=723&district_id[]=270,2026-01-25T19:30:49.904277
"Продава 3-СТАЕН, гр. Пловдив, Каменица 1",https://bazar.bg/obiava-52156660/prodawa-3-staen-gr-plowdiw-kamenitsa-1,52156660,199 000€,"гр. Пловдив, Каменица 1",20 януари,https://bazar.bg/obiavi/prodazhba-apartamenti/plovdiv?asize[]=2&asize[]=3&asize[]=4&asize[]=5&asize[]=6&currency=2&district_id[]=710&district_id[]=714&district_id[]=979&district_id[]=718&district_id[]=720&district_id[]=984&district_id[]=723&district_id[]=270,2026-01-25T19:30:49.904431
"Продава 4-СТАЕН, гр. Пловдив, Център",https://bazar.bg/obiava-52414911/prodawa-4-staen-gr-plowdiw-tsentar,52414911,298 146€,"гр. Пловдив, Център",20 януари,https://bazar.bg/obiavi/prodazhba-apartamenti/plovdiv?asize[]=2&asize[]=3&asize[]=4&asize[]=5&asize[]=6&currency=2&district_id[]=710&district_id[]=714&district_id[]=979&district_id[]=718&district_id[]=720&district_id[]=984&district_id[]=723&district_id[]=270,2026-01-25T19:30:49.904583
"Продава 2-СТАЕН, гр. Пловдив, Център",https://bazar.bg/obiava-48251296/prodawa-2-staen-gr-plowdiw-tsentar,48251296,142 121€,"гр. Пловдив, Център",20 януари,https://bazar.bg/obiavi/prodazhba-apartamenti/plovdiv?asize[]=2&asize[]=3&asize[]=4&asize[]=5&asize[]=6&currency=2&district_id[]=710&district_id[]=714&district_id[]=979&district_id[]=718&district_id[]=720&district_id[]=984&district_id[]=723&district_id[]=270,2026-01-25T19:30:49.904736
"Продава МНОГОСТАЕН, гр. Пловдив, Център",https://bazar.bg/obiava-47181167/prodawa-mnogostaen-gr-plowdiw-tsentar,47181167,234 599€,"гр. Пловдив, Център",20 януари,https://bazar.bg/obiavi/prodazhba-apartamenti/plovdiv?asize[]=2&asize[]=3&asize[]=4&asize[]=5&asize[]=6&currency=2&district_id[]=710&district_id[]=714&district_id[]=979&district_id[]=718&district_id[]=720&district_id[]=984&district_id[]=723&district_id[]=270,2026-01-25T19:30:49.904885
"Продава 3-СТАЕН, гр. Пловдив, Център",https://bazar.bg/obiava-51742427/prodawa-3-staen-gr-plowdiw-tsentar,51742427,182 723€,"гр. Пловдив, Център",20 януари,https://bazar.bg/obiavi/prodazhba-apartamenti/plovdiv?asize[]=2&asize[]=3&asize[]=4&asize[]=5&asize[]=6&currency=2&district_id[]=710&district_id[]=714&district_id[]=979&district_id[]=718&district_id[]=720&district_id[]=984&district_id[]=723&district_id[]=270,2026-01-25T19:30:49.905049
"Продава 2-СТАЕН, гр. Пловдив, Център",https://bazar.bg/obiava-51744085/prodawa-2-staen-gr-plowdiw-tsentar,51744085,111 995€,"гр. Пловдив, Център",20 януари,https://bazar.bg/obiavi/prodazhba-apartamenti/plovdiv?asize[]=2&asize[]=3&asize[]=4&asize[]=5&asize[]=6&currency=2&district_id[]=710&district_id[]=714&district_id[]=979&district_id[]=718&district_id[]=720&district_id[]=984&district_id[]=723&district_id[]=270,2026-01-25T19:30:49.905202
"Продава 3-СТАЕН, гр. Пловдив, Център",https://bazar.bg/obiava-49710991/prodawa-3-staen-gr-plowdiw-tsentar,49710991,287 384€,"гр. Пловдив, Център",20 януари,https://bazar.bg/obiavi/prodazhba-apartamenti/plovdiv?asize[]=2&asize[]=3&asize[]=4&asize[]=5&asize[]=6&currency=2&district_id[]=710&district_id[]=714&district_id[]=979&district_id[]=718&district_id[]=720&district_id[]=984&district_id[]=723&district_id[]=270,2026-01-25T19:30:49.905350
"Продава 2-СТАЕН, гр. Пловдив, Център",https://bazar.bg/obiava-52443207/prodawa-2-staen-gr-plowdiw-tsentar,52443207,171 998€,"гр. Пловдив, Център",20 януари,https://bazar.bg/obiavi/prodazhba-apartamenti/plovdiv?asize[]=2&asize[]=3&asize[]=4&asize[]=5&asize[]=6&currency=2&district_id[]=710&district_id[]=714&district_id[]=979&district_id[]=718&district_id[]=720&district_id[]=984&district_id[]=723&district_id[]=270,2026-01-25T19:30:49.905500
"Продава 3-СТАЕН, гр. Пловдив, Център",https://bazar.bg/obiava-52089109/prodawa-3-staen-gr-plowdiw-tsentar,52089109,224 000€,"гр. Пловдив, Център",20 януари,https://bazar.bg/obiavi/prodazhba-apartamenti/plovdiv?asize[]=2&asize[]=3&asize[]=4&asize[]=5&asize[]=6&currency=2&district_id[]=710&district_id[]=714&district_id[]=979&district_id[]=718&district_id[]=720&district_id[]=984&district_id[]=723&district_id[]=270,2026-01-25T19:30:49.905648
"Продава 2-СТАЕН, гр. Пловдив, Център",https://bazar.bg/obiava-52089852/prodawa-2-staen-gr-plowdiw-tsentar,52089852,190 900€,"гр. Пловдив, Център",20 януари,https://bazar.bg/obiavi/prodazhba-apartamenti/plovdiv?asize[]=2&asize[]=3&asize[]=4&asize[]=5&asize[]=6&currency=2&district_id[]=710&district_id[]=714&district_id[]=979&district_id[]=718&district_id[]=720&district_id[]=984&district_id[]=723&district_id[]=270,2026-01-25T19:30:49.905796
"Продава 2-СТАЕН, гр. Пловдив, Център",https://bazar.bg/obiava-52130269/prodawa-2-staen-gr-plowdiw-tsentar,52130269,204 999€,"гр. Пловдив, Център",20 януари,https://bazar.bg/obiavi/prodazhba-apartamenti/plovdiv?asize[]=2&asize[]=3&asize[]=4&asize[]=5&asize[]=6&currency=2&district_id[]=710&district_id[]=714&district_id[]=979&district_id[]=718&district_id[]=720&district_id[]=984&district_id[]=723&district_id[]=270,2026-01-25T19:30:49.905956
"Продава 2-СТАЕН, гр. Пловдив, Център",https://bazar.bg/obiava-38396179/prodawa-2-staen-gr-plowdiw-tsentar,38396179,132 599€,"гр. Пловдив, Център",20 януари,https://bazar.bg/obiavi/prodazhba-apartamenti/plovdiv?asize[]=2&asize[]=3&asize[]=4&asize[]=5&asize[]=6&currency=2&district_id[]=710&district_id[]=714&district_id[]=979&district_id[]=718&district_id[]=720&district_id[]=984&district_id[]=723&district_id[]=270,2026-01-25T19:30:49.906111
"Продава 3-СТАЕН, гр. Пловдив, Център",https://bazar.bg/obiava-47764033/prodawa-3-staen-gr-plowdiw-tsentar,47764033,198 999€,"гр. Пловдив, Център",20 януари,https://bazar.bg/obiavi/prodazhba-apartamenti/plovdiv?asize[]=2&asize[]=3&asize[]=4&asize[]=5&asize[]=6&currency=2&district_id[]=710&district_id[]=714&district_id[]=979&district_id[]=718&district_id[]=720&district_id[]=984&district_id[]=723&district_id[]=270,2026-01-25T19:30:49.906260
"Продава 2-СТАЕН, гр. Пловдив, Младежки Хълм",https://bazar.bg/obiava-46616037/prodawa-2-staen-gr-plowdiw-mladezhki-halm,46616037,147 720€,"гр. Пловдив, Младежки Хълм",20 януари,https://bazar.bg/obiavi/prodazhba-apartamenti/plovdiv?asize[]=2&asize[]=3&asize[]=4&asize[]=5&asize[]=6&currency=2&district_id[]=710&district_id[]=714&district_id[]=979&district_id[]=718&district_id[]=720&district_id[]=984&district_id[]=723&district_id[]=270,2026-01-25T19:30:49.906408
"Продава 2-СТАЕН, гр. Пловдив, Център",https://bazar.bg/obiava-51204175/prodawa-2-staen-gr-plowdiw-tsentar,51204175,150 000€,"гр. Пловдив, Център",20 януари,https://bazar.bg/obiavi/prodazhba-apartamenti/plovdiv?asize[]=2&asize[]=3&asize[]=4&asize[]=5&asize[]=6&currency=2&district_id[]=710&district_id[]=714&district_id[]=979&district_id[]=718&district_id[]=720&district_id[]=984&district_id[]=723&district_id[]=270,2026-01-25T19:30:49.906555
"Продава 2-СТАЕН, гр. Пловдив, Център",https://bazar.bg/obiava-46912813/prodawa-2-staen-gr-plowdiw-tsentar,46912813,147 450€,"гр. Пловдив, Център",20 януари,https://bazar.bg/obiavi/prodazhba-apartamenti/plovdiv?asize[]=2&asize[]=3&asize[]=4&asize[]=5&asize[]=6&currency=2&district_id[]=710&district_id[]=714&district_id[]=979&district_id[]=718&district_id[]=720&district_id[]=984&district_id[]=723&district_id[]=270,2026-01-25T19:30:49.906706
"Продава 2-СТАЕН, гр. Пловдив, Център",https://bazar.bg/obiava-52520742/prodawa-2-staen-gr-plowdiw-tsentar,52520742,154 800€,"гр. Пловдив, Център",20 януари,https://bazar.bg/obiavi/prodazhba-apartamenti/plovdiv?asize[]=2&asize[]=3&asize[]=4&asize[]=5&asize[]=6&currency=2&district_id[]=710&district_id[]=714&district_id[]=979&district_id[]=718&district_id[]=720&district_id[]=984&district_id[]=723&district_id[]=270,2026-01-25T19:30:49.906853
"Продава 3-СТАЕН, гр. Пловдив, Център",https://bazar.bg/obiava-52520806/prodawa-3-staen-gr-plowdiw-tsentar,52520806,226 720€,"гр. Пловдив, Център",20 януари,https://bazar.bg/obiavi/prodazhba-apartamenti/plovdiv?asize[]=2&asize[]=3&asize[]=4&asize[]=5&asize[]=6&currency=2&district_id[]=710&district_id[]=714&district_id[]=979&district_id[]=718&district_id[]=720&district_id[]=984&district_id[]=723&district_id[]=270,2026-01-25T19:30:49.907025
"Продава 3-СТАЕН, гр. Пловдив, Западен",https://bazar.bg/obiava-49835069/prodawa-3-staen-gr-plowdiw-zapaden,49835069,175 460€,"гр. Пловдив, Западен",20 януари,https://bazar.bg/obiavi/prodazhba-apartamenti/plovdiv?asize[]=2&asize[]=3&asize[]=4&asize[]=5&asize[]=6&currency=2&district_id[]=710&district_id[]=714&district_id[]=979&district_id[]=718&district_id[]=720&district_id[]=984&district_id[]=723&district_id[]=270,2026-01-25T19:30:49.907194
"Продава 3-СТАЕН, гр. Пловдив, Младежки Хълм",https://bazar.bg/obiava-46605885/prodawa-3-staen-gr-plowdiw-mladezhki-halm,46605885,149 300€,"гр. Пловдив, Младежки Хълм",20 януари,https://bazar.bg/obiavi/prodazhba-apartamenti/plovdiv?asize[]=2&asize[]=3&asize[]=4&asize[]=5&asize[]=6&currency=2&district_id[]=710&district_id[]=714&district_id[]=979&district_id[]=718&district_id[]=720&district_id[]=984&district_id[]=723&district_id[]=270,2026-01-25T19:30:49.907369
"Продава 3-СТАЕН, гр. Пловдив, Младежки Хълм",https://bazar.bg/obiava-46605842/prodawa-3-staen-gr-plowdiw-mladezhki-halm,46605842,148 780€,"гр. Пловдив, Младежки Хълм",20 януари,https://bazar.bg/obiavi/prodazhba-apartamenti/plovdiv?asize[]=2&asize[]=3&asize[]=4&asize[]=5&asize[]=6&currency=2&district_id[]=710&district_id[]=714&district_id[]=979&district_id[]=718&district_id[]=720&district_id[]=984&district_id[]=723&district_id[]=270,2026-01-25T19:30:49.907520
"Продава 3-СТАЕН, гр. Пловдив, Център",https://bazar.bg/obiava-50894166/prodawa-3-staen-gr-plowdiw-tsentar,50894166,270 300€,"гр. Пловдив, Център",20 януари,https://bazar.bg/obiavi/prodazhba-apartamenti/plovdiv?asize[]=2&asize[]=3&asize[]=4&asize[]=5&asize[]=6&currency=2&district_id[]=710&district_id[]=714&district_id[]=979&district_id[]=718&district_id[]=720&district_id[]=984&district_id[]=723&district_id[]=270,2026-01-25T19:30:49.907670
"Продава 3-СТАЕН, гр. Пловдив, Център",https://bazar.bg/obiava-43195396/prodawa-3-staen-gr-plowdiw-tsentar,43195396,232 300€,"гр. Пловдив, Център",20 януари,https://bazar.bg/obiavi/prodazhba-apartamenti/plovdiv?asize[]=2&asize[]=3&asize[]=4&asize[]=5&asize[]=6&currency=2&district_id[]=710&district_id[]=714&district_id[]=979&district_id[]=718&district_id[]=720&district_id[]=984&district_id[]=723&district_id[]=270,2026-01-25T19:30:49.907818
"Продава 3-СТАЕН, гр. Пловдив, Център",https://bazar.bg/obiava-46464741/prodawa-3-staen-gr-plowdiw-tsentar,46464741,291 000€,"гр. Пловдив, Център",20 януари,https://bazar.bg/obiavi/prodazhba-apartamenti/plovdiv?asize[]=2&asize[]=3&asize[]=4&asize[]=5&asize[]=6&currency=2&district_id[]=710&district_id[]=714&district_id[]=979&district_id[]=718&district_id[]=720&district_id[]=984&district_id[]=723&district_id[]=270,2026-01-25T19:30:49.907983
"Продава МНОГОСТАЕН, гр. Пловдив, Център",https://bazar.bg/obiava-52520885/prodawa-mnogostaen-gr-plowdiw-tsentar,52520885,488 800€,"гр. Пловдив, Център",20 януари,https://bazar.bg/obiavi/prodazhba-apartamenti/plovdiv?asize[]=2&asize[]=3&asize[]=4&asize[]=5&asize[]=6&currency=2&district_id[]=710&district_id[]=714&district_id[]=979&district_id[]=718&district_id[]=720&district_id[]=984&district_id[]=723&district_id[]=270,2026-01-25T19:30:49.908143
"Продава МНОГОСТАЕН, гр. Пловдив, Западен",https://bazar.bg/obiava-49835040/prodawa-mnogostaen-gr-plowdiw-zapaden,49835040,348 970€,"гр. Пловдив, Западен",20 януари,https://bazar.bg/obiavi/prodazhba-apartamenti/plovdiv?asize[]=2&asize[]=3&asize[]=4&asize[]=5&asize[]=6&currency=2&district_id[]=710&district_id[]=714&district_id[]=979&district_id[]=718&district_id[]=720&district_id[]=984&district_id[]=723&district_id[]=270,2026-01-25T19:30:49.908292
"Продава МНОГОСТАЕН, гр. Пловдив, Западен",https://bazar.bg/obiava-48308341/prodawa-mnogostaen-gr-plowdiw-zapaden,48308341,1 452 000€,"гр. Пловдив, Западен",20 януари,https://bazar.bg/obiavi/prodazhba-apartamenti/plovdiv?asize[]=2&asize[]=3&asize[]=4&asize[]=5&asize[]=6&currency=2&district_id[]=710&district_id[]=714&district_id[]=979&district_id[]=718&district_id[]=720&district_id[]=984&district_id[]=723&district_id[]=270,2026-01-25T19:30:49.908439
"Продава МНОГОСТАЕН, гр. Пловдив, Център",https://bazar.bg/obiava-46456933/prodawa-mnogostaen-gr-plowdiw-tsentar,46456933,402 600€,"гр. Пловдив, Център",20 януари,https://bazar.bg/obiavi/prodazhba-apartamenti/plovdiv?asize[]=2&asize[]=3&asize[]=4&asize[]=5&asize[]=6&currency=2&district_id[]=710&district_id[]=714&district_id[]=979&district_id[]=718&district_id[]=720&district_id[]=984&district_id[]=723&district_id[]=270,2026-01-25T19:30:49.908587
"Продава 3-СТАЕН, гр. Пловдив, Западен",https://bazar.bg/obiava-49835070/prodawa-3-staen-gr-plowdiw-zapaden,49835070,139 520€,"гр. Пловдив, Западен",20 януари,https://bazar.bg/obiavi/prodazhba-apartamenti/plovdiv?asize[]=2&asize[]=3&asize[]=4&asize[]=5&asize[]=6&currency=2&district_id[]=710&district_id[]=714&district_id[]=979&district_id[]=718&district_id[]=720&district_id[]=984&district_id[]=723&district_id[]=270,2026-01-25T19:30:49.908737
"Продава МНОГОСТАЕН, гр. Пловдив, Център",https://bazar.bg/obiava-52524868/prodawa-mnogostaen-gr-plowdiw-tsentar,52524868,337 000€,"гр. Пловдив, Център",20 януари,https://bazar.bg/obiavi/prodazhba-apartamenti/plovdiv?asize[]=2&asize[]=3&asize[]=4&asize[]=5&asize[]=6&currency=2&district_id[]=710&district_id[]=714&district_id[]=979&district_id[]=718&district_id[]=720&district_id[]=984&district_id[]=723&district_id[]=270,2026-01-25T19:30:49.908886
"Продава МНОГОСТАЕН, гр. Пловдив, Западен",https://bazar.bg/obiava-49837933/prodawa-mnogostaen-gr-plowdiw-zapaden,49837933,273 950€,"гр. Пловдив, Западен",20 януари,https://bazar.bg/obiavi/prodazhba-apartamenti/plovdiv?asize[]=2&asize[]=3&asize[]=4&asize[]=5&asize[]=6&currency=2&district_id[]=710&district_id[]=714&district_id[]=979&district_id[]=718&district_id[]=720&district_id[]=984&district_id[]=723&district_id[]=270,2026-01-25T19:30:49.909065
"Продава 3-СТАЕН, гр. Пловдив, Център",https://bazar.bg/obiava-52208519/prodawa-3-staen-gr-plowdiw-tsentar,52208519,180 000€,"гр. Пловдив, Център",20 януари,https://bazar.bg/obiavi/prodazhba-apartamenti/plovdiv?asize[]=2&asize[]=3&asize[]=4&asize[]=5&asize[]=6&currency=2&district_id[]=710&district_id[]=714&district_id[]=979&district_id[]=718&district_id[]=720&district_id[]=984&district_id[]=723&district_id[]=270,2026-01-25T19:30:49.909217
"Продава 3-СТАЕН, гр. Пловдив, Западен",https://bazar.bg/obiava-49835034/prodawa-3-staen-gr-plowdiw-zapaden,49835034,157 680€,"гр. Пловдив, Западен",20 януари,https://bazar.bg/obiavi/prodazhba-apartamenti/plovdiv?asize[]=2&asize[]=3&asize[]=4&asize[]=5&asize[]=6&currency=2&district_id[]=710&district_id[]=714&district_id[]=979&district_id[]=718&district_id[]=720&district_id[]=984&district_id[]=723&district_id[]=270,2026-01-25T19:30:49.909366
"Продава 3-СТАЕН, гр. Пловдив, Център",https://bazar.bg/obiava-44544654/prodawa-3-staen-gr-plowdiw-tsentar,44544654,417 600€,"гр. Пловдив, Център",20 януари,https://bazar.bg/obiavi/prodazhba-apartamenti/plovdiv?asize[]=2&asize[]=3&asize[]=4&asize[]=5&asize[]=6&currency=2&district_id[]=710&district_id[]=714&district_id[]=979&district_id[]=718&district_id[]=720&district_id[]=984&district_id[]=723&district_id[]=270,2026-01-25T19:30:49.909512
"Продава 3-СТАЕН, гр. Пловдив, Младежки Хълм",https://bazar.bg/obiava-46595355/prodawa-3-staen-gr-plowdiw-mladezhki-halm,46595355,146 990€,"гр. Пловдив, Младежки Хълм",20 януари,https://bazar.bg/obiavi/prodazhba-apartamenti/plovdiv?asize[]=2&asize[]=3&asize[]=4&asize[]=5&asize[]=6&currency=2&district_id[]=710&district_id[]=714&district_id[]=979&district_id[]=718&district_id[]=720&district_id[]=984&district_id[]=723&district_id[]=270,2026-01-25T19:30:49.909660
"Продава 3-СТАЕН, гр. Пловдив, Младежки Хълм",https://bazar.bg/obiava-46606239/prodawa-3-staen-gr-plowdiw-mladezhki-halm,46606239,157 000€,"гр. Пловдив, Младежки Хълм",20 януари,https://bazar.bg/obiavi/prodazhba-apartamenti/plovdiv?asize[]=2&asize[]=3&asize[]=4&asize[]=5&asize[]=6&currency=2&district_id[]=710&district_id[]=714&district_id[]=979&district_id[]=718&district_id[]=720&district_id[]=984&district_id[]=723&district_id[]=270,2026-01-25T19:30:49.909808
"Продава 3-СТАЕН, гр. Пловдив, Център",https://bazar.bg/obiava-51758499/prodawa-3-staen-gr-plowdiw-tsentar,51758499,186 000€,"гр. Пловдив, Център",20 януари,https://bazar.bg/obiavi/prodazhba-apartamenti/plovdiv?asize[]=2&asize[]=3&asize[]=4&asize[]=5&asize[]=6&currency=2&district_id[]=710&district_id[]=714&district_id[]=979&district_id[]=718&district_id[]=720&district_id[]=984&district_id[]=723&district_id[]=270,2026-01-25T19:30:49.909968
"Продава 3-СТАЕН, гр. Пловдив, Западен",https://bazar.bg/obiava-52118740/prodawa-3-staen-gr-plowdiw-zapaden,52118740,180 404€,"гр. Пловдив, Западен",20 януари,https://bazar.bg/obiavi/prodazhba-apartamenti/plovdiv?asize[]=2&asize[]=3&asize[]=4&asize[]=5&asize[]=6&currency=2&district_id[]=710&district_id[]=714&district_id[]=979&district_id[]=718&district_id[]=720&district_id[]=984&district_id[]=723&district_id[]=270,2026-01-25T19:30:49.910119
"Продава 2-СТАЕН, гр. Пловдив, Западен",https://bazar.bg/obiava-52118741/prodawa-2-staen-gr-plowdiw-zapaden,52118741,148 875€,"гр. Пловдив, Западен",20 януари,https://bazar.bg/obiavi/prodazhba-apartamenti/plovdiv?asize[]=2&asize[]=3&asize[]=4&asize[]=5&asize[]=6&currency=2&district_id[]=710&district_id[]=714&district_id[]=979&district_id[]=718&district_id[]=720&district_id[]=984&district_id[]=723&district_id[]=270,2026-01-25T19:30:49.910265
"Продава 4-СТАЕН, гр. Пловдив, Западен",https://bazar.bg/obiava-52118748/prodawa-4-staen-gr-plowdiw-zapaden,52118748,289 935€,"гр. Пловдив, Западен",20 януари,https://bazar.bg/obiavi/prodazhba-apartamenti/plovdiv?asize[]=2&asize[]=3&asize[]=4&asize[]=5&asize[]=6&currency=2&district_id[]=710&district_id[]=714&district_id[]=979&district_id[]=718&district_id[]=720&district_id[]=984&district_id[]=723&district_id[]=270,2026-01-25T19:30:49.910410
"Продава 4-СТАЕН, гр. Пловдив, Западен",https://bazar.bg/obiava-52983815/prodawa-4-staen-gr-plowdiw-zapaden,52983815,289 935€,"гр. Пловдив, Западен",20 януари,https://bazar.bg/obiavi/prodazhba-apartamenti/plovdiv?asize[]=2&asize[]=3&asize[]=4&asize[]=5&asize[]=6&currency=2&district_id[]=710&district_id[]=714&district_id[]=979&district_id[]=718&district_id[]=720&district_id[]=984&district_id[]=723&district_id[]=270,2026-01-25T19:30:49.910556
"Продава 3-СТАЕН, гр. Пловдив, Западен",https://bazar.bg/obiava-53001438/prodawa-3-staen-gr-plowdiw-zapaden,53001438,180 404€,"гр. Пловдив, Западен",20 януари,https://bazar.bg/obiavi/prodazhba-apartamenti/plovdiv?asize[]=2&asize[]=3&asize[]=4&asize[]=5&asize[]=6&currency=2&district_id[]=710&district_id[]=714&district_id[]=979&district_id[]=718&district_id[]=720&district_id[]=984&district_id[]=723&district_id[]=270,2026-01-25T19:30:49.910703
"Продава 2-СТАЕН, гр. Пловдив, Западен",https://bazar.bg/obiava-53001441/prodawa-2-staen-gr-plowdiw-zapaden,53001441,148 875€,"гр. Пловдив, Западен",20 януари,https://bazar.bg/obiavi/prodazhba-apartamenti/plovdiv?asize[]=2&asize[]=3&asize[]=4&asize[]=5&asize[]=6&currency=2&district_id[]=710&district_id[]=714&district_id[]=979&district_id[]=718&district_id[]=720&district_id[]=984&district_id[]=723&district_id[]=270,2026-01-25T19:30:49.910850
"Продава МЕЗОНЕТ, гр. Пловдив, Център",https://bazar.bg/obiava-53161935/prodawa-mezonet-gr-plowdiw-tsentar,53161935,568 000€,"гр. Пловдив, Център",20 януари,https://bazar.bg/obiavi/prodazhba-apartamenti/plovdiv?asize[]=2&asize[]=3&asize[]=4&asize[]=5&asize[]=6&currency=2&district_id[]=710&district_id[]=714&district_id[]=979&district_id[]=718&district_id[]=720&district_id[]=984&district_id[]=723&district_id[]=270,2026-01-25T19:30:49.911015
"Продава 2-СТАЕН, гр. Пловдив, Младежки Хълм",https://bazar.bg/obiava-50442988/prodawa-2-staen-gr-plowdiw-mladezhki-halm,50442988,147 000€,"гр. Пловдив, Младежки Хълм",20 януари,https://bazar.bg/obiavi/prodazhba-apartamenti/plovdiv?asize[]=2&asize[]=3&asize[]=4&asize[]=5&asize[]=6&currency=2&district_id[]=710&district_id[]=714&district_id[]=979&district_id[]=718&district_id[]=720&district_id[]=984&district_id[]=723&district_id[]=270,2026-01-25T19:30:49.911170
"Продава 2-СТАЕН, гр. Пловдив, Център",https://bazar.bg/obiava-52874647/prodawa-2-staen-gr-plowdiw-tsentar,52874647,224 000€,"гр. Пловдив, Център",20 януари,https://bazar.bg/obiavi/prodazhba-apartamenti/plovdiv?asize[]=2&asize[]=3&asize[]=4&asize[]=5&asize[]=6&currency=2&district_id[]=710&district_id[]=714&district_id[]=979&district_id[]=718&district_id[]=720&district_id[]=984&district_id[]=723&district_id[]=270,2026-01-25T19:30:49.911323
"Продава МНОГОСТАЕН, гр. Пловдив, Център",https://bazar.bg/obiava-52099647/prodawa-mnogostaen-gr-plowdiw-tsentar,52099647,419 000€,"гр. Пловдив, Център",20 януари,https://bazar.bg/obiavi/prodazhba-apartamenti/plovdiv?asize[]=2&asize[]=3&asize[]=4&asize[]=5&asize[]=6&currency=2&district_id[]=710&district_id[]=714&district_id[]=979&district_id[]=718&district_id[]=720&district_id[]=984&district_id[]=723&district_id[]=270,2026-01-25T19:30:49.911469
"Продава МЕЗОНЕТ, гр. Пловдив, Център",https://bazar.bg/obiava-53161037/prodawa-mezonet-gr-plowdiw-tsentar,53161037,750 000€,"гр. Пловдив, Център",20 януари,https://bazar.bg/obiavi/prodazhba-apartamenti/plovdiv?asize[]=2&asize[]=3&asize[]=4&asize[]=5&asize[]=6&currency=2&district_id[]=710&district_id[]=714&district_id[]=979&district_id[]=718&district_id[]=720&district_id[]=984&district_id[]=723&district_id[]=270,2026-01-25T19:30:49.911613
"Продава 3-СТАЕН, гр. Пловдив, Център",https://bazar.bg/obiava-52000599/prodawa-3-staen-gr-plowdiw-tsentar,52000599,207 000€,"гр. Пловдив, Център",20 януари,https://bazar.bg/obiavi/prodazhba-apartamenti/plovdiv?asize[]=2&asize[]=3&asize[]=4&asize[]=5&asize[]=6&currency=2&district_id[]=710&district_id[]=714&district_id[]=979&district_id[]=718&district_id[]=720&district_id[]=984&district_id[]=723&district_id[]=270,2026-01-25T19:30:49.911762
"Продава 3-СТАЕН, гр. Пловдив, Център",https://bazar.bg/obiava-53076200/prodawa-3-staen-gr-plowdiw-tsentar,53076200,259 800€,"гр. Пловдив, Център",20 януари,https://bazar.bg/obiavi/prodazhba-apartamenti/plovdiv?asize[]=2&asize[]=3&asize[]=4&asize[]=5&asize[]=6&currency=2&district_id[]=710&district_id[]=714&district_id[]=979&district_id[]=718&district_id[]=720&district_id[]=984&district_id[]=723&district_id[]=270,2026-01-25T19:30:49.911907
"Продава 4-СТАЕН, гр. Пловдив, Център",https://bazar.bg/obiava-47688245/prodawa-4-staen-gr-plowdiw-tsentar,47688245,514 750€,"гр. Пловдив, Център",20 януари,https://bazar.bg/obiavi/prodazhba-apartamenti/plovdiv?asize[]=2&asize[]=3&asize[]=4&asize[]=5&asize[]=6&currency=2&district_id[]=710&district_id[]=714&district_id[]=979&district_id[]=718&district_id[]=720&district_id[]=984&district_id[]=723&district_id[]=270,2026-01-25T19:30:49.912073
"Продава 3-СТАЕН, гр. Пловдив, Център",https://bazar.bg/obiava-47680266/prodawa-3-staen-gr-plowdiw-tsentar,47680266,298 900€,"гр. Пловдив, Център",20 януари,https://bazar.bg/obiavi/prodazhba-apartamenti/plovdiv?asize[]=2&asize[]=3&asize[]=4&asize[]=5&asize[]=6&currency=2&district_id[]=710&district_id[]=714&district_id[]=979&district_id[]=718&district_id[]=720&district_id[]=984&district_id[]=723&district_id[]=270,2026-01-25T19:30:49.912221
"Продава 2-СТАЕН, гр. Пловдив, Център",https://bazar.bg/obiava-53149224/prodawa-2-staen-gr-plowdiw-tsentar,53149224,195 400€,"гр. Пловдив, Център",20 януари,https://bazar.bg/obiavi/prodazhba-apartamenti/plovdiv?asize[]=2&asize[]=3&asize[]=4&asize[]=5&asize[]=6&currency=2&district_id[]=710&district_id[]=714&district_id[]=979&district_id[]=718&district_id[]=720&district_id[]=984&district_id[]=723&district_id[]=270,2026-01-25T19:30:49.912365
"Продава 2-СТАЕН, гр. Пловдив, Център",https://bazar.bg/obiava-53160569/prodawa-2-staen-gr-plowdiw-tsentar,53160569,134 000€,"гр. Пловдив, Център",20 януари,https://bazar.bg/obiavi/prodazhba-apartamenti/plovdiv?asize[]=2&asize[]=3&asize[]=4&asize[]=5&asize[]=6&currency=2&district_id[]=710&district_id[]=714&district_id[]=979&district_id[]=718&district_id[]=720&district_id[]=984&district_id[]=723&district_id[]=270,2026-01-25T19:30:49.912512
"Продава 3-СТАЕН, гр. Пловдив, Център",https://bazar.bg/obiava-53170654/prodawa-3-staen-gr-plowdiw-tsentar,53170654,180 600€,"гр. Пловдив, Център",20 януари,https://bazar.bg/obiavi/prodazhba-apartamenti/plovdiv?asize[]=2&asize[]=3&asize[]=4&asize[]=5&asize[]=6&currency=2&district_id[]=710&district_id[]=714&district_id[]=979&district_id[]=718&district_id[]=720&district_id[]=984&district_id[]=723&district_id[]=270,2026-01-25T19:30:49.912661
