raw_title,raw_description,price,currency,without_dds,offer_type,property_type,city,neighborhood,contact_info,agency,agency_url,details_url,num_photos,date_time_added,search_url,site,total_offers,date,ref_no,time,price_per_m2,area,floor
"продава Двустаен апартамент, 60 м2","Имотен Център ви предлага двустаен апартамент в нова жилищна сграда в кв.Сухата река на ул.Железни Врата 19.Апартаментът е перфектен, както за живеене, така и за отдаване под наем с...",99000.0,EUR,False,продава,двустаен,София, Суха Река,,Имотен център България 2021,,https://www.imoti.net/bg/obiava/prodava--v-stroej/sofia/suha-reka/dvustaen/6020928/?sid=gFM8jD&page=1,10.0,2025-01-21 18:02:18.348948,https://www.imoti.net/bg/obiavi/r/prodava/sofia/?page=1&sid=gFM8jD,imoti.net,393,2025-01-21,,,Цена на /м2/:1 650EUR, 60 м2,Етаж: 4 от 5
"продава Двустаен апартамент, 63 м2","МЕТРО!ТИШИНА!ЕЛЕГАНТНОСТ!ПРЕДПРОДАЖБА!СКОРО ОТНОВО ЩЕ ВДИГНЕМ ЦЕНАТА, ПОБЪРЗАЙТЕ!ВЕЧЕ 70% ОТ ЖИЛИЩАТА СА ЗАКУПЕНИ!Уникален мини...",132300.0,EUR,False,продава,двустаен,София, Подуене,,Елеганс Естейт,,https://www.imoti.net/bg/obiava/prodava--v-stroej/sofia/poduene/dvustaen/5982550/?sid=gFM8jD&page=1,4.0,2025-01-21 18:02:18.349430,https://www.imoti.net/bg/obiavi/r/prodava/sofia/?page=1&sid=gFM8jD,imoti.net,393,2025-01-21,,,Цена на /м2/:2 100EUR, 63 м2,Етаж: 4 от 6
"продава Тристаен апартамент, 79 м2","МЕТРО!ТИШИНА!ЕЛЕГАНТНОСТ!ПРЕДПРОДАЖБА!СКОРО ОТНОВО ЩЕ ВДИГНЕМ ЦЕНАТА, ПОБЪРЗАЙТЕ!ВЕЧЕ 60% ОТ ЖИЛИЩАТА СА ЗАКУПЕНИ!Уникален мини...",165821.0,EUR,False,продава,тристаен,София, Суха Река,,Елеганс Естейт,,https://www.imoti.net/bg/obiava/prodava--v-stroej/sofia/suha-reka/tristaen/5986842/?sid=gFM8jD&page=1,4.0,2025-01-21 18:02:18.349959,https://www.imoti.net/bg/obiavi/r/prodava/sofia/?page=1&sid=gFM8jD,imoti.net,393,2025-01-21,,,Цена на /м2/:2 099EUR, 79 м2,Етаж: 7 от 7
"продава Двустаен апартамент, 107 м2","iHOME REAL ESTATE предлага двустаен апартамент до бул. 'Мадрид и ул.Черковна'. На една трамвайна спирка от МОЛ Сердика, в близост до малък градски театър и театър София.БЕЗ КОМИСИОННА!...",169000.0,EUR,False,продава,двустаен,София, Подуене,,iHOME REAL ESTATE,,https://www.imoti.net/bg/obiava/prodava/sofia/poduene/dvustaen/5982966/?sid=gFM8jD&page=1,18.0,2025-01-21 18:02:18.350417,https://www.imoti.net/bg/obiavi/r/prodava/sofia/?page=1&sid=gFM8jD,imoti.net,393,2025-01-21,,,Цена на /м2/:1 579EUR, 107 м2,Етаж: 3 от 9
"продава Тристаен апартамент, 158 м2","БЕЗ КОМИСИОННА!Директно от строител!Представяме Ви тристаен апартамент , разположен в новострояща се жилищна сграда в кв.Сухата река гр.София .Апартаментът се...",173800.0,EUR,False,продава,тристаен,София, Суха Река,,частно лице,,https://www.imoti.net/bg/obiava/prodava--v-stroej/sofia/suha-reka/tristaen/5985565/?sid=gFM8jD&page=1,2.0,2025-01-21 18:02:18.350846,https://www.imoti.net/bg/obiavi/r/prodava/sofia/?page=1&sid=gFM8jD,imoti.net,393,2025-01-21,,,Цена на /м2/:1 100EUR, 158 м2,Етаж: 3 от 4
"продава Двустаен апартамент, 75 м2","Продава се ПРОСТОРЕН И УЮТЕН 2-СТАЕН АПАРТАМЕНТ с изглед към Витошаград София, кв. ПодуянеЦена: 179,232 евро (2,400 евро/кв.м.)Статут: Апартамент...",179232.0,EUR,False,продава,двустаен,София, Подуене,,частно лице,,https://www.imoti.net/bg/obiava/prodava/sofia/poduene/dvustaen/6010237/?sid=gFM8jD&page=1,13.0,2025-01-21 18:02:18.351315,https://www.imoti.net/bg/obiavi/r/prodava/sofia/?page=1&sid=gFM8jD,imoti.net,393,2025-01-21,,,Цена на /м2/:2 390EUR, 75 м2,Етаж: 6 от 10
"продава Двустаен апартамент, 75 м2","Продава се ПРОСТОРЕН И УЮТЕН 2-СТАЕН АПАРТАМЕНТ с изглед към Витошаград София, кв. ПодуянеЦена: 179,232 евро (2,400 евро/кв.м.)Статут: Апартамент...",179232.0,EUR,False,продава,двустаен,София, Суха Река,,частно лице,,https://www.imoti.net/bg/obiava/prodava/sofia/suha-reka/dvustaen/6019551/?sid=gFM8jD&page=1,16.0,2025-01-21 18:02:18.351796,https://www.imoti.net/bg/obiavi/r/prodava/sofia/?page=1&sid=gFM8jD,imoti.net,393,2025-01-21,,,Цена на /м2/:2 390EUR, 75 м2,Етаж: 6 от 10
"продава Тристаен апартамент, 93 м2","Продава се НОВ ПАНОРАМЕН 3-СТАЕН АПАРТАМЕНТ С ИЗГЛЕД КЪМ ВИТОШАград София, кв. ПодуянеЦена: 229,000 евро (2,458 евро/кв.м.)Статут: АпартаментАКТ 16 -...",229000.0,EUR,False,продава,тристаен,София, Подуене,,частно лице,,https://www.imoti.net/bg/obiava/prodava/sofia/poduene/tristaen/6010221/?sid=gFM8jD&page=1,16.0,2025-01-21 18:02:18.352265,https://www.imoti.net/bg/obiavi/r/prodava/sofia/?page=1&sid=gFM8jD,imoti.net,393,2025-01-21,,,Цена на /м2/:2 462EUR, 93 м2,Етаж: 6 от 10
"продава Тристаен апартамент, 93 м2","ОписаниеПродава се НОВ ПАНОРАМЕН 3-СТАЕН АПАРТАМЕНТ С ИЗГЛЕД КЪМ ВИТОШАград София, кв. ПодуянеЦена: 229,000 евро (2,458 евро/кв.м.)Статут:...",229000.0,EUR,False,продава,тристаен,София, Суха Река,,частно лице,,https://www.imoti.net/bg/obiava/prodava/sofia/suha-reka/tristaen/6019550/?sid=gFM8jD&page=1,20.0,2025-01-21 18:02:18.352744,https://www.imoti.net/bg/obiavi/r/prodava/sofia/?page=1&sid=gFM8jD,imoti.net,393,2025-01-21,,,Цена на /м2/:2 462EUR, 93 м2,Етаж: 6 от 10
"продава Четиристаен апартамент, 143 м2","Продава се НОВ ПАНОРАМЕН 4-СТАЕН АПАРТАМЕНТ Т С ИЗГЛЕД КЪМ ВИТОШАград София, кв. ПодуянеЦена: 314 600 евро (2,200 евро/кв.м.)Статут: АпартаментАКТ 16...",314600.0,EUR,False,продава,четиристаен,София, Подуене,,частно лице,,https://www.imoti.net/bg/obiava/prodava/sofia/poduene/chetiristaen/6010175/?sid=gFM8jD&page=1,20.0,2025-01-21 18:02:18.353211,https://www.imoti.net/bg/obiavi/r/prodava/sofia/?page=1&sid=gFM8jD,imoti.net,393,2025-01-21,,,Цена на /м2/:2 200EUR, 143 м2,Етаж: 6 от 10
"продава Четиристаен апартамент, 143 м2","Продава се НОВ ПАНОРАМЕН 4-СТАЕН АПАРТАМЕНТ Т С ИЗГЛЕД КЪМ ВИТОШАград София, кв. ПодуянеЦена: 314 600 евро (2,200 евро/кв.м.)Статут: АпартаментАКТ 16...",314600.0,EUR,False,продава,четиристаен,София, Суха Река,,частно лице,,https://www.imoti.net/bg/obiava/prodava/sofia/suha-reka/chetiristaen/6019549/?sid=gFM8jD&page=1,20.0,2025-01-21 18:02:18.353725,https://www.imoti.net/bg/obiavi/r/prodava/sofia/?page=1&sid=gFM8jD,imoti.net,393,2025-01-21,,,Цена на /м2/:2 200EUR, 143 м2,Етаж: 6 от 10
"продава Мезонет, 145 м2",First Estates предлага за продажба бутиков мезонет с две спални в кв. Изток в санирана сграда с падземен паркинг от 2002 г.Към апаратмента може да се закупи и гараж на цена от 45000 Е....,315000.0,EUR,False,продава,мезонет,София, Изток,,First Estates,,https://www.imoti.net/bg/obiava/prodava--v-stroej/sofia/sofija-iztok/mezonet/5958668/?sid=gFM8jD&page=1,19.0,2025-01-21 18:02:18.354172,https://www.imoti.net/bg/obiavi/r/prodava/sofia/?page=1&sid=gFM8jD,imoti.net,393,2025-01-21,,,Цена на /м2/:2 172EUR, 145 м2,Етаж: 8 от 9
"продава Тристаен апартамент, 125 м2","Представяме тристаен апартамент в чисто нова бутикова сграда с отлична локация в кв. „Сухата река“. В непосредствена близост се намира метростанция „Хаджи Димитър“, а популярният парк „Заимов“,...",327132.0,EUR,False,продава,тристаен,София, Суха Река,,Luximmo Finest Estates,,https://www.imoti.net/bg/obiava/prodava--v-stroej/sofia/suha-reka/tristaen/5829598/?sid=gFM8jD&page=1,5.0,2025-01-21 18:02:18.355089,https://www.imoti.net/bg/obiavi/r/prodava/sofia/?page=1&sid=gFM8jD,imoti.net,393,2025-01-21,,,Цена на /м2/:2 617EUR, 125 м2,Етаж:  от 10
"продава Тристаен апартамент, 130 м2","Ексклузивно представяме за продажба тристаен апартамент в сграда S-Tower - нов проект с отличителен дизайн, висок клас на изпълнение, комуникативна локация и отлична възможност за инвестиция....",344644.0,EUR,False,продава,тристаен,София, Дианабад,,Luximmo Finest Estates,,https://www.imoti.net/bg/obiava/prodava--v-stroej/sofia/dianabad/tristaen/5805229/?sid=gFM8jD&page=1,25.0,2025-01-21 18:02:18.355549,https://www.imoti.net/bg/obiavi/r/prodava/sofia/?page=1&sid=gFM8jD,imoti.net,393,2025-01-21,,,Цена на /м2/:2 651EUR, 130 м2,Етаж:  от 15
"продава Четиристаен апартамент, 220 м2",Просторен четиристаен апартамент в квартал Изток за продажбаBULGARIA SOTHEBY’S INTERNATIONAL REALTY представя на Вашето внимание луксозно обзаведен просторен апартамент с перфектна локация...,800000.0,EUR,False,продава,четиристаен,София, Изток,,BULGARIA SOTHEBY'S INTERNATIONAL REALTY,,https://www.imoti.net/bg/obiava/prodava/sofia/sofija-iztok/chetiristaen/5995176/?sid=gFM8jD&page=1,11.0,2025-01-21 18:02:18.356022,https://www.imoti.net/bg/obiavi/r/prodava/sofia/?page=1&sid=gFM8jD,imoti.net,393,2025-01-21,,,Цена на /м2/:3 636EUR, 220 м2,Етаж: 3 от 6
"продава Двустаен апартамент, 65 м2","Компания `ЕКС` представя на Вашето внимание двустаен апартамент в ж.к. Подуяне.МЕСТОПОЛОЖЕНИЕ: В близост до спирка на градски транспорт, детска градина, училище, магазини от...",104464.0,EUR,False,продава,двустаен,София, Подуене,,ЕКС НВД,,https://www.imoti.net/bg/obiava/prodava/sofia/poduene/dvustaen/6021250/?sid=gFM8jD&page=1,1.0,2025-01-21 18:02:18.356453,https://www.imoti.net/bg/obiavi/r/prodava/sofia/?page=1&sid=gFM8jD,imoti.net,393,2025-01-21,,,Цена на /м2/:1 607EUR, 65 м2,Етаж: 5 от 6
"продава Двустаен апартамент, 58 м2","АКТ 15АКТ 16-декември 2024г.ИРИДА НЕДВИЖИМИ ИМОТИ Ви предлага за продажба двустаен апартамент, в новопостроена сграда, в кв.Суха река!Апартаментът е със ЗП от 48...",110000.0,EUR,False,продава,двустаен,София, Суха Река,,ИРИДА НЕДВИЖИМИ ИМОТИ,,https://www.imoti.net/bg/obiava/prodava--v-stroej/sofia/suha-reka/dvustaen/5943393/?sid=gFM8jD&page=1,6.0,2025-01-21 18:02:18.356955,https://www.imoti.net/bg/obiavi/r/prodava/sofia/?page=1&sid=gFM8jD,imoti.net,393,2025-01-21,,,Цена на /м2/:1 897EUR, 58 м2,Етаж: 2 от 5
"продава Двустаен апартамент, 65 м2","БЕЗ КОМИСИОН ОТ КУПУВАЧА!ИРИДА НЕДВИЖИМИ ИМОТИ Ви предлага за продажба двустаен апартамент, в новострояща се луксозна сграда, строяща се само с най-качествени материали в...",115000.0,EUR,False,продава,двустаен,София, Суха Река,,ИРИДА НЕДВИЖИМИ ИМОТИ,,https://www.imoti.net/bg/obiava/prodava--v-stroej/sofia/suha-reka/dvustaen/5936887/?sid=gFM8jD&page=1,1.0,2025-01-21 18:02:18.357442,https://www.imoti.net/bg/obiavi/r/prodava/sofia/?page=1&sid=gFM8jD,imoti.net,393,2025-01-21,,,Цена на /м2/:1 769EUR, 65 м2,Етаж: 3 от 6
"продава Двустаен апартамент, 76 м2","Компания `ЕКС` представя на Вашето внимание двустаен апартамент в ж.к. Подуяне.МЕСТОПОЛОЖЕНИЕ: В близост до спирка на градски транспорт, детска градина, училище, магазини от...",118312.0,EUR,False,продава,двустаен,София, Подуене,,ЕКС НВД,,https://www.imoti.net/bg/obiava/prodava/sofia/poduene/dvustaen/6021285/?sid=gFM8jD&page=1,1.0,2025-01-21 18:02:18.357882,https://www.imoti.net/bg/obiavi/r/prodava/sofia/?page=1&sid=gFM8jD,imoti.net,393,2025-01-21,,,Цена на /м2/:1 557EUR, 76 м2,Етаж: 2 от 6
"продава Двустаен апартамент, 55 м2","Титан Пропъртис - офис Черни връх има удоволствието да Ви представи двустаен апартамент в Оборище. Мястото е комуникативно , в близост е до метростанция Театрална, спирки на градски транспорт,...",120000.0,EUR,False,продава,двустаен,София, Оборище,,Титан пропъртис продажби,,https://www.imoti.net/bg/obiava/prodava/sofia/oborishte/dvustaen/6022943/?sid=gFM8jD&page=1,7.0,2025-01-21 18:02:18.358297,https://www.imoti.net/bg/obiavi/r/prodava/sofia/?page=1&sid=gFM8jD,imoti.net,393,2025-01-21,,,Цена на /м2/:2 182EUR, 55 м2,Етаж: 1 от 4
"продава Двустаен апартамент, 39 м2","Явлена Изток продава малък компактен, но стсилен, със съвременно обзавеждане в панелен блок на много комуникаивно място в ж.к. Сухата река, в близост до Фантастико, Т Маркет, прекрасен парк и...",120000.0,EUR,False,продава,двустаен,София, Суха Река,,Явлена Изток,,https://www.imoti.net/bg/obiava/prodava/sofia/suha-reka/dvustaen/6018119/?sid=gFM8jD&page=1,4.0,2025-01-21 18:02:18.358725,https://www.imoti.net/bg/obiavi/r/prodava/sofia/?page=1&sid=gFM8jD,imoti.net,393,2025-01-21,,,Цена на /м2/:3 077EUR, 39 м2,Етаж: 2 от 7
"продава Двустаен апартамент, 38 м2","Титан Пропъртис - офис Младост има удоволствието да Ви представи двустаен апартамент в ж.к. Сухата река. В близост са разположени спирки на градски транспорт, Стадион „Георги Аспарухов“, супер...",120000.0,EUR,False,продава,двустаен,София, Суха Река,,Титан Пропъртис Рент,,https://www.imoti.net/bg/obiava/prodava/sofia/suha-reka/dvustaen/6014312/?sid=gFM8jD&page=1,7.0,2025-01-21 18:02:18.359140,https://www.imoti.net/bg/obiavi/r/prodava/sofia/?page=1&sid=gFM8jD,imoti.net,393,2025-01-21,,,Цена на /м2/:3 158EUR, 38 м2,Етаж: 2 от 7
"продава Двустаен апартамент, 76 м2","Компания `ЕКС` представя на Вашето внимание двустаен апартамент в ж.к. Подуяне.МЕСТОПОЛОЖЕНИЕ: В близост до спирка на градски транспорт, детска градина, училище, магазини от...",120896.0,EUR,False,продава,двустаен,София, Подуене,,ЕКС НВД,,https://www.imoti.net/bg/obiava/prodava/sofia/poduene/dvustaen/6021368/?sid=gFM8jD&page=1,1.0,2025-01-21 18:02:18.359560,https://www.imoti.net/bg/obiavi/r/prodava/sofia/?page=1&sid=gFM8jD,imoti.net,393,2025-01-21,,,Цена на /м2/:1 591EUR, 76 м2,Етаж: 6 от 6
"продава Двустаен апартамент, 66 м2","БЕЗ КОМИСИОН ОТ КУПУВАЧА!ИРИДА НЕДВИЖИМИ ИМОТИ Ви предлага за продажба двустаен апартамент, в новострояща се луксозна сграда, строяща се само с най-качествени материали в район...",121600.0,EUR,False,продава,двустаен,София, Суха Река,,ИРИДА НЕДВИЖИМИ ИМОТИ,,https://www.imoti.net/bg/obiava/prodava--v-stroej/sofia/suha-reka/dvustaen/5936891/?sid=gFM8jD&page=1,1.0,2025-01-21 18:02:18.360044,https://www.imoti.net/bg/obiavi/r/prodava/sofia/?page=1&sid=gFM8jD,imoti.net,393,2025-01-21,,,Цена на /м2/:1 842EUR, 66 м2,Етаж: 5 от 6
"продава Двустаен апартамент, 56 м2","АКТ-16 апартамент с панорамна гледка Район Подуяне на минути от центъра на София Новa сграда контролиран достъп, видеонаблюдение; Високо качество и енергийна ефективностул_Княгиня Тамара11...",123000.0,EUR,False,продава,двустаен,София, Суха Река,,GLOBAL CONSULT,,https://www.imoti.net/bg/obiava/prodava/sofia/suha-reka/dvustaen/5979828/?sid=gFM8jD&page=1,13.0,2025-01-21 18:02:18.360494,https://www.imoti.net/bg/obiavi/r/prodava/sofia/?page=1&sid=gFM8jD,imoti.net,393,2025-01-21,,,Цена на /м2/:2 196EUR, 56 м2,Етаж: 4 от 6
"продава Тристаен апартамент, 84 м2","Явлена-Изток продава 3-стаен апартамент 84 кв.м. в ж.к. Сухата река. Състоящ се от: дневна, две спални, кухня, баня, тоалетна, мокро помещение, гардеробно и две тераси. Сградата е панел от 1974г....",125000.0,EUR,False,продава,тристаен,София, Суха Река,,Явлена Изток,,https://www.imoti.net/bg/obiava/prodava/sofia/suha-reka/tristaen/5675521/?sid=gFM8jD&page=1,12.0,2025-01-21 18:02:18.360933,https://www.imoti.net/bg/obiavi/r/prodava/sofia/?page=1&sid=gFM8jD,imoti.net,393,2025-01-21,,,Цена на /м2/:1 488EUR, 84 м2,Етаж: 6 от 8
"продава Двустаен апартамент, 63 м2","Компания `ЕКС` представя на Вашето внимание двустаен апартамент в ж.к. Сухата река.МЕСТОПОЛОЖЕНИЕ: В близост до спирка на градски транспорт, детска градина, училище, магазини от...",125020.0,EUR,False,продава,двустаен,София, Суха Река,,ЕКС НВД,,https://www.imoti.net/bg/obiava/prodava/sofia/suha-reka/dvustaen/6020754/?sid=gFM8jD&page=1,1.0,2025-01-21 18:02:18.361357,https://www.imoti.net/bg/obiavi/r/prodava/sofia/?page=1&sid=gFM8jD,imoti.net,393,2025-01-21,,,Цена на /м2/:1 984EUR, 63 м2,Етаж: 2 от 8
"продава Двустаен апартамент, 74 м2",Двустаен апартамент в новострояща кооперация пред Акт 14 на комуникативно място . Доказан инвеститор с редица завършени прекрасни обекти. Апартамента се намира на етаж 2 в сграда Б с чиста...,126000.0,EUR,False,продава,двустаен,София, Подуене,,Глобъл Сървисиз,,https://www.imoti.net/bg/obiava/prodava--v-stroej/sofia/poduene/dvustaen/5847538/?sid=gFM8jD&page=1,1.0,2025-01-21 18:02:18.361787,https://www.imoti.net/bg/obiavi/r/prodava/sofia/?page=1&sid=gFM8jD,imoti.net,393,2025-01-21,,,Цена на /м2/:1 703EUR, 74 м2,Етаж: 2 от 5
"продава Двустаен апартамент, 74 м2","БЕЗ КОМИСИОН ОТ КУПУВАЧА!ИРИДА НЕДВИЖИМИ ИМОТИ Ви предлага за продажба двустаен апартамент, в новострояща се луксозна сграда, строяща се само с най-качествени материали в район...",128000.0,EUR,False,продава,двустаен,София, Суха Река,,ИРИДА НЕДВИЖИМИ ИМОТИ,,https://www.imoti.net/bg/obiava/prodava--v-stroej/sofia/suha-reka/dvustaen/5936669/?sid=gFM8jD&page=1,1.0,2025-01-21 18:02:18.362262,https://www.imoti.net/bg/obiavi/r/prodava/sofia/?page=1&sid=gFM8jD,imoti.net,393,2025-01-21,,,Цена на /м2/:1 730EUR, 74 м2,Етаж: 2 от 6
"продава Двустаен апартамент, 82 м2","БЕЗ КОМИСИОН ОТ КУПУВАЧА!ИРИДА НЕДВИЖИМИ ИМОТИ Ви предлага за продажба двустаен апартамент, в новострояща се луксозна сграда, строяща се само с най-качествени материали в...",130800.0,EUR,False,продава,двустаен,София, Суха Река,,ИРИДА НЕДВИЖИМИ ИМОТИ,,https://www.imoti.net/bg/obiava/prodava--v-stroej/sofia/suha-reka/dvustaen/5936888/?sid=gFM8jD&page=1,1.0,2025-01-21 18:02:18.362749,https://www.imoti.net/bg/obiavi/r/prodava/sofia/?page=1&sid=gFM8jD,imoti.net,393,2025-01-21,,,Цена на /м2/:1 595EUR, 82 м2,Етаж: 2 от 6
"продава Двустаен апартамент, 73 м2",КЛИЕНТИТЕ НА MARTIN'S СА ПО-ДОВОЛНИ! ПОПИТАЙ ЗАЩО!Предлагаме двустаен апартамент с обща площ от 72.94 кв.м. в сграда ново строителство с етап фундамент. Имотът се намира на втори етаж в...,131292.0,EUR,False,продава,двустаен,София, Суха Река,,MARTIN’S,,https://www.imoti.net/bg/obiava/prodava--v-stroej/sofia/suha-reka/dvustaen/5901591/?sid=gFM8jD&page=2,3.0,2025-01-21 18:02:21.400313,https://www.imoti.net/bg/obiavi/r/prodava/sofia/?page=1&sid=gFM8jD,imoti.net,393,2025-01-21,,,Цена на /м2/:1 799EUR, 73 м2,Етаж: 2 от 9
"продава Двустаен апартамент, 83 м2","БЕЗ КОМИСИОН ОТ КУПУВАЧА!ИРИДА НЕДВИЖИМИ ИМОТИ Ви предлага за продажба просторен двустаен апартамент, в новострояща се луксозна сграда, строяща се само с най-качествени...",131900.0,EUR,False,продава,двустаен,София, Суха Река,,ИРИДА НЕДВИЖИМИ ИМОТИ,,https://www.imoti.net/bg/obiava/prodava--v-stroej/sofia/suha-reka/dvustaen/5936885/?sid=gFM8jD&page=2,1.0,2025-01-21 18:02:21.400958,https://www.imoti.net/bg/obiavi/r/prodava/sofia/?page=1&sid=gFM8jD,imoti.net,393,2025-01-21,,,Цена на /м2/:1 589EUR, 83 м2,Етаж: 3 от 6
"продава Двустаен апартамент, 69 м2","ПРОСТОРЕН , ВЪТРЕШЕН, ФУНКЦИОНАЛЕН ап. на ТОП място в близост до център, до множество спирки на градския транспорт, на две спирки от метростанция Театрална, в близост до училище, детска градина,...",132600.0,EUR,False,продава,двустаен,София, Суха Река,,АЛДЕС ИМОТИ ЕООД,,https://www.imoti.net/bg/obiava/prodava/sofia/suha-reka/dvustaen/5972916/?sid=gFM8jD&page=2,8.0,2025-01-21 18:02:21.401483,https://www.imoti.net/bg/obiavi/r/prodava/sofia/?page=1&sid=gFM8jD,imoti.net,393,2025-01-21,,,Цена на /м2/:1 922EUR, 69 м2,Етаж: 5 от 8
"продава Двустаен апартамент, 70 м2","БЕЗ КОМИСИОН ОТ КУПУВАЧА!НОВ ПРОЕКТ!ИРИДА НЕДВИЖИМИ ИМОТИ Ви предлага за продажба двустаен апартамент, в новострояща се сграда в район Подуяне!...",133344.0,EUR,False,продава,двустаен,София, Подуене,,ИРИДА НЕДВИЖИМИ ИМОТИ,,https://www.imoti.net/bg/obiava/prodava--v-stroej/sofia/poduene/dvustaen/5943598/?sid=gFM8jD&page=2,1.0,2025-01-21 18:02:21.402099,https://www.imoti.net/bg/obiavi/r/prodava/sofia/?page=1&sid=gFM8jD,imoti.net,393,2025-01-21,,,Цена на /м2/:1 905EUR, 70 м2,Етаж: 6 от 9
"продава Двустаен апартамент, 66 м2","Представяме двустаен апартамент за продажба в нова сграда в кв. ""Редута"".Сградата е с Акт 15 и планиран Акт 16 през март 2025 г.Имотът се намира на тиха и спокойна...",135000.0,EUR,False,продава,двустаен,София, Редута,,SUPRIMMO,,https://www.imoti.net/bg/obiava/prodava--v-stroej/sofia/reduta/dvustaen/6002958/?sid=gFM8jD&page=2,2.0,2025-01-21 18:02:21.402650,https://www.imoti.net/bg/obiavi/r/prodava/sofia/?page=1&sid=gFM8jD,imoti.net,393,2025-01-21,,,Цена на /м2/:2 045EUR, 66 м2,Етаж:  от 6
"продава Двустаен апартамент, 49 м2",АГЕНЦИЯ 'ЕППИ' ПРОДАВА ЕКСКЛУЗИВНО ДВУСТАЙНО АТЕЛИЕ В ДИАНАБАД.Намира се в сграда тип ЕПК от 80 - те години в близост до супeрмаркет Т - Маркет.Представлява двустаен непреходен...,135000.0,EUR,False,продава,двустаен,София, Дианабад,,ЕППИ - СДЕЛКИ С ИМОТИ,,https://www.imoti.net/bg/obiava/prodava--v-stroej/sofia/dianabad/dvustaen/6016545/?sid=gFM8jD&page=2,5.0,2025-01-21 18:02:21.403171,https://www.imoti.net/bg/obiavi/r/prodava/sofia/?page=1&sid=gFM8jD,imoti.net,393,2025-01-21,,,Цена на /м2/:2 755EUR, 49 м2,Етаж: 16 от 20
"продава Двустаен апартамент, 51 м2","Двустаен апартамент с функционално разпределение, много светлина и просторна тераса с площ 51,68 кв.м.  разкриваща панорамна гледка. Жилището е разположено на шести последен етаж, в малка бутикова...",135000.0,EUR,False,продава,двустаен,София, Дианабад,,Явлена София,,https://www.imoti.net/bg/obiava/prodava/sofia/dianabad/dvustaen/5670984/?sid=gFM8jD&page=2,5.0,2025-01-21 18:02:21.403767,https://www.imoti.net/bg/obiavi/r/prodava/sofia/?page=1&sid=gFM8jD,imoti.net,393,2025-01-21,,,Цена на /м2/:2 647EUR, 51 м2,Етаж: 6 от 6
"продава Двустаен апартамент, 77 м2","БЕЗ КОМИСИОН ОТ КУПУВАЧА!НОВ ПРОЕКТ!ИРИДА НЕДВИЖИМИ ИМОТИ Ви предлага за продажба двустаен апартамент, в новострояща се сграда в район Подуяне!...",137196.0,EUR,False,продава,двустаен,София, Подуене,,ИРИДА НЕДВИЖИМИ ИМОТИ,,https://www.imoti.net/bg/obiava/prodava--v-stroej/sofia/poduene/dvustaen/5943382/?sid=gFM8jD&page=2,1.0,2025-01-21 18:02:21.404375,https://www.imoti.net/bg/obiavi/r/prodava/sofia/?page=1&sid=gFM8jD,imoti.net,393,2025-01-21,,,Цена на /м2/:1 782EUR, 77 м2,Етаж: 2 от 9
"продава Двустаен апартамент, 76 м2","КЛИЕНТИТЕ НА MARTIN'S СА ПО-ДОВОЛНИ! ПОПИТАЙ ЗАЩО!Предлагаме двустаен апартамент с обща площ от 76,5 кв.м. в сграда ново строителство. Имотът е ситуиран на втори етаж в сграда с общо 9...",137646.0,EUR,False,продава,двустаен,София, Суха Река,,MARTIN’S,,https://www.imoti.net/bg/obiava/prodava--v-stroej/sofia/suha-reka/dvustaen/5970847/?sid=gFM8jD&page=2,3.0,2025-01-21 18:02:21.404901,https://www.imoti.net/bg/obiavi/r/prodava/sofia/?page=1&sid=gFM8jD,imoti.net,393,2025-01-21,,,Цена на /м2/:1 811EUR, 76 м2,Етаж: 2 от 9
"продава Двустаен апартамент, 77 м2","Компания `ЕКС` представя на Вашето внимание двустаен апартамент в жк Сухата река.МЕСТОПОЛОЖЕНИЕ: В близост до спирка на градски транспорт, детска градина, училище, магазини от...",138726.0,EUR,False,продава,двустаен,София, Суха Река,,ЕКС НВД,,https://www.imoti.net/bg/obiava/prodava/sofia/suha-reka/dvustaen/5899149/?sid=gFM8jD&page=2,2.0,2025-01-21 18:02:21.405420,https://www.imoti.net/bg/obiavi/r/prodava/sofia/?page=1&sid=gFM8jD,imoti.net,393,2025-01-21,,,Цена на /м2/:1 802EUR, 77 м2,Етаж: 4 от 6
"продава Двустаен апартамент, 77 м2","Компания `ЕКС` представя на Вашето внимание двустаен апартамент в жк Сухата река.МЕСТОПОЛОЖЕНИЕ: В близост до спирка на градски транспорт, детска градина, училище, магазини от...",139000.0,EUR,False,продава,двустаен,София, Суха Река,,ЕКС НВД,,https://www.imoti.net/bg/obiava/prodava--v-stroej/sofia/suha-reka/dvustaen/5900575/?sid=gFM8jD&page=2,2.0,2025-01-21 18:02:21.405948,https://www.imoti.net/bg/obiavi/r/prodava/sofia/?page=1&sid=gFM8jD,imoti.net,393,2025-01-21,,,Цена на /м2/:1 805EUR, 77 м2,Етаж: 5 от 6
"продава Двустаен апартамент, 81 м2","БЕЗ КОМИСИОН ОТ КУПУВАЧА!ИРИДА НЕДВИЖИМИ ИМОТИ Ви предлага за продажба просторен двустаен апартамент, в новострояща се луксозна сграда, строяща се само с най-качествени материали в...",139400.0,EUR,False,продава,двустаен,София, Суха Река,,ИРИДА НЕДВИЖИМИ ИМОТИ,,https://www.imoti.net/bg/obiava/prodava--v-stroej/sofia/suha-reka/dvustaen/5936890/?sid=gFM8jD&page=2,1.0,2025-01-21 18:02:21.406506,https://www.imoti.net/bg/obiavi/r/prodava/sofia/?page=1&sid=gFM8jD,imoti.net,393,2025-01-21,,,Цена на /м2/:1 721EUR, 81 м2,Етаж: 6 от 6
"продава Тристаен апартамент, 90 м2","Компания `ЕКС` представя на Вашето внимание тристаен апартамент в ж.к. Подуяне.МЕСТОПОЛОЖЕНИЕ: В близост до спирка на градски транспорт, детска градина, училище, магазини от...",144416.0,EUR,False,продава,тристаен,София, Подуене,,ЕКС НВД,,https://www.imoti.net/bg/obiava/prodava/sofia/poduene/tristaen/6021413/?sid=gFM8jD&page=2,1.0,2025-01-21 18:02:21.406963,https://www.imoti.net/bg/obiavi/r/prodava/sofia/?page=1&sid=gFM8jD,imoti.net,393,2025-01-21,,,Цена на /м2/:1 605EUR, 90 м2,Етаж: 6 от 6
"продава Двустаен апартамент, 70 м2","Титан Пропъртис - офис Младост има удоволствието да Ви представи двустаен апартамент в ж.к. Сухата река. Намира се на бул. „Ботевградско шосе“, в близост са разположени спирки на градски транспорт,...",145000.0,EUR,False,продава,двустаен,София, Суха Река,,Титан Пропъртис Рент,,https://www.imoti.net/bg/obiava/prodava/sofia/suha-reka/dvustaen/6021244/?sid=gFM8jD&page=2,12.0,2025-01-21 18:02:21.407404,https://www.imoti.net/bg/obiavi/r/prodava/sofia/?page=1&sid=gFM8jD,imoti.net,393,2025-01-21,,,Цена на /м2/:2 071EUR, 70 м2,Етаж: 6 от 8
"продава Двустаен апартамент, 70 м2",ТОП ЛОКАЦИЯ! НА 10МИН. ОТ МОЛ 'СЕРДИКА'!Агенция за недвижими имоти Калиста Естейт има огромното удоволствие да Ви представи двустаен апартамент в ж.к. Сухата река....,145000.0,EUR,False,продава,двустаен,София, Суха Река,,Калиста Естейт,,https://www.imoti.net/bg/obiava/prodava/sofia/suha-reka/dvustaen/6015886/?sid=gFM8jD&page=2,12.0,2025-01-21 18:02:21.407873,https://www.imoti.net/bg/obiavi/r/prodava/sofia/?page=1&sid=gFM8jD,imoti.net,393,2025-01-21,,,Цена на /м2/:2 071EUR, 70 м2,Етаж: 6 от 8
"продава Двустаен апартамент, 76 м2",КЛИЕНТИТЕ НА MARTIN'S СА ПО-ДОВОЛНИ! ПОПИТАЙ ЗАЩО!Предлагаме двустаен апартамент с обща площ от 76.46 кв.м. в сграда ново строителство. Имотът е ситуиран на пети етаж в сграда с общо 9...,146803.0,EUR,False,продава,двустаен,София, Суха Река,,MARTIN’S,,https://www.imoti.net/bg/obiava/prodava--v-stroej/sofia/suha-reka/dvustaen/5970852/?sid=gFM8jD&page=2,3.0,2025-01-21 18:02:21.408319,https://www.imoti.net/bg/obiavi/r/prodava/sofia/?page=1&sid=gFM8jD,imoti.net,393,2025-01-21,,,Цена на /м2/:1 932EUR, 76 м2,Етаж: 5 от 9
"продава Двустаен апартамент, 76 м2",КЛИЕНТИТЕ НА MARTIN'S СА ПО-ДОВОЛНИ! ПОПИТАЙ ЗАЩО!Предлагаме двустаен апартамент с обща площ от 76.46 кв.м. в сграда ново строителство. Имотът е ситуиран на шести етаж в сграда с общо 9...,146803.0,EUR,False,продава,двустаен,София, Суха Река,,MARTIN’S,,https://www.imoti.net/bg/obiava/prodava--v-stroej/sofia/suha-reka/dvustaen/5970853/?sid=gFM8jD&page=2,3.0,2025-01-21 18:02:21.408779,https://www.imoti.net/bg/obiavi/r/prodava/sofia/?page=1&sid=gFM8jD,imoti.net,393,2025-01-21,,,Цена на /м2/:1 932EUR, 76 м2,Етаж: 6 от 9
"продава Двустаен апартамент, 77 м2",КЛИЕНТИТЕ НА MARTIN'S СА ПО-ДОВОЛНИ! ПОПИТАЙ ЗАЩО!Предлагаме двустаен апартамент с обща площ от 76.96 кв.м. в сграда ново строителство. Имотът е ситуиран на четвърти етаж в сграда с общо 9...,147463.0,EUR,False,продава,двустаен,София, Суха Река,,MARTIN’S,,https://www.imoti.net/bg/obiava/prodava--v-stroej/sofia/suha-reka/dvustaen/5970850/?sid=gFM8jD&page=2,3.0,2025-01-21 18:02:21.409232,https://www.imoti.net/bg/obiavi/r/prodava/sofia/?page=1&sid=gFM8jD,imoti.net,393,2025-01-21,,,Цена на /м2/:1 915EUR, 77 м2,Етаж: 4 от 9
"продава Тристаен апартамент, 148 м2","Тристаен апартамент в нова жилищна сграда пред Акт 15, жк. Хаджи Димитър, гр. София, в близост до метростанция Хаджи Димитър.Основни характеристики:Обща площ - 148 кв.м, от...",148000.0,EUR,False,продава,тристаен,София, Суха Река,,Глобъл Сървисиз,,https://www.imoti.net/bg/obiava/prodava--v-stroej/sofia/suha-reka/tristaen/6004384/?sid=gFM8jD&page=2,7.0,2025-01-21 18:02:21.409708,https://www.imoti.net/bg/obiavi/r/prodava/sofia/?page=1&sid=gFM8jD,imoti.net,393,2025-01-21,,,Цена на /м2/:1 000EUR, 148 м2,Етаж: 4 от 6
"продава Тристаен апартамент, 69 м2",Представяме Ви етаж от къща в кв. Оборище!Имотът представлява жилище- втори жилищен етаж от къща с площ от 47 кв.м. разпределено както следва:- Антре- Кухня- Баня с...,150000.0,EUR,False,продава,тристаен,София, Оборище,,ANTRE,,https://www.imoti.net/bg/obiava/prodava/sofia/oborishte/tristaen/6006102/?sid=gFM8jD&page=2,11.0,2025-01-21 18:02:21.410167,https://www.imoti.net/bg/obiavi/r/prodava/sofia/?page=1&sid=gFM8jD,imoti.net,393,2025-01-21,,,Цена на /м2/:2 174EUR, 69 м2,Етаж: 3 от 3
"продава Двустаен апартамент, 85 м2","Компания `ЕКС` представя на Вашето внимание двустаен апартамент в жк. Сухата река.МЕСТОПОЛОЖЕНИЕ: В близост до спирка на градски транспорт, детска градина, училище, магазини от...",150100.0,EUR,False,продава,двустаен,София, Суха Река,,ЕКС НВД,,https://www.imoti.net/bg/obiava/prodava--v-stroej/sofia/suha-reka/dvustaen/5981517/?sid=gFM8jD&page=2,1.0,2025-01-21 18:02:21.410613,https://www.imoti.net/bg/obiavi/r/prodava/sofia/?page=1&sid=gFM8jD,imoti.net,393,2025-01-21,,,Цена на /м2/:1 766EUR, 85 м2,Етаж: 3 от 6
"продава Двустаен апартамент, 77 м2","БЕЗ КОМИСИОН ОТ КУПУВАЧА!НОВ ПРОЕКТ!ИРИДА НЕДВИЖИМИ ИМОТИ Ви предлага за продажба двустаен апартамент, в новострояща се сграда в район Подуяне!...",152440.0,EUR,False,продава,двустаен,София, Подуене,,ИРИДА НЕДВИЖИМИ ИМОТИ,,https://www.imoti.net/bg/obiava/prodava--v-stroej/sofia/poduene/dvustaen/5943381/?sid=gFM8jD&page=2,1.0,2025-01-21 18:02:21.411181,https://www.imoti.net/bg/obiavi/r/prodava/sofia/?page=1&sid=gFM8jD,imoti.net,393,2025-01-21,,,Цена на /м2/:1 980EUR, 77 м2,Етаж: 2 от 9
"продава Двустаен апартамент, 76 м2","Екипът на YOHOME недвижими имоти има удоволствието да ви представи двустаен апартамент в новострояща се сграда пред Акт 15 на минути от бул. ""Мадрид'', театър София и парка Заимов.Имотът е...",152440.0,EUR,False,продава,двустаен,София, Суха Река,,Йохоум,,https://www.imoti.net/bg/obiava/prodava/sofia/suha-reka/dvustaen/6011764/?sid=gFM8jD&page=2,1.0,2025-01-21 18:02:21.411656,https://www.imoti.net/bg/obiavi/r/prodava/sofia/?page=1&sid=gFM8jD,imoti.net,393,2025-01-21,,,Цена на /м2/:2 006EUR, 76 м2,Етаж: 2 от 9
"продава Двустаен апартамент, 76 м2","iHOME REAL ESTATE предлага двустаен апартамент в новострояща се сграда в близост до Парк ""Заимов"", бул. ""Мадрид” и ул. “Черковна"".Апартамент Б21 е с площ 76,46 кв.м. и е разположен на 6 от 9...",152920.0,EUR,False,продава,двустаен,София, Подуене,,iHOME REAL ESTATE,,https://www.imoti.net/bg/obiava/prodava--v-stroej/sofia/poduene/dvustaen/5962027/?sid=gFM8jD&page=2,3.0,2025-01-21 18:02:21.412167,https://www.imoti.net/bg/obiavi/r/prodava/sofia/?page=1&sid=gFM8jD,imoti.net,393,2025-01-21,,,Цена на /м2/:2 012EUR, 76 м2,Етаж: 6 от 9
"продава Двустаен апартамент, 77 м2","БЕЗ КОМИСИОН ОТ КУПУВАЧА!НОВ ПРОЕКТ!ИРИДА НЕДВИЖИМИ ИМОТИ Ви предлага за продажба двустаен апартамент, в новострояща се сграда в район Подуяне!...",152920.0,EUR,False,продава,двустаен,София, Подуене,,ИРИДА НЕДВИЖИМИ ИМОТИ,,https://www.imoti.net/bg/obiava/prodava--v-stroej/sofia/poduene/dvustaen/5943605/?sid=gFM8jD&page=2,1.0,2025-01-21 18:02:21.412695,https://www.imoti.net/bg/obiavi/r/prodava/sofia/?page=1&sid=gFM8jD,imoti.net,393,2025-01-21,,,Цена на /м2/:1 986EUR, 77 м2,Етаж: 6 от 9
"продава Двустаен апартамент, 77 м2","БЕЗ КОМИСИОН ОТ КУПУВАЧА!НОВ ПРОЕКТ!ИРИДА НЕДВИЖИМИ ИМОТИ Ви предлага за продажба двустаен апартамент, в новострояща се сграда в район Подуяне!...",152920.0,EUR,False,продава,двустаен,София, Подуене,,ИРИДА НЕДВИЖИМИ ИМОТИ,,https://www.imoti.net/bg/obiava/prodava--v-stroej/sofia/poduene/dvustaen/5943607/?sid=gFM8jD&page=2,1.0,2025-01-21 18:02:21.413210,https://www.imoti.net/bg/obiavi/r/prodava/sofia/?page=1&sid=gFM8jD,imoti.net,393,2025-01-21,,,Цена на /м2/:1 986EUR, 77 м2,Етаж: 6 от 9
"продава Двустаен апартамент, 76 м2","Ера Тера продава двустаен апартамент- Б25 с площ 76,46 кв.м., намиращ се на седми жилищен етаж, състоящ се от: дневна, спалня, баня с тоалетна, антре, склад и балкон. Имотът се намира в новострояща...",152920.0,EUR,False,продава,двустаен,София, Суха Река,,ERA TERA,,https://www.imoti.net/bg/obiava/prodava--v-stroej/sofia/suha-reka/dvustaen/5725298/?sid=gFM8jD&page=2,2.0,2025-01-21 18:02:21.413658,https://www.imoti.net/bg/obiavi/r/prodava/sofia/?page=1&sid=gFM8jD,imoti.net,393,2025-01-21,,,Цена на /м2/:2 012EUR, 76 м2,Етаж:
"продава Двустаен апартамент, 85 м2","Титан Пропъртис има удоволствието да Ви представи двустаен апартамент в новострояща се сграда в ж.к. Сухата река. В близост са разположени търговски обекти, спирки на градски транспор, детски...",153000.0,EUR,False,продава,двустаен,София, Суха Река,,Титан Пропъртис,,https://www.imoti.net/bg/obiava/prodava/sofia/suha-reka/dvustaen/6013866/?sid=gFM8jD&page=2,3.0,2025-01-21 18:02:21.414088,https://www.imoti.net/bg/obiavi/r/prodava/sofia/?page=1&sid=gFM8jD,imoti.net,393,2025-01-21,,,Цена на /м2/:1 800EUR, 85 м2,Етаж: 4 от 5
"продава Двустаен апартамент, 85 м2","Компания `ЕКС` представя на Вашето внимание двустаен апартамент в жк Сухата река.МЕСТОПОЛОЖЕНИЕ: В близост до спирка на градски транспорт, детска градина, училище, магазини от...",154000.0,EUR,False,продава,двустаен,София, Суха Река,,ЕКС НВД,,https://www.imoti.net/bg/obiava/prodava--v-stroej/sofia/suha-reka/dvustaen/5900550/?sid=gFM8jD&page=2,2.0,2025-01-21 18:02:21.414526,https://www.imoti.net/bg/obiavi/r/prodava/sofia/?page=1&sid=gFM8jD,imoti.net,393,2025-01-21,,,Цена на /м2/:1 812EUR, 85 м2,Етаж: 5 от 6
"продава Двустаен апартамент, 85 м2","Компания `ЕКС` представя на Вашето внимание двустаен апартамент в жк Сухата река.МЕСТОПОЛОЖЕНИЕ: В близост до спирка на градски транспорт, детска градина, училище, магазини от...",154000.0,EUR,False,продава,двустаен,София, Суха Река,,ЕКС НВД,,https://www.imoti.net/bg/obiava/prodava/sofia/suha-reka/dvustaen/5899130/?sid=gFM8jD&page=2,2.0,2025-01-21 18:02:21.414976,https://www.imoti.net/bg/obiavi/r/prodava/sofia/?page=1&sid=gFM8jD,imoti.net,393,2025-01-21,,,Цена на /м2/:1 812EUR, 85 м2,Етаж: 4 от 6
"продава Двустаен апартамент, 86 м2","Титан Пропъртис има удоволствието да Ви представи двустаен апартамент в новострояща се сграда в ж.к. Сухата река. В близост са разположени търговски обекти, спирки на градски транспор, детски...",154098.0,EUR,False,продава,двустаен,София, Суха Река,,Титан Пропъртис,,https://www.imoti.net/bg/obiava/prodava/sofia/suha-reka/dvustaen/5899001/?sid=gFM8jD&page=3,4.0,2025-01-21 18:02:24.452595,https://www.imoti.net/bg/obiavi/r/prodava/sofia/?page=1&sid=gFM8jD,imoti.net,393,2025-01-21,,,Цена на /м2/:1 792EUR, 86 м2,Етаж: 4 от 5
"продава Тристаен апартамент, 110 м2","достъп от ул. Поп Харитон, на 6м , от улична регулация( самостоятелен вход) . На кота терен ( партер) 75 кв.м., на кота сутерен (-3.00m)-35кв.м. Общо 110кв.м. чиста застроена площ ( без общите...",155000.0,EUR,False,продава,тристаен,София, Редута,,частно лице,,https://www.imoti.net/bg/obiava/prodava/sofia/reduta/tristaen/5648674/?sid=gFM8jD&page=3,6.0,2025-01-21 18:02:24.453141,https://www.imoti.net/bg/obiavi/r/prodava/sofia/?page=1&sid=gFM8jD,imoti.net,393,2025-01-21,,,Цена на /м2/:1 409EUR, 110 м2,Етаж: 1 от 5
"продава Двустаен апартамент, 136 м2","Просторен двустаен апартамент 136,32 м2, ул.М.Панарет, в близост до метростанция и парк, с възможност за втора спалня. Със самостоятелен вход.Подходящ както за живеене, така и за: офис,...",156000.0,EUR,False,продава,двустаен,София, Суха Река,,Анети,,https://www.imoti.net/bg/obiava/prodava--v-stroej/sofia/suha-reka/dvustaen/5866760/?sid=gFM8jD&page=3,15.0,2025-01-21 18:02:24.453620,https://www.imoti.net/bg/obiavi/r/prodava/sofia/?page=1&sid=gFM8jD,imoti.net,393,2025-01-21,,,Цена на /м2/:1 147EUR, 136 м2,Етаж: 2 от 2
"продава Тристаен апартамент, 98 м2","Компания `ЕКС` представя на Вашето внимание тристаен апартамент в ж.к. Подуяне.МЕСТОПОЛОЖЕНИЕ: В близост до спирка на градски транспорт, детска градина, училище, магазини от...",157520.0,EUR,False,продава,тристаен,София, Подуене,,ЕКС НВД,,https://www.imoti.net/bg/obiava/prodava/sofia/poduene/tristaen/6021421/?sid=gFM8jD&page=3,1.0,2025-01-21 18:02:24.454110,https://www.imoti.net/bg/obiavi/r/prodava/sofia/?page=1&sid=gFM8jD,imoti.net,393,2025-01-21,,,Цена на /м2/:1 607EUR, 98 м2,Етаж: 4 от 6
"продава Тристаен апартамент, 67 м2","СРЕДЕН ЕТАЖ! СЛЪНЧЕВ! СВОБОДНО ПАРКИРАНЕ! В БЛИЗОСТ ДО ХРАНИТЕЛНИ МАГАЗИНИ, УЧИЛИЩА И ДЕТСКИ ГРАДИНИ!Cloud Homes представя на вашето внимание изцяло обновен тристаен апартамент, разположен...",158000.0,EUR,False,продава,тристаен,София, Суха Река,,CLOUD HOMES,,https://www.imoti.net/bg/obiava/prodava--v-stroej/sofia/suha-reka/tristaen/5985119/?sid=gFM8jD&page=3,16.0,2025-01-21 18:02:24.454558,https://www.imoti.net/bg/obiavi/r/prodava/sofia/?page=1&sid=gFM8jD,imoti.net,393,2025-01-21,,,Цена на /м2/:2 358EUR, 67 м2,Етаж: 3 от 4
"продава Двустаен апартамент, 88 м2","Компания `ЕКС` представя на Вашето внимание двустаен апартамент в жк Сухата река.МЕСТОПОЛОЖЕНИЕ: В близост до спирка на градски транспорт, детска градина, училище, магазини от...",159000.0,EUR,False,продава,двустаен,София, Суха Река,,ЕКС НВД,,https://www.imoti.net/bg/obiava/prodava/sofia/suha-reka/dvustaen/5899115/?sid=gFM8jD&page=3,2.0,2025-01-21 18:02:24.455008,https://www.imoti.net/bg/obiavi/r/prodava/sofia/?page=1&sid=gFM8jD,imoti.net,393,2025-01-21,,,Цена на /м2/:1 807EUR, 88 м2,Етаж: 4 от 6
"продава Двустаен апартамент, 88 м2","Компания `ЕКС` представя на Вашето внимание двустаен апартамент в жк Сухата река.МЕСТОПОЛОЖЕНИЕ: В близост до спирка на градски транспорт, детска градина, училище, магазини от...",159000.0,EUR,False,продава,двустаен,София, Суха Река,,ЕКС НВД,,https://www.imoti.net/bg/obiava/prodava--v-stroej/sofia/suha-reka/dvustaen/5900502/?sid=gFM8jD&page=3,2.0,2025-01-21 18:02:24.455443,https://www.imoti.net/bg/obiavi/r/prodava/sofia/?page=1&sid=gFM8jD,imoti.net,393,2025-01-21,,,Цена на /м2/:1 807EUR, 88 м2,Етаж: 5 от 6
"продава Тристаен апартамент, 101 м2","БЕЗ КОМИСИОН ОТ КУПУВАЧА!ИРИДА НЕДВИЖИМИ ИМОТИ Ви предлага за продажба двустаен апартамент, в новострояща се луксозна сграда, строяща се само с най-качествени материали в район...",160600.0,EUR,False,продава,тристаен,София, Суха Река,,ИРИДА НЕДВИЖИМИ ИМОТИ,,https://www.imoti.net/bg/obiava/prodava--v-stroej/sofia/suha-reka/tristaen/5936666/?sid=gFM8jD&page=3,1.0,2025-01-21 18:02:24.455939,https://www.imoti.net/bg/obiavi/r/prodava/sofia/?page=1&sid=gFM8jD,imoti.net,393,2025-01-21,,,Цена на /м2/:1 590EUR, 101 м2,Етаж: 2 от 6
"продава Тристаен апартамент, 113 м2","HOME real estate предлага тристаен апартамент в кв. ""Сухата река"".Състои се от входно антре, две спални, дневна с кухненски бокс, две бани с тоалетни, склад, и два балкона.Разположен...",164372.0,EUR,False,продава,тристаен,София, Суха Река,,iHOME REAL ESTATE,,https://www.imoti.net/bg/obiava/prodava--v-stroej/sofia/suha-reka/tristaen/5964891/?sid=gFM8jD&page=3,2.0,2025-01-21 18:02:24.456428,https://www.imoti.net/bg/obiavi/r/prodava/sofia/?page=1&sid=gFM8jD,imoti.net,393,2025-01-21,,,Цена на /м2/:1 455EUR, 113 м2,Етаж: 5 от 7
"продава Двустаен апартамент, 66 м2","БЕЗ КОМИСИОН ОТ КУПУВАЧА!!!ИРИДА НЕДВИЖИМИ ИМОТИ продава слънчев двустаен апартамент в новоизграждащ се затворен жилищен комплекс, с изключително висококачествено строителство от...",164450.0,EUR,False,продава,двустаен,София, Оборище,,ИРИДА НЕДВИЖИМИ ИМОТИ,,https://www.imoti.net/bg/obiava/prodava--v-stroej/sofia/oborishte/dvustaen/5909418/?sid=gFM8jD&page=3,1.0,2025-01-21 18:02:24.456922,https://www.imoti.net/bg/obiavi/r/prodava/sofia/?page=1&sid=gFM8jD,imoti.net,393,2025-01-21,,,Цена на /м2/:2 492EUR, 66 м2,Етаж: 5 от 14
"продава Тристаен апартамент, 113 м2","HOME real estate предлага тристаен апартамент в кв. ""Сухата река"".Състои се от входно антре, две спални, дневна с кухненски бокс, две бани с тоалетни, склад, и два балкона....",164517.0,EUR,False,продава,тристаен,София, Суха Река,,iHOME REAL ESTATE,,https://www.imoti.net/bg/obiava/prodava--v-stroej/sofia/suha-reka/tristaen/5964890/?sid=gFM8jD&page=3,2.0,2025-01-21 18:02:24.457404,https://www.imoti.net/bg/obiavi/r/prodava/sofia/?page=1&sid=gFM8jD,imoti.net,393,2025-01-21,,,Цена на /м2/:1 456EUR, 113 м2,Етаж: 4 от 7
"продава Двустаен апартамент, 60 м2","Титан Пропъртис - офис Черни връх има удоволствието да Ви представи двустаен апартамент в кв. Редута - комуникативно място, в близост до спирки на градски транспорт, магазини, детски градини,...",165000.0,EUR,False,продава,двустаен,София, Редута,,Титан пропъртис продажби,,https://www.imoti.net/bg/obiava/prodava/sofia/reduta/dvustaen/6005236/?sid=gFM8jD&page=3,7.0,2025-01-21 18:02:24.457836,https://www.imoti.net/bg/obiavi/r/prodava/sofia/?page=1&sid=gFM8jD,imoti.net,393,2025-01-21,,,Цена на /м2/:2 750EUR, 60 м2,Етаж: 8 от 8
"продава Двустаен апартамент, 65 м2",АКТ 14!!!НА 1 МИН. ОТ МЕТРОТО! НА 10 МИН. ОТ КУБЕТАТА НА ХРАМ ПАМЕТНИК АЛЕКСАНДЪР НЕВСКИ!БЕЗ КОМИСИОН ОТ КУПУВАЧА!Ексклузувно предложение!!!Една от...,166790.0,EUR,False,продава,двустаен,София, Суха Река,,Елеганс Естейт,,https://www.imoti.net/bg/obiava/prodava--v-stroej/sofia/suha-reka/dvustaen/5972003/?sid=gFM8jD&page=3,9.0,2025-01-21 18:02:24.458279,https://www.imoti.net/bg/obiavi/r/prodava/sofia/?page=1&sid=gFM8jD,imoti.net,393,2025-01-21,,,Цена на /м2/:2 566EUR, 65 м2,Етаж: 6 от 10
"продава Тристаен апартамент, 100 м2","БЕЗ КОМИСИОН ОТ КУПУВАЧА!ИРИДА НЕДВИЖИМИ ИМОТИ Ви предлага за продажба тристаен апартамент, в новострояща се луксозна сграда, строяща се само с най-качествени материали в район...",167000.0,EUR,False,продава,тристаен,София, Суха Река,,ИРИДА НЕДВИЖИМИ ИМОТИ,,https://www.imoti.net/bg/obiava/prodava--v-stroej/sofia/suha-reka/tristaen/5936883/?sid=gFM8jD&page=3,1.0,2025-01-21 18:02:24.458770,https://www.imoti.net/bg/obiavi/r/prodava/sofia/?page=1&sid=gFM8jD,imoti.net,393,2025-01-21,,,Цена на /м2/:1 670EUR, 100 м2,Етаж: 4 от 6
"продава Тристаен апартамент, 68 м2",ЛИНК КЪМ ВИРТУАЛЕН ОГЛЕД:https://bit.ly/3BbCISXОферта №: 1469Агенция „Trust Broker Solutions” предлага на Вашето внимание ремонтиран и полуобзаведен тристаен апартамент в ж.к....,169000.0,EUR,False,продава,тристаен,София, Суха Река,,Trust Broker Solutions,,https://www.imoti.net/bg/obiava/prodava--v-stroej/sofia/suha-reka/tristaen/5962900/?sid=gFM8jD&page=3,24.0,2025-01-21 18:02:24.459274,https://www.imoti.net/bg/obiavi/r/prodava/sofia/?page=1&sid=gFM8jD,imoti.net,393,2025-01-21,,,Цена на /м2/:2 485EUR, 68 м2,Етаж: 8 от 8
"продава Двустаен апартамент, 107 м2","iHOME REAL ESTATE предлага двустаен апартамент в сграда в близост до Парк 'Заимов' ,'бул. 'Мадрид  и ул. Черковна'.Апартамент 02 е с обща площ от 75 кв.м., плюс 32 кв.м. тераса ,...",169000.0,EUR,False,продава,двустаен,София, Оборище,,iHOME REAL ESTATE,,https://www.imoti.net/bg/obiava/prodava/sofia/oborishte/dvustaen/5984926/?sid=gFM8jD&page=3,5.0,2025-01-21 18:02:24.459768,https://www.imoti.net/bg/obiavi/r/prodava/sofia/?page=1&sid=gFM8jD,imoti.net,393,2025-01-21,,,Цена на /м2/:1 579EUR, 107 м2,Етаж: 3 от 9
"продава Двустаен апартамент, 57 м2",За първи път на пазара! Имотът е със сменени щрангове. На етаж 5 от 8 в сграда от 1974г. Намира се между ул. Лисец и ул. Оборище,170000.0,EUR,False,продава,двустаен,София, Оборище,,Естейт Фактори,,https://www.imoti.net/bg/obiava/prodava--v-stroej/sofia/oborishte/dvustaen/5998018/?sid=gFM8jD&page=3,4.0,2025-01-21 18:02:24.460194,https://www.imoti.net/bg/obiavi/r/prodava/sofia/?page=1&sid=gFM8jD,imoti.net,393,2025-01-21,,,Цена на /м2/:2 982EUR, 57 м2,Етаж: 5 от 8
"продава Тристаен апартамент, 84 м2","ИРИДА НЕДВИЖИМИ ИМОТИ Ви предлага за продажба панорамен, слънчев тристаен апартамент в кв. Дианабад със гледка към планина Витоша, в близот до Ловен парк на 10 минути от метро!Възможност за...",172000.0,EUR,False,продава,тристаен,София, Дианабад,,ИРИДА НЕДВИЖИМИ ИМОТИ,,https://www.imoti.net/bg/obiava/prodava--v-stroej/sofia/dianabad/tristaen/5856567/?sid=gFM8jD&page=3,2.0,2025-01-21 18:02:24.460688,https://www.imoti.net/bg/obiavi/r/prodava/sofia/?page=1&sid=gFM8jD,imoti.net,393,2025-01-21,,,Цена на /м2/:2 048EUR, 84 м2,Етаж: 10 от 19
"продава Тристаен апартамент, 97 м2","БЕЗ КОМИСИОН ОТ КУПУВАЧА!ИРИДА НЕДВИЖИМИ ИМОТИ Ви предлага за продажба тристаен апартамент, в новострояща се луксозна сграда, строяща се само с най-качествени материали в район...",172300.0,EUR,False,продава,тристаен,София, Суха Река,,ИРИДА НЕДВИЖИМИ ИМОТИ,,https://www.imoti.net/bg/obiava/prodava--v-stroej/sofia/suha-reka/tristaen/5936882/?sid=gFM8jD&page=3,1.0,2025-01-21 18:02:24.461180,https://www.imoti.net/bg/obiavi/r/prodava/sofia/?page=1&sid=gFM8jD,imoti.net,393,2025-01-21,,,Цена на /м2/:1 776EUR, 97 м2,Етаж: 5 от 6
"продава Двустаен апартамент, 62 м2","First Estates има огромното удоволствие да Ви представи най-новия луксозен жилищен комплекс, сгушен до парка Заимов в сърцето на града. Този изключителен проект предефинира градския живот, като...",173250.0,EUR,False,продава,двустаен,София, Оборище,,First Estates,,https://www.imoti.net/bg/obiava/prodava--v-stroej/sofia/oborishte/dvustaen/5808435/?sid=gFM8jD&page=3,12.0,2025-01-21 18:02:24.461673,https://www.imoti.net/bg/obiavi/r/prodava/sofia/?page=1&sid=gFM8jD,imoti.net,393,2025-01-21,,,Цена на /м2/:2 794EUR, 62 м2,Етаж: 9 от 14
"продава Двустаен апартамент, 62 м2","First Estates има огромното удоволствие да Ви представи най-новия луксозен жилищен комплекс, сгушен до парка Заимов в сърцето на града. Този изключителен проект предефинира градския живот, като...",173250.0,EUR,False,продава,двустаен,София, Оборище,,First Estates,,https://www.imoti.net/bg/obiava/prodava--v-stroej/sofia/oborishte/dvustaen/5886940/?sid=gFM8jD&page=3,12.0,2025-01-21 18:02:24.462162,https://www.imoti.net/bg/obiavi/r/prodava/sofia/?page=1&sid=gFM8jD,imoti.net,393,2025-01-21,,,Цена на /м2/:2 794EUR, 62 м2,Етаж: 9 от 14
"продава Двустаен апартамент, 62 м2","БЕЗ КОМИСИОН ОТ КУПУВАЧА!!!ИРИДА НЕДВИЖИМИ ИМОТИ продава слънчев двустаен апартамент в новоизграждащ се затворен жилищен комплекс, с изключително висококачествено строителство от...",173250.0,EUR,False,продава,двустаен,София, Оборище,,ИРИДА НЕДВИЖИМИ ИМОТИ,,https://www.imoti.net/bg/obiava/prodava--v-stroej/sofia/oborishte/dvustaen/5909986/?sid=gFM8jD&page=3,1.0,2025-01-21 18:02:24.462657,https://www.imoti.net/bg/obiavi/r/prodava/sofia/?page=1&sid=gFM8jD,imoti.net,393,2025-01-21,,,Цена на /м2/:2 794EUR, 62 м2,Етаж: 9 от 14
"продава Тристаен апартамент, 124 м2","БЕЗ КОМИСИОН ОТ КУПУВАЧА!ИРИДА НЕДВИЖИМИ ИМОТИ Ви предлага за продажба просторен тристаен апартамент, в новострояща се луксозна сграда, строяща се само с най-качествени материали в...",177600.0,EUR,False,продава,тристаен,София, Суха Река,,ИРИДА НЕДВИЖИМИ ИМОТИ,,https://www.imoti.net/bg/obiava/prodava--v-stroej/sofia/suha-reka/tristaen/5936889/?sid=gFM8jD&page=3,1.0,2025-01-21 18:02:24.463149,https://www.imoti.net/bg/obiavi/r/prodava/sofia/?page=1&sid=gFM8jD,imoti.net,393,2025-01-21,,,Цена на /м2/:1 432EUR, 124 м2,Етаж: 2 от 6
"продава Двустаен апартамент, 80 м2","Ексклузивно!!! Galiano Estates има удоволствието да ви представи ексклузивен и много светъл двустаен апартамент със статут на ателие в луксозна жилищна сграда с АКТ 16, в кв. ""Подуяне""....",179000.0,EUR,False,продава,двустаен,София, Подуене,,Galiano Estates,,https://www.imoti.net/bg/obiava/prodava/sofia/poduene/dvustaen/5983509/?sid=gFM8jD&page=3,9.0,2025-01-21 18:02:24.463622,https://www.imoti.net/bg/obiavi/r/prodava/sofia/?page=1&sid=gFM8jD,imoti.net,393,2025-01-21,,,Цена на /м2/:2 238EUR, 80 м2,Етаж: 2 от 9
"продава Двустаен апартамент, 48 м2","Продава се уютен, двустаен апартамент в квартал ""Изток"".Предлагаме на вашето внимание малък и изключително функционален апартамент с площ от 60 кв.м, разположен в престижния квартал...",179000.0,EUR,False,продава,двустаен,София, Изток,,Luximmo Finest Estates,,https://www.imoti.net/bg/obiava/prodava--v-stroej/sofia/sofija-iztok/dvustaen/6020680/?sid=gFM8jD&page=3,10.0,2025-01-21 18:02:24.464122,https://www.imoti.net/bg/obiavi/r/prodava/sofia/?page=1&sid=gFM8jD,imoti.net,393,2025-01-21,,,Цена на /м2/:3 729EUR, 48 м2,Етаж:  от 5
"продава Двустаен апартамент, 65 м2","Без комисионна! Цена на инвеститор! Ера Младост представя  сложен и взискателен жилищен комплекс с Централна локация продиктувана от няколко ключови изисквания за проекта:Градски силует,...",179025.0,EUR,False,продава,двустаен,София, Оборище,,ERA Младост,,https://www.imoti.net/bg/obiava/prodava--v-stroej/sofia/oborishte/dvustaen/5847979/?sid=gFM8jD&page=3,6.0,2025-01-21 18:02:24.464546,https://www.imoti.net/bg/obiavi/r/prodava/sofia/?page=1&sid=gFM8jD,imoti.net,393,2025-01-21,,,Цена на /м2/:2 754EUR, 65 м2,Етаж:
"продава Двустаен апартамент, 65 м2","БЕЗ КОМИСИОН ОТ КУПУВАЧА!!!ИРИДА НЕДВИЖИМИ ИМОТИ продава слънчев двустаен апартамент в новоизграждащ се затворен жилищен комплекс, с изключително висококачествено строителство от...",179025.0,EUR,False,продава,двустаен,София, Оборище,,ИРИДА НЕДВИЖИМИ ИМОТИ,,https://www.imoti.net/bg/obiava/prodava--v-stroej/sofia/oborishte/dvustaen/5909983/?sid=gFM8jD&page=3,1.0,2025-01-21 18:02:24.465041,https://www.imoti.net/bg/obiavi/r/prodava/sofia/?page=1&sid=gFM8jD,imoti.net,393,2025-01-21,,,Цена на /м2/:2 754EUR, 65 м2,Етаж: 12 от 14
"продава Двустаен апартамент, 61 м2","БЕЗ КОМИСИОН ОТ КУПУВАЧА!!!ИРИДА НЕДВИЖИМИ ИМОТИ продава слънчев двустаен апартамент в новоизграждащ се затворен жилищен комплекс, с изключително висококачествено строителство от...",179025.0,EUR,False,продава,двустаен,София, Оборище,,ИРИДА НЕДВИЖИМИ ИМОТИ,,https://www.imoti.net/bg/obiava/prodava--v-stroej/sofia/oborishte/dvustaen/5909987/?sid=gFM8jD&page=3,1.0,2025-01-21 18:02:24.465542,https://www.imoti.net/bg/obiavi/r/prodava/sofia/?page=1&sid=gFM8jD,imoti.net,393,2025-01-21,,,Цена на /м2/:2 935EUR, 61 м2,Етаж: 11 от 14
"продава Двустаен апартамент, 50 м2","Продава се двустаен апартамент в кв. Редута, София""CLOUD HOMES"" предлага на вашето внимание прекрасен двустаен апартамент, разположен в една от най-желаните части за живеене в квартал...",180000.0,EUR,False,продава,двустаен,София, Редута,,CLOUD HOMES,,https://www.imoti.net/bg/obiava/prodava--v-stroej/sofia/reduta/dvustaen/5946135/?sid=gFM8jD&page=3,10.0,2025-01-21 18:02:24.466014,https://www.imoti.net/bg/obiavi/r/prodava/sofia/?page=1&sid=gFM8jD,imoti.net,393,2025-01-21,,,Цена на /м2/:3 600EUR, 50 м2,Етаж: 1 от 5
"продава Тристаен апартамент, 75 м2","Явлена- Изток продава тристаен апартамент със площ 75 м2, на 5 минути пеша от метростанция и две автобусни линии, на 10 минути пеша от Цариградско шосе, до нова детска градина и озеленено...",181000.0,EUR,False,продава,тристаен,София, Изток,,Явлена Изток,,https://www.imoti.net/bg/obiava/prodava/sofia/sofija-iztok/tristaen/5849570/?sid=gFM8jD&page=3,10.0,2025-01-21 18:02:24.466451,https://www.imoti.net/bg/obiavi/r/prodava/sofia/?page=1&sid=gFM8jD,imoti.net,393,2025-01-21,,,Цена на /м2/:2 413EUR, 75 м2,Етаж: 5 от 6
"продава Двустаен апартамент, 60 м2","Представяме двустаен апартамент за продажба в кв. ""Оборище"". Локацията предоставя множество удобства посредством бързия си достъп до бул. ""Мадрид"" и бул. ""Ген. Данаил Николаев"". Метростанция ""Хаджи...",185000.0,EUR,False,продава,двустаен,София, Оборище,,Luximmo Finest Estates,,https://www.imoti.net/bg/obiava/prodava--v-stroej/sofia/oborishte/dvustaen/6016518/?sid=gFM8jD&page=4,12.0,2025-01-21 18:02:27.665894,https://www.imoti.net/bg/obiavi/r/prodava/sofia/?page=1&sid=gFM8jD,imoti.net,393,2025-01-21,,,Цена на /м2/:3 083EUR, 60 м2,Етаж:  от 5
"продава Двустаен апартамент, 72 м2","Явлена предлага на своите клиенти 2 - стаен апартамент 72кв.м. с включени общи части в кв. Оборище, ул. Черковна до метростанция, спирки на градски транспорт, училища, детски градини, парк Заимов и...",185400.0,EUR,False,продава,двустаен,София, Оборище,,Явлена София,,https://www.imoti.net/bg/obiava/prodava/sofia/oborishte/dvustaen/5909787/?sid=gFM8jD&page=4,9.0,2025-01-21 18:02:27.666422,https://www.imoti.net/bg/obiavi/r/prodava/sofia/?page=1&sid=gFM8jD,imoti.net,393,2025-01-21,,,Цена на /м2/:2 575EUR, 72 м2,Етаж:  от 5
"продава Двустаен апартамент, 70 м2","Отлично отремонтиран имот в изцяло санирана сграда на комуникативно място в близост до много спирки на градски транспорт, метростанция, супермаркети, детска градина и училище. Апартаментът се...",186000.0,EUR,False,продава,двустаен,София, Дианабад,,МИТРА КОНСУЛТ,,https://www.imoti.net/bg/obiava/prodava/sofia/dianabad/dvustaen/6019530/?sid=gFM8jD&page=4,9.0,2025-01-21 18:02:27.666876,https://www.imoti.net/bg/obiavi/r/prodava/sofia/?page=1&sid=gFM8jD,imoti.net,393,2025-01-21,,,Цена на /м2/:2 657EUR, 70 м2,Етаж: 8 от 20
"продава Тристаен апартамент, 77 м2","ТРИСТАЕН ап. в стара, реновирана сграда, в историческия център на София, близо до СМГ и много близо до спирки на градски транспорт. ЗАСТРОЕНА ПЛОЩ: 68.50 кв.м. - по документ. РАЗПРЕДЕЛЕНИЕ: плочата...",190000.0,EUR,False,продава,тристаен,София, Оборище,,АЛДЕС ИМОТИ ЕООД,,https://www.imoti.net/bg/obiava/prodava/sofia/oborishte/tristaen/5913869/?sid=gFM8jD&page=4,2.0,2025-01-21 18:02:27.667357,https://www.imoti.net/bg/obiavi/r/prodava/sofia/?page=1&sid=gFM8jD,imoti.net,393,2025-01-21,,,Цена на /м2/:2 468EUR, 77 м2,Етаж: 3 от 3
"продава Тристаен апартамент, 153 м2","Просторен тристаен апартамент в нова тухлена кооперация близо до Ботевградско шосе. Разпределението е входно антре, слънчева всекидневна с бокс и панорамна тераса, две спални, две санитарни...",190000.0,EUR,False,продава,тристаен,София, Суха Река,,Еколит,,https://www.imoti.net/bg/obiava/prodava/sofia/suha-reka/tristaen/3234140/?sid=gFM8jD&page=4,,2025-01-21 18:02:27.667778,https://www.imoti.net/bg/obiavi/r/prodava/sofia/?page=1&sid=gFM8jD,imoti.net,393,2025-01-21,,,Цена на /м2/:1 242EUR, 153 м2,Етаж: 6 от 7
"продава Тристаен апартамент, 113 м2","Компания `ЕКС` представя на Вашето внимание тристаен апартамент в ж.к. Сухата река.МЕСТОПОЛОЖЕНИЕ: В близост до спирка на градски транспорт, детска градина, училище, магазини от...",193360.0,EUR,False,продава,тристаен,София, Суха Река,,ЕКС НВД,,https://www.imoti.net/bg/obiava/prodava--v-stroej/sofia/suha-reka/tristaen/5981538/?sid=gFM8jD&page=4,1.0,2025-01-21 18:02:27.668216,https://www.imoti.net/bg/obiavi/r/prodava/sofia/?page=1&sid=gFM8jD,imoti.net,393,2025-01-21,,,Цена на /м2/:1 711EUR, 113 м2,Етаж: 5 от 6
"продава Тристаен апартамент, 90 м2","БЕЗ КОМИСИОН ОТ КУПУВАЧА!АКТ 14!!!ИРИДА НЕДВИЖИМИ ИМОТИ Ви предлага за продажба тристаен апартамент, в новострояща се луксозна сграда, строяща се само с най-качествени...",195000.0,EUR,False,продава,тристаен,София, Редута,,ИРИДА НЕДВИЖИМИ ИМОТИ,,https://www.imoti.net/bg/obiava/prodava--v-stroej/sofia/reduta/tristaen/5936674/?sid=gFM8jD&page=4,5.0,2025-01-21 18:02:27.668721,https://www.imoti.net/bg/obiavi/r/prodava/sofia/?page=1&sid=gFM8jD,imoti.net,393,2025-01-21,,,Цена на /м2/:2 167EUR, 90 м2,Етаж: 2 от 5
"продава Тристаен апартамент, 89 м2","Имоти Сердика 1 има удоволствието да Ви представи функционален тристаен апартамент в ж.к. Редута, гр. София. Имотът е с площ от 89м2, на първи етаж в тухлена сграда. Разпределението на имота е:...",195000.0,EUR,False,продава,тристаен,София, Редута,,Сердика 1,,https://www.imoti.net/bg/obiava/prodava--v-stroej/sofia/reduta/tristaen/5954614/?sid=gFM8jD&page=4,1.0,2025-01-21 18:02:27.669149,https://www.imoti.net/bg/obiavi/r/prodava/sofia/?page=1&sid=gFM8jD,imoti.net,393,2025-01-21,,,Цена на /м2/:2 191EUR, 89 м2,Етаж: 1 от 5
"продава Двустаен апартамент, 80 м2","Ексклузивно представяме за продажба двустаен апартамент №4.32 в сграда S-Tower - нов проект с отличителен дизайн, висок клас на изпълнение, комуникативна локация и отлична възможност за инвестиция....",196554.0,EUR,False,продава,двустаен,София, Дианабад,,Luximmo Finest Estates,,https://www.imoti.net/bg/obiava/prodava--v-stroej/sofia/dianabad/dvustaen/6018722/?sid=gFM8jD&page=4,24.0,2025-01-21 18:02:27.669622,https://www.imoti.net/bg/obiavi/r/prodava/sofia/?page=1&sid=gFM8jD,imoti.net,393,2025-01-21,,,Цена на /м2/:2 457EUR, 80 м2,Етаж:  от 15
"продава Двустаен апартамент, 72 м2","Титан Пропъртис - офис Черни връх има удоволствието да Ви представи двустаен апартамент в кв. Редута - комуникативно място, в близост до спирки на градски транспорт, магазини, детски градини,...",200000.0,EUR,False,продава,двустаен,София, Редута,,Титан пропъртис продажби,,https://www.imoti.net/bg/obiava/prodava/sofia/reduta/dvustaen/6005248/?sid=gFM8jD&page=4,9.0,2025-01-21 18:02:27.670064,https://www.imoti.net/bg/obiavi/r/prodava/sofia/?page=1&sid=gFM8jD,imoti.net,393,2025-01-21,,,Цена на /м2/:2 778EUR, 72 м2,Етаж: 1 от 5
"продава Двустаен апартамент, 89 м2","ЕРА Младост предлага двустаен апартамент №403 на 4 етаж над магазини в малка  - 5 етажна сграда с 16 апартамента. Апартаментът е с изложение запад - изток и следното разпределение: Дневна с кухня,...",200000.0,EUR,False,продава,двустаен,София, Дианабад,,ERA Младост,,https://www.imoti.net/bg/obiava/prodava/sofia/dianabad/dvustaen/5889581/?sid=gFM8jD&page=4,9.0,2025-01-21 18:02:27.670490,https://www.imoti.net/bg/obiavi/r/prodava/sofia/?page=1&sid=gFM8jD,imoti.net,393,2025-01-21,,,Цена на /м2/:2 247EUR, 89 м2,Етаж:
"продава Двустаен апартамент, 85 м2","Представяме Ви ДВУСТАЕН апартамент, който е част от жилищна сграда..Апартаментът се намира на втори етаж и е с обща площ84,80кв.м. (застр. площ 70,07 кв.м. + общи части14,73 кв.м.)....",200000.0,EUR,False,продава,двустаен,София, Дианабад,,PD property - ЮГ,,https://www.imoti.net/bg/obiava/prodava/sofia/dianabad/dvustaen/6018431/?sid=gFM8jD&page=4,10.0,2025-01-21 18:02:27.670943,https://www.imoti.net/bg/obiavi/r/prodava/sofia/?page=1&sid=gFM8jD,imoti.net,393,2025-01-21,,,Цена на /м2/:2 353EUR, 85 м2,Етаж: 2 от 5
"продава Двустаен апартамент, 64 м2","Компания `ЕКС` представя на Вашето внимание двустаен апартамент в един от най- желаните райони на София- кв. Редута.МЕСТОПОЛОЖЕНИЕ: В близост до спирки на градски транспорт, детска...",200000.0,EUR,False,продава,двустаен,София, Редута,,ЕКС НВД,,https://www.imoti.net/bg/obiava/prodava/sofia/reduta/dvustaen/5884858/?sid=gFM8jD&page=4,3.0,2025-01-21 18:02:27.671381,https://www.imoti.net/bg/obiavi/r/prodava/sofia/?page=1&sid=gFM8jD,imoti.net,393,2025-01-21,,,Цена на /м2/:3 125EUR, 64 м2,Етаж: 9 от 9
"продава Двустаен апартамент, 46 м2",ОБЗАВЕДЕН! УЛ. ОБОРИЩЕ! АКТ 16! ЕКСКЛУЗИВЕН! КЛЮЧ В АГЕНЦИЯТА!Асенов Имоти   Ви предлага готов за живеене и обзаведен двустаен апартамент на 3-ти от 6 жилищен етаж в построена жилищна...,200000.0,EUR,False,продава,двустаен,София, Оборище,,Асенов Имоти,,https://www.imoti.net/bg/obiava/prodava/sofia/oborishte/dvustaen/5800657/?sid=gFM8jD&page=4,19.0,2025-01-21 18:02:27.671828,https://www.imoti.net/bg/obiavi/r/prodava/sofia/?page=1&sid=gFM8jD,imoti.net,393,2025-01-21,,,Цена на /м2/:4 348EUR, 46 м2,Етаж: 3 от 6
"продава Двустаен апартамент, 89 м2","Galardo Real Estate ви представя двустаен апартамент, разположен в нова сграда, в близост до от хотел Вега.Апартаментът е разположен на на четвърти етаж.Жилището е просторно и...",200000.0,EUR,False,продава,двустаен,София, Дианабад,,Galardo Real Estate,,https://www.imoti.net/bg/obiava/prodava--v-stroej/sofia/dianabad/dvustaen/6012382/?sid=gFM8jD&page=4,12.0,2025-01-21 18:02:27.672313,https://www.imoti.net/bg/obiavi/r/prodava/sofia/?page=1&sid=gFM8jD,imoti.net,393,2025-01-21,,,Цена на /м2/:2 247EUR, 89 м2,Етаж: 4 от 5
"продава Двустаен апартамент, 72 м2","Революшън Естейт представя на Вашето внимание уютен двустаен апартамент в ж.к. Редута.Намира се на 100 метра до парк Гео Милев, в близост до ДГ 155, посолство на Беларус, стадион...",200000.0,EUR,False,продава,двустаен,София, Редута,,Революшън Сейлс,,https://www.imoti.net/bg/obiava/prodava/sofia/reduta/dvustaen/5962730/?sid=gFM8jD&page=4,9.0,2025-01-21 18:02:27.672755,https://www.imoti.net/bg/obiavi/r/prodava/sofia/?page=1&sid=gFM8jD,imoti.net,393,2025-01-21,,,Цена на /м2/:2 778EUR, 72 м2,Етаж: 1 от 5
"продава Двустаен апартамент, 89 м2","ЕРА Младост предлага двустаен апартамент №304 на 3 етаж над магазини в малка  - 5 етажна сграда с 16 апартамента. Апартаментът е с изложение изток-север и следното разпределение: Дневна с кухня,...",200000.0,EUR,False,продава,двустаен,София, Дианабад,,ERA Младост,,https://www.imoti.net/bg/obiava/prodava/sofia/dianabad/dvustaen/5888248/?sid=gFM8jD&page=4,9.0,2025-01-21 18:02:27.673187,https://www.imoti.net/bg/obiavi/r/prodava/sofia/?page=1&sid=gFM8jD,imoti.net,393,2025-01-21,,,Цена на /м2/:2 247EUR, 89 м2,Етаж:
"продава Двустаен апартамент, 72 м2","Номер на офертата в агенцията 13364. Имотът се намира в кв.Редута,първи над партерен /над гаражи/ етаж. Непреходен ,три отделни стаи. На 100м. от парк Гео Милев и автобусна спирка на автобус 72,на...",200000.0,EUR,False,продава,двустаен,София, Редута,,Глобъл Сървисиз,,https://www.imoti.net/bg/obiava/prodava--v-stroej/sofia/reduta/dvustaen/5977086/?sid=gFM8jD&page=4,14.0,2025-01-21 18:02:27.673613,https://www.imoti.net/bg/obiavi/r/prodava/sofia/?page=1&sid=gFM8jD,imoti.net,393,2025-01-21,,,Цена на /м2/:2 778EUR, 72 м2,Етаж: 1 от 5
"продава Двустаен апартамент, 72 м2",Агенция за недвижими имоти Калиста Естейт има огромното удоволствие да Ви представи двустаен апартамент в ж.к. Редута.Обзавеждане: напълно обзаведенЕтап на строителство: с...,200000.0,EUR,False,продава,двустаен,София, Редута,,Калиста Естейт,,https://www.imoti.net/bg/obiava/prodava/sofia/reduta/dvustaen/5944318/?sid=gFM8jD&page=4,10.0,2025-01-21 18:02:27.674059,https://www.imoti.net/bg/obiavi/r/prodava/sofia/?page=1&sid=gFM8jD,imoti.net,393,2025-01-21,,,Цена на /м2/:2 778EUR, 72 м2,Етаж: 1 от 5
"продава Тристаен апартамент, 114 м2","Galiano Estates ви предлага нов тристаен апартамент в жилищна сграда със сутерен, четири надземни и един подпокривен етаж. В сутерена на сградата се помещава подземният гараж, на партера са...",205000.0,EUR,False,продава,тристаен,София, Подуене,,Galiano Estates,,https://www.imoti.net/bg/obiava/prodava--v-stroej/sofia/poduene/tristaen/5968669/?sid=gFM8jD&page=4,2.0,2025-01-21 18:02:27.674545,https://www.imoti.net/bg/obiavi/r/prodava/sofia/?page=1&sid=gFM8jD,imoti.net,393,2025-01-21,,,Цена на /м2/:1 798EUR, 114 м2,Етаж: 2 от 6
"продава Двустаен апартамент, 74 м2","Home Life Point има удоволствието да Ви представи завършен двустаен апартамент с чиста застроена площ от 66 кв.м. и площ от 74 кв.м. по документи, на отлична локация в кв. Оборище - ул. Петра,...",205000.0,EUR,False,продава,двустаен,София, Оборище,,Home Life Point Realty,,https://www.imoti.net/bg/obiava/prodava--v-stroej/sofia/oborishte/dvustaen/5972823/?sid=gFM8jD&page=4,18.0,2025-01-21 18:02:27.675043,https://www.imoti.net/bg/obiavi/r/prodava/sofia/?page=1&sid=gFM8jD,imoti.net,393,2025-01-21,,,Цена на /м2/:2 770EUR, 74 м2,Етаж: 2 от 6
"продава Двустаен апартамент, 72 м2","Реф. № 011742Агенция за недвижими имоти BAS Properties представя на Вашето внимание двустаен апартамент в кв. Редута, гр. София.Основни характеристики:",205000.0,EUR,False,продава,двустаен,София, Редута,,БАС Пропъртис,,https://www.imoti.net/bg/obiava/prodava/sofia/reduta/dvustaen/6010797/?sid=gFM8jD&page=4,12.0,2025-01-21 18:02:27.675485,https://www.imoti.net/bg/obiavi/r/prodava/sofia/?page=1&sid=gFM8jD,imoti.net,393,2025-01-21,,,Цена на /м2/:2 847EUR, 72 м2,Етаж: 3 от 5
"продава Тристаен апартамент, 90 м2","Компания `ЕКС` представя на Вашето внимание тристаен апартамент в кв. Редута.МЕСТОПОЛОЖЕНИЕ: В близост до спирка на градски транспорт, училище, Сердика Център, магазини от всякакъв...",205000.0,EUR,False,продава,тристаен,София, Редута,,ЕКС НВД,,https://www.imoti.net/bg/obiava/prodava--v-stroej/sofia/reduta/tristaen/5858255/?sid=gFM8jD&page=4,2.0,2025-01-21 18:02:27.675924,https://www.imoti.net/bg/obiavi/r/prodava/sofia/?page=1&sid=gFM8jD,imoti.net,393,2025-01-21,,,Цена на /м2/:2 278EUR, 90 м2,Етаж: 1 от 6
"продава Тристаен апартамент, 114 м2","БЕЗ КОМИСИОН ОТ КУПУВАЧА!ИРИДА НЕДВИЖИМИ ИМОТИ Ви предлага за продажба тристаен апартамент, в новострояща се луксозна сграда, строяща се само с най-качествени материали в район...",208000.0,EUR,False,продава,тристаен,София, Суха Река,,ИРИДА НЕДВИЖИМИ ИМОТИ,,https://www.imoti.net/bg/obiava/prodava--v-stroej/sofia/suha-reka/tristaen/5936668/?sid=gFM8jD&page=4,1.0,2025-01-21 18:02:27.676409,https://www.imoti.net/bg/obiavi/r/prodava/sofia/?page=1&sid=gFM8jD,imoti.net,393,2025-01-21,,,Цена на /м2/:1 825EUR, 114 м2,Етаж: 2 от 6
"продава Тристаен апартамент, 125 м2","БЕЗ КОМИСИОН ОТ КУПУВАЧА!ИРИДА НЕДВИЖИМИ ИМОТИ Ви предлага за продажба просторен тристаен апартамент, в новострояща се луксозна сграда, строяща се само с най-качествени материали в...",208600.0,EUR,False,продава,тристаен,София, Суха Река,,ИРИДА НЕДВИЖИМИ ИМОТИ,,https://www.imoti.net/bg/obiava/prodava--v-stroej/sofia/suha-reka/tristaen/5936886/?sid=gFM8jD&page=4,1.0,2025-01-21 18:02:27.676907,https://www.imoti.net/bg/obiavi/r/prodava/sofia/?page=1&sid=gFM8jD,imoti.net,393,2025-01-21,,,Цена на /м2/:1 669EUR, 125 м2,Етаж: 3 от 6
"продава Тристаен апартамент, 125 м2","БЕЗ КОМИСИОН ОТ КУПУВАЧА!ИРИДА НЕДВИЖИМИ ИМОТИ Ви предлага за продажба просторен тристаен апартамент, в новострояща се луксозна сграда, строяща се само с най-качествени материали в...",208800.0,EUR,False,продава,тристаен,София, Суха Река,,ИРИДА НЕДВИЖИМИ ИМОТИ,,https://www.imoti.net/bg/obiava/prodava--v-stroej/sofia/suha-reka/tristaen/5936880/?sid=gFM8jD&page=4,1.0,2025-01-21 18:02:27.677384,https://www.imoti.net/bg/obiavi/r/prodava/sofia/?page=1&sid=gFM8jD,imoti.net,393,2025-01-21,,,Цена на /м2/:1 670EUR, 125 м2,Етаж: 2 от 6
"продава Тристаен апартамент, 102 м2","Тристаен апартамент 102,15 м2 в ж.к.Сухата река с паркомясто, на 300м от метростанция Хаджи Димитър и бул.Мадрид.  Доказан строител. Oтлична локация!Жилището е със застроена площ...",209000.0,EUR,False,продава,тристаен,София, Суха Река,,Анети,,https://www.imoti.net/bg/obiava/prodava--v-stroej/sofia/suha-reka/tristaen/6003014/?sid=gFM8jD&page=4,5.0,2025-01-21 18:02:27.677827,https://www.imoti.net/bg/obiavi/r/prodava/sofia/?page=1&sid=gFM8jD,imoti.net,393,2025-01-21,,,Цена на /м2/:2 049EUR, 102 м2,Етаж: 6 от 8
"продава Тристаен апартамент, 115 м2","БЕЗ КОМИСИОН ОТ КУПУВАЧА!ИРИДА НЕДВИЖИМИ ИМОТИ Ви предлага за продажба тристаен апартамент, в новострояща се луксозна сграда, строяща се само с най-качествени материали в район...",209400.0,EUR,False,продава,тристаен,София, Суха Река,,ИРИДА НЕДВИЖИМИ ИМОТИ,,https://www.imoti.net/bg/obiava/prodava--v-stroej/sofia/suha-reka/tristaen/5936899/?sid=gFM8jD&page=4,1.0,2025-01-21 18:02:27.678311,https://www.imoti.net/bg/obiavi/r/prodava/sofia/?page=1&sid=gFM8jD,imoti.net,393,2025-01-21,,,Цена на /м2/:1 821EUR, 115 м2,Етаж: 4 от 6
"продава Двустаен апартамент, 72 м2","Обява за продажба на апартамент в кв. РедутаСлънчев и уютен двустаен апартамент с южно изложение!Топ локация, готов за нанасяне!Среден етаж в тухлена сграда от 2013 г.!...",210000.0,EUR,False,продава,двустаен,София, Редута,,CLOUD HOMES,,https://www.imoti.net/bg/obiava/prodava--v-stroej/sofia/reduta/dvustaen/5946669/?sid=gFM8jD&page=4,9.0,2025-01-21 18:02:27.678755,https://www.imoti.net/bg/obiavi/r/prodava/sofia/?page=1&sid=gFM8jD,imoti.net,393,2025-01-21,,,Цена на /м2/:2 917EUR, 72 м2,Етаж: 2 от 6
"продава Двустаен апартамент, 68 м2","Явлена - Младост представя двустаен непреходен апартамент на границата между кварталите Изток и Изгрев.Жилището се състои от хол,спалня,кухня, две усвоени тераси,складово...",210000.0,EUR,False,продава,двустаен,София, Изток,,Явлена София,,https://www.imoti.net/bg/obiava/prodava/sofia/sofija-iztok/dvustaen/5989185/?sid=gFM8jD&page=4,12.0,2025-01-21 18:02:27.679227,https://www.imoti.net/bg/obiavi/r/prodava/sofia/?page=1&sid=gFM8jD,imoti.net,393,2025-01-21,,,Цена на /м2/:3 088EUR, 68 м2,Етаж: 2
"продава Тристаен апартамент, 107 м2","iHOME REAL ESTATE предлага голям тристаен апартамент в новострояща се сграда в близост до Парк ""Заимов"", бул. ""Мадрид” и ул. “Черковна"".Апартамент А08 е с площ 106,67 кв.м. и е разположен на...",213340.0,EUR,False,продава,тристаен,София, Подуене,,iHOME REAL ESTATE,,https://www.imoti.net/bg/obiava/prodava--v-stroej/sofia/poduene/tristaen/5962029/?sid=gFM8jD&page=5,3.0,2025-01-21 18:02:30.961088,https://www.imoti.net/bg/obiavi/r/prodava/sofia/?page=1&sid=gFM8jD,imoti.net,393,2025-01-21,,,Цена на /м2/:1 994EUR, 107 м2,Етаж: 5 от 9
"продава Тристаен апартамент, 107 м2","БЕЗ КОМИСИОН ОТ КУПУВАЧА!НОВ ПРОЕКТ!ИРИДА НЕДВИЖИМИ ИМОТИ Ви предлага за продажба тристаен апартамент, в новострояща се сграда в район Подуяне!...",213340.0,EUR,False,продава,тристаен,София, Подуене,,ИРИДА НЕДВИЖИМИ ИМОТИ,,https://www.imoti.net/bg/obiava/prodava--v-stroej/sofia/poduene/tristaen/5943599/?sid=gFM8jD&page=5,1.0,2025-01-21 18:02:30.961717,https://www.imoti.net/bg/obiavi/r/prodava/sofia/?page=1&sid=gFM8jD,imoti.net,393,2025-01-21,,,Цена на /м2/:1 994EUR, 107 м2,Етаж: 5 от 9
"продава Тристаен апартамент, 107 м2","БЕЗ КОМИСИОН ОТ КУПУВАЧА, ЦЕНА ДИРЕКТНО ОТ СТРОИТЕЛЯ!Южен тристаен апартамент със застроена площ от 90.41 м2 (106,67 м2 с общите части). Разпределението е както следва: дневна с кухнески...",213340.0,EUR,False,продава,тристаен,София, Подуене,,Имо Хоум,,https://www.imoti.net/bg/obiava/prodava--v-stroej/sofia/poduene/tristaen/6018608/?sid=gFM8jD&page=5,10.0,2025-01-21 18:02:30.962215,https://www.imoti.net/bg/obiavi/r/prodava/sofia/?page=1&sid=gFM8jD,imoti.net,393,2025-01-21,,,Цена на /м2/:1 994EUR, 107 м2,Етаж: 6 от 9
"продава Тристаен апартамент, 107 м2","Титан Пропъртис има удоволствието да Ви представи тристаен апартамент в новострояща се жилищна сграда в кв. Подуяне. В близост са разположени множество спирки на градския транспорт, търговски...",213340.0,EUR,False,продава,тристаен,София, Подуене,,Титан Пропъртис,,https://www.imoti.net/bg/obiava/prodava/sofia/poduene/tristaen/5970940/?sid=gFM8jD&page=5,6.0,2025-01-21 18:02:30.962702,https://www.imoti.net/bg/obiavi/r/prodava/sofia/?page=1&sid=gFM8jD,imoti.net,393,2025-01-21,,,Цена на /м2/:1 994EUR, 107 м2,Етаж: 5 от 9
"продава Тристаен апартамент, 90 м2","Явлена-Изток продава тристаен апартамент в новострояща се сграда в кв. Редута с площ-90 кв.м. Състоящ  се от: дневна с кухненски бокс и балкон,  две спални от която се излиза на общ балкона , две...",214000.0,EUR,False,продава,тристаен,София, Редута,,Явлена Изток,,https://www.imoti.net/bg/obiava/prodava/sofia/reduta/tristaen/5989884/?sid=gFM8jD&page=5,6.0,2025-01-21 18:02:30.963182,https://www.imoti.net/bg/obiavi/r/prodava/sofia/?page=1&sid=gFM8jD,imoti.net,393,2025-01-21,,,Цена на /м2/:2 378EUR, 90 м2,Етаж: 4 от 7
"продава Тристаен апартамент, 102 м2","Тристаен апартамент 102,15м2 с паркомясто, на 300м от метростанция Хаджи Димитър и бул.Мадрид. Доказан строител. Отлично местоположение!Жилището е със застроена площ от 82,68 м2, с...",214200.0,EUR,False,продава,тристаен,София, Суха Река,,Анети,,https://www.imoti.net/bg/obiava/prodava--v-stroej/sofia/suha-reka/tristaen/6020440/?sid=gFM8jD&page=5,7.0,2025-01-21 18:02:30.963674,https://www.imoti.net/bg/obiavi/r/prodava/sofia/?page=1&sid=gFM8jD,imoti.net,393,2025-01-21,,,Цена на /м2/:2 100EUR, 102 м2,Етаж: 6 от 8
"продава Двустаен апартамент, 72 м2","Имоти Сердика 1 продава двустаен апартамент в ж.к. Редута, гр. София. Имотът е с площ от 72кв.м. и се състои от всекидневна с кухня, спалня, баня с тоалетна, балкон към задния двор на кооперацията...",214999.0,EUR,False,продава,двустаен,София, Редута,,Сердика 1,,https://www.imoti.net/bg/obiava/prodava--v-stroej/sofia/reduta/dvustaen/5984561/?sid=gFM8jD&page=5,10.0,2025-01-21 18:02:30.964156,https://www.imoti.net/bg/obiavi/r/prodava/sofia/?page=1&sid=gFM8jD,imoti.net,393,2025-01-21,,,Цена на /м2/:2 986EUR, 72 м2,Етаж: 3 от 5
"продава Тристаен апартамент, 115 м2","БЕЗ КОМИСИОН ОТ КУПУВАЧА!ИРИДА НЕДВИЖИМИ ИМОТИ Ви предлага за продажба просторен тристаен апартамент, в новострояща се луксозна сграда, строяща се само с най-качествени материали в...",215400.0,EUR,False,продава,тристаен,София, Суха Река,,ИРИДА НЕДВИЖИМИ ИМОТИ,,https://www.imoti.net/bg/obiava/prodava--v-stroej/sofia/suha-reka/tristaen/5936892/?sid=gFM8jD&page=5,1.0,2025-01-21 18:02:30.964689,https://www.imoti.net/bg/obiavi/r/prodava/sofia/?page=1&sid=gFM8jD,imoti.net,393,2025-01-21,,,Цена на /м2/:1 873EUR, 115 м2,Етаж: 5 от 6
"продава Тристаен апартамент, 125 м2","БЕЗ КОМИСИОН ОТ КУПУВАЧА!ИРИДА НЕДВИЖИМИ ИМОТИ Ви предлага за продажба просторен тристаен апартамент, в новострояща се луксозна сграда, строяща се само с най-качествени материали в...",215600.0,EUR,False,продава,тристаен,София, Суха Река,,ИРИДА НЕДВИЖИМИ ИМОТИ,,https://www.imoti.net/bg/obiava/prodava--v-stroej/sofia/suha-reka/tristaen/5962804/?sid=gFM8jD&page=5,1.0,2025-01-21 18:02:30.965196,https://www.imoti.net/bg/obiavi/r/prodava/sofia/?page=1&sid=gFM8jD,imoti.net,393,2025-01-21,,,Цена на /м2/:1 725EUR, 125 м2,Етаж: 4 от 6
"продава Двустаен апартамент, 105 м2","БЕЗ КОМИСИОН ОТ КУПУВАЧА!НОВ ПРОЕКТ!ИРИДА НЕДВИЖИМИ ИМОТИ Ви предлага за продажба двустаен апартамент, в новострояща се сграда в район Подуяне!...",216790.0,EUR,False,продава,двустаен,София, Подуене,,ИРИДА НЕДВИЖИМИ ИМОТИ,,https://www.imoti.net/bg/obiava/prodava--v-stroej/sofia/poduene/dvustaen/5943597/?sid=gFM8jD&page=5,1.0,2025-01-21 18:02:30.965722,https://www.imoti.net/bg/obiavi/r/prodava/sofia/?page=1&sid=gFM8jD,imoti.net,393,2025-01-21,,,Цена на /м2/:2 065EUR, 105 м2,Етаж: 9 от 9
"продава Тристаен апартамент, 109 м2","С АКТ 16!!!ИРИДА НЕДВИЖИМИ ИМОТИ Ви предлага за продажба тристаен апартамент в Суха река.Апартаментът се състои се от дневна и кухненски бокс, две спални, баня и...",217000.0,EUR,False,продава,тристаен,София, Суха Река,,ИРИДА НЕДВИЖИМИ ИМОТИ,,https://www.imoti.net/bg/obiava/prodava--v-stroej/sofia/suha-reka/tristaen/5926816/?sid=gFM8jD&page=5,3.0,2025-01-21 18:02:30.966238,https://www.imoti.net/bg/obiavi/r/prodava/sofia/?page=1&sid=gFM8jD,imoti.net,393,2025-01-21,,,Цена на /м2/:1 991EUR, 109 м2,Етаж: 6 от 10
"продава Тристаен апартамент, 104 м2","МЕТРО!ТИШИНА!ЕЛЕГАНТНОСТ!ПРЕДПРОДАЖБА!СКОРО ОТНОВО ЩЕ ВДИГНЕМ ЦЕНАТА, ПОБЪРЗАЙТЕ!ВЕЧЕ 60% ОТ ЖИЛИЩАТА СА ЗАКУПЕНИ!Уникален мини...",218296.0,EUR,False,продава,тристаен,София, Суха Река,,Елеганс Естейт,,https://www.imoti.net/bg/obiava/prodava--v-stroej/sofia/suha-reka/tristaen/5986854/?sid=gFM8jD&page=5,1.0,2025-01-21 18:02:30.966721,https://www.imoti.net/bg/obiavi/r/prodava/sofia/?page=1&sid=gFM8jD,imoti.net,393,2025-01-21,,,Цена на /м2/:2 099EUR, 104 м2,Етаж: 7 от 8
"продава Тристаен апартамент, 125 м2","Galiano Estates ви предлага нов тристаен апартамент в жилищна сграда със сутерен, четири надземни и един подпокривен етаж. В сутерена на сградата се помещава подземният гараж, на партера са...",218300.0,EUR,False,продава,тристаен,София, Суха Река,,Galiano Estates,,https://www.imoti.net/bg/obiava/prodava--v-stroej/sofia/suha-reka/tristaen/5976610/?sid=gFM8jD&page=5,2.0,2025-01-21 18:02:30.967220,https://www.imoti.net/bg/obiavi/r/prodava/sofia/?page=1&sid=gFM8jD,imoti.net,393,2025-01-21,,,Цена на /м2/:1 746EUR, 125 м2,Етаж: 5 от 6
"продава Двустаен апартамент, 65 м2","Без комисионна! Цени на инвеститор! Ера Младост представя сложен и взискателен жилищен комплекс с Централна локация продиктувана от няколко ключови изисквания за проекта:Градски силует,...",219450.0,EUR,False,продава,двустаен,София, Оборище,,ERA Младост,,https://www.imoti.net/bg/obiava/prodava--v-stroej/sofia/oborishte/dvustaen/5776463/?sid=gFM8jD&page=5,7.0,2025-01-21 18:02:30.967679,https://www.imoti.net/bg/obiavi/r/prodava/sofia/?page=1&sid=gFM8jD,imoti.net,393,2025-01-21,,,Цена на /м2/:3 376EUR, 65 м2,Етаж:
"продава Двустаен апартамент, 117 м2",Явлена предлага за продажба двустаен апартамент на две нива в сграда на етап Акт 14 в квартал Сухата река. Апартаментът е разположен на 6-ти и 7-ми етаж и има застроена площ от 104 кв.м....,220000.0,EUR,False,продава,двустаен,София, Суха Река,,Явлена София,,https://www.imoti.net/bg/obiava/prodava/sofia/suha-reka/dvustaen/6020642/?sid=gFM8jD&page=5,3.0,2025-01-21 18:02:30.968187,https://www.imoti.net/bg/obiavi/r/prodava/sofia/?page=1&sid=gFM8jD,imoti.net,393,2025-01-21,,,Цена на /м2/:1 880EUR, 117 м2,Етаж:
"продава Тристаен апартамент, 125 м2",ЕРА Идеа предлага за продажба тристаен апартамент в новострояща се жилищна сграда в кв. Подуяне. Жилището се намира на четвърти етаж с застроена площ 99.58кв.м. и обща площ 125.74кв.м. Изложение...,220100.0,EUR,False,продава,тристаен,София, Подуене,,Ера Идеа,,https://www.imoti.net/bg/obiava/prodava--v-stroej/sofia/poduene/tristaen/6009277/?sid=gFM8jD&page=5,4.0,2025-01-21 18:02:30.968630,https://www.imoti.net/bg/obiavi/r/prodava/sofia/?page=1&sid=gFM8jD,imoti.net,393,2025-01-21,,,Цена на /м2/:1 761EUR, 125 м2,Етаж:
"продава Двустаен апартамент, 63 м2","Агенция за недвижими имоти ""First Estates"" с удоволствие представя двустаен апартамент в иновативна жилищна сграда, първата в България, която ще бъде сертифицирана по международния стандарт за...",220675.0,EUR,False,продава,двустаен,София, Изгрев,,First Estates,,https://www.imoti.net/bg/obiava/prodava--v-stroej/sofia/sofija-izgrev/dvustaen/5958471/?sid=gFM8jD&page=5,8.0,2025-01-21 18:02:30.969162,https://www.imoti.net/bg/obiavi/r/prodava/sofia/?page=1&sid=gFM8jD,imoti.net,393,2025-01-21,,,Цена на /м2/:3 503EUR, 63 м2,Етаж: 3 от 8
"продава Тристаен апартамент, 125 м2","БЕЗ КОМИСИОН ОТ КУПУВАЧА!НОВ ПРОЕКТ!ИРИДА НЕДВИЖИМИ ИМОТИ Ви предлага за продажба тристаен апартамент, в новострояща се сграда в район Подуяне!...",223956.0,EUR,False,продава,тристаен,София, Подуене,,ИРИДА НЕДВИЖИМИ ИМОТИ,,https://www.imoti.net/bg/obiava/prodava--v-stroej/sofia/poduene/tristaen/5943380/?sid=gFM8jD&page=5,1.0,2025-01-21 18:02:30.969703,https://www.imoti.net/bg/obiavi/r/prodava/sofia/?page=1&sid=gFM8jD,imoti.net,393,2025-01-21,,,Цена на /м2/:1 792EUR, 125 м2,Етаж: 2 от 9
"продава Тристаен апартамент, 124 м2",КЛИЕНТИТЕ НА MARTIN'S СА ПО-ДОВОЛНИ! ПОПИТАЙ ЗАЩО!Предлагаме тристаен апартамент с обща площ от 124.42 кв.м. в сграда ново строителство. Имотът е ситуиран на втори етаж в сграда с общо 9...,223956.0,EUR,False,продава,тристаен,София, Суха Река,,MARTIN’S,,https://www.imoti.net/bg/obiava/prodava--v-stroej/sofia/suha-reka/tristaen/5970848/?sid=gFM8jD&page=5,3.0,2025-01-21 18:02:30.970158,https://www.imoti.net/bg/obiavi/r/prodava/sofia/?page=1&sid=gFM8jD,imoti.net,393,2025-01-21,,,Цена на /м2/:1 806EUR, 124 м2,Етаж: 2 от 9
"продава Тристаен апартамент, 103 м2","iHOME REAL ESTATE предлага тристаен апартамент в сграда с Акт 16, до бул. ""Мадрид” и ул. “Черковна"".Апартамент №7 е с обща площ 103 кв. м. и застроена площ 81 кв. м., разположен на...",225000.0,EUR,False,продава,тристаен,София, Оборище,,iHOME REAL ESTATE,,https://www.imoti.net/bg/obiava/prodava/sofia/oborishte/tristaen/6008585/?sid=gFM8jD&page=5,11.0,2025-01-21 18:02:30.970680,https://www.imoti.net/bg/obiavi/r/prodava/sofia/?page=1&sid=gFM8jD,imoti.net,393,2025-01-21,,,Цена на /м2/:2 184EUR, 103 м2,Етаж: 5 от 9
"продава Тристаен апартамент, 103 м2","iHOME REAL ESTATE предлага тристаен апартамент в сграда с Акт 16, до бул. ""Мадрид” и ул. “Черковна"".Апартамент №7 е с обща площ 103 кв. м. и застроена площ 81 кв. м., разположен на...",225000.0,EUR,False,продава,тристаен,София, Суха Река,,iHOME REAL ESTATE,,https://www.imoti.net/bg/obiava/prodava/sofia/suha-reka/tristaen/6008600/?sid=gFM8jD&page=5,10.0,2025-01-21 18:02:30.971172,https://www.imoti.net/bg/obiavi/r/prodava/sofia/?page=1&sid=gFM8jD,imoti.net,393,2025-01-21,,,Цена на /м2/:2 184EUR, 103 м2,Етаж: 5 от 9
"продава Тристаен апартамент, 96 м2","ЮЖЕН ПАНОРАМЕН 3-стаен с нескриваема гледка към Витоша и великолепно изложение- ЮГ и ИЗТОК в монолитна сграда- ЕПК. ТОПМЯСТО - до бул. Г.М.Димитров и Ловен парк, съчетаващо спокойствие и зеленина с...",225000.0,EUR,False,продава,тристаен,София, Дианабад,,Фактор 33,,https://www.imoti.net/bg/obiava/prodava/sofia/dianabad/tristaen/5987190/?sid=gFM8jD&page=5,12.0,2025-01-21 18:02:30.971593,https://www.imoti.net/bg/obiavi/r/prodava/sofia/?page=1&sid=gFM8jD,imoti.net,393,2025-01-21,,,Цена на /м2/:2 344EUR, 96 м2,Етаж: 6 от 18
"продава Тристаен апартамент, 80 м2","ЕКСКЛУЗИВНО! EРА ТЕРА предлага за продажба тристаен апартамент в кв. Оборище. Намира се на ул. Буная № 23, в жилищна, триетажна кооперация с контролиран достъп и много добре поддържан вход. През...",225000.0,EUR,False,продава,тристаен,София, Оборище,,ERA TERA,,https://www.imoti.net/bg/obiava/prodava/sofia/oborishte/tristaen/6003939/?sid=gFM8jD&page=5,12.0,2025-01-21 18:02:30.972030,https://www.imoti.net/bg/obiavi/r/prodava/sofia/?page=1&sid=gFM8jD,imoti.net,393,2025-01-21,,,Цена на /м2/:2 813EUR, 80 м2,Етаж:
"продава Тристаен апартамент, 125 м2",КЛИЕНТИТЕ НА MARTIN'S СА ПО-ДОВОЛНИ! ПОПИТАЙ ЗАЩО!Предлагаме тристаен апартамент с обща площ от 125.19 кв.м. в сграда ново строителство. Имотът е ситуиран на трети етаж в сграда с общо 9...,225342.0,EUR,False,продава,тристаен,София, Суха Река,,MARTIN’S,,https://www.imoti.net/bg/obiava/prodava--v-stroej/sofia/suha-reka/tristaen/5970849/?sid=gFM8jD&page=5,3.0,2025-01-21 18:02:30.972456,https://www.imoti.net/bg/obiavi/r/prodava/sofia/?page=1&sid=gFM8jD,imoti.net,393,2025-01-21,,,Цена на /м2/:1 803EUR, 125 м2,Етаж: 3 от 9
"продава Тристаен апартамент, 103 м2","iHOME REAL ESTATE предлага тристаен апартамент в сграда с Акт 16, в близост до Парк ""Заимов"", бул. ""Мадрид” и ул. “Черковна"".Апартамент 07 е с обща площ 103 кв. м. и застроена площ 81 кв....",225700.0,EUR,False,продава,тристаен,София, Оборище,,iHOME REAL ESTATE,,https://www.imoti.net/bg/obiava/prodava/sofia/oborishte/tristaen/6007379/?sid=gFM8jD&page=5,11.0,2025-01-21 18:02:30.972949,https://www.imoti.net/bg/obiavi/r/prodava/sofia/?page=1&sid=gFM8jD,imoti.net,393,2025-01-21,,,Цена на /м2/:2 191EUR, 103 м2,Етаж: 5 от 9
"продава Тристаен апартамент, 103 м2","iHOME REAL ESTATE предлага тристаен апартамент в сграда с Акт 16 в близост до Парк ""Заимов"", бул. ""Мадрид” и ул. “Черковна"".Апартамент 09 е с обща площ 103 кв. м. и застроена площ 81 кв. м.,...",225700.0,EUR,False,продава,тристаен,София, Подуене,,iHOME REAL ESTATE,,https://www.imoti.net/bg/obiava/prodava/sofia/poduene/tristaen/6007433/?sid=gFM8jD&page=5,10.0,2025-01-21 18:02:30.973430,https://www.imoti.net/bg/obiavi/r/prodava/sofia/?page=1&sid=gFM8jD,imoti.net,393,2025-01-21,,,Цена на /м2/:2 191EUR, 103 м2,Етаж: 6 от 9
"продава Тристаен апартамент, 103 м2","iHOME REAL ESTATE предлага тристаен апартамент в сграда с Акт 16 в близост до Парк ""Заимов"", бул. ""Мадрид” и ул. “Черковна"".Апартамент 07 е с обща площ 103 кв. м. и застроена площ 81 кв. м.,...",225700.0,EUR,False,продава,тристаен,София, Подуене,,iHOME REAL ESTATE,,https://www.imoti.net/bg/obiava/prodava/sofia/poduene/tristaen/5982969/?sid=gFM8jD&page=5,10.0,2025-01-21 18:02:30.973926,https://www.imoti.net/bg/obiavi/r/prodava/sofia/?page=1&sid=gFM8jD,imoti.net,393,2025-01-21,,,Цена на /м2/:2 191EUR, 103 м2,Етаж: 5 от 9
"продава Тристаен апартамент, 90 м2","Представяме Ви тристаен апартамент в малка бутикова сграда в кв. ""Оборище"", гр. София.Предварителни продажби. Очаква се Разрешение за строеж. Срок за изпълнение - 18 месеца.",226325.0,EUR,False,продава,тристаен,София, Оборище,,Luximmo Finest Estates,,https://www.imoti.net/bg/obiava/prodava--v-stroej/sofia/oborishte/tristaen/5579510/?sid=gFM8jD&page=5,3.0,2025-01-21 18:02:30.974417,https://www.imoti.net/bg/obiavi/r/prodava/sofia/?page=1&sid=gFM8jD,imoti.net,393,2025-01-21,,,Цена на /м2/:2 515EUR, 90 м2,Етаж:  от 6
"продава Тристаен апартамент, 125 м2",ЕРА Идеа предлага за продажба тристаен апартамент в новострояща се жилищна сграда в кв. Подуяне. Жилището се намира на пети етаж с застроена площ 100кв.м. и обща площ 125.74кв.м. Изложение север -...,226700.0,EUR,False,продава,тристаен,София, Подуене,,Ера Идеа,,https://www.imoti.net/bg/obiava/prodava--v-stroej/sofia/poduene/tristaen/6009276/?sid=gFM8jD&page=5,4.0,2025-01-21 18:02:30.974863,https://www.imoti.net/bg/obiavi/r/prodava/sofia/?page=1&sid=gFM8jD,imoti.net,393,2025-01-21,,,Цена на /м2/:1 814EUR, 125 м2,Етаж:
"продава Двустаен апартамент, 126 м2","Компания `ЕКС` представя на Вашето внимание тристаен апартамент в жк Сухата река.МЕСТОПОЛОЖЕНИЕ: В близост до спирка на градски транспорт, детска градина, училище, магазини от...",227000.0,EUR,False,продава,двустаен,София, Суха Река,,ЕКС НВД,,https://www.imoti.net/bg/obiava/prodava/sofia/suha-reka/dvustaen/5900074/?sid=gFM8jD&page=5,2.0,2025-01-21 18:02:30.975295,https://www.imoti.net/bg/obiavi/r/prodava/sofia/?page=1&sid=gFM8jD,imoti.net,393,2025-01-21,,,Цена на /м2/:1 802EUR, 126 м2,Етаж: 6 от 6
"продава Двустаен апартамент, 64 м2","БЕЗ КОМИСИОННА! Предлагаме двустаен апартамент в новостроящ се бутиков жилищен комплекс, близо до метростанция 'Театрална' и парк 'Заимов'. Имотът е на етаж 12 от 14 с обща площ 64.32 кв.м и чиста...",228690.0,EUR,False,продава,двустаен,София, Оборище,,Бг Брокер,,https://www.imoti.net/bg/obiava/prodava/sofia/oborishte/dvustaen/5814527/?sid=gFM8jD&page=6,9.0,2025-01-21 18:02:34.094267,https://www.imoti.net/bg/obiavi/r/prodava/sofia/?page=1&sid=gFM8jD,imoti.net,393,2025-01-21,,,Цена на /м2/:3 573EUR, 64 м2,Етаж: 12 от 14
"продава Тристаен апартамент, 133 м2","БЕЗ КОМИСИОН ОТ КУПУВАЧА!ИРИДА НЕДВИЖИМИ ИМОТИ Ви предлага за продажба просторен тристаен апартамент, в новострояща се луксозна сграда, строяща се само с най-качествени материали в...",229000.0,EUR,False,продава,тристаен,София, Суха Река,,ИРИДА НЕДВИЖИМИ ИМОТИ,,https://www.imoti.net/bg/obiava/prodava--v-stroej/sofia/suha-reka/tristaen/5936884/?sid=gFM8jD&page=6,1.0,2025-01-21 18:02:34.095014,https://www.imoti.net/bg/obiavi/r/prodava/sofia/?page=1&sid=gFM8jD,imoti.net,393,2025-01-21,,,Цена на /м2/:1 722EUR, 133 м2,Етаж: 4 от 6
"продава Тристаен апартамент, 107 м2","БЕЗ КОМИСИОН ОТ КУПУВАЧА!НОВ ПРОЕКТ!ИРИДА НЕДВИЖИМИ ИМОТИ Ви предлага за продажба тристаен апартамент, в новострояща се сграда в район Подуяне!...",229136.0,EUR,False,продава,тристаен,София, Подуене,,ИРИДА НЕДВИЖИМИ ИМОТИ,,https://www.imoti.net/bg/obiava/prodava--v-stroej/sofia/poduene/tristaen/5943600/?sid=gFM8jD&page=6,1.0,2025-01-21 18:02:34.095710,https://www.imoti.net/bg/obiavi/r/prodava/sofia/?page=1&sid=gFM8jD,imoti.net,393,2025-01-21,,,Цена на /м2/:2 141EUR, 107 м2,Етаж: 3 от 9
"продава Двустаен апартамент, 80 м2","ОНСУЛТ продава двустаен апартамент в сграда от 2003 г. Намира се на бул. Драган Цанков до КАТ. Метростанция 'Г.М. Димитров' е съвсем близо, също и множество други удобни транспортни връзки....",230000.0,EUR,False,продава,двустаен,София, Дианабад,,АБ ИМОТИ КОНСУЛТ,,https://www.imoti.net/bg/obiava/prodava/sofia/dianabad/dvustaen/6005511/?sid=gFM8jD&page=6,5.0,2025-01-21 18:02:34.096278,https://www.imoti.net/bg/obiavi/r/prodava/sofia/?page=1&sid=gFM8jD,imoti.net,393,2025-01-21,,,Цена на /м2/:2 875EUR, 80 м2,Етаж: 6 от 8
"продава Двустаен апартамент, 87 м2","Без комисионна! Цена на инвеститор! Ера Младост представя сложен и взискателен жилищен комплекс с Централна локация продиктувана от няколко ключови изисквания за проекта:Градски силует,...",231000.0,EUR,False,продава,двустаен,София, Оборище,,ERA Младост,,https://www.imoti.net/bg/obiava/prodava--v-stroej/sofia/oborishte/dvustaen/5847975/?sid=gFM8jD&page=6,5.0,2025-01-21 18:02:34.096775,https://www.imoti.net/bg/obiavi/r/prodava/sofia/?page=1&sid=gFM8jD,imoti.net,393,2025-01-21,,,Цена на /м2/:2 655EUR, 87 м2,Етаж:
"продава Тристаен апартамент, 111 м2","МЕТРО!ТИШИНА!ЕЛЕГАНТНОСТ!ПРЕДПРОДАЖБА!СКОРО ОТНОВО ЩЕ ВДИГНЕМ ЦЕНАТА, ПОБЪРЗАЙТЕ!ВЕЧЕ 60% ОТ ЖИЛИЩАТА СА ЗАКУПЕНИ!Уникален мини...",233100.0,EUR,False,продава,тристаен,София, Подуене,,Елеганс Естейт,,https://www.imoti.net/bg/obiava/prodava--v-stroej/sofia/poduene/tristaen/5982551/?sid=gFM8jD&page=6,2.0,2025-01-21 18:02:34.097282,https://www.imoti.net/bg/obiavi/r/prodava/sofia/?page=1&sid=gFM8jD,imoti.net,393,2025-01-21,,,Цена на /м2/:2 100EUR, 111 м2,Етаж: 4 от 6
"продава Четиристаен апартамент, 80 м2",БУЛГАРИ КОНСУЛТ ООД предлага на Вашето внимание 4-стаен апартамент в един от най-предпочитаните за живеене квартали на София. Имотът се намира на ул. Оборище между улиците Черковна и Васил Друмев ....,234900.0,EUR,False,продава,четиристаен,София, Оборище,,БУЛГАРИ КОНСУЛТ,,https://www.imoti.net/bg/obiava/prodava--v-stroej/sofia/oborishte/chetiristaen/5802095/?sid=gFM8jD&page=6,17.0,2025-01-21 18:02:34.097769,https://www.imoti.net/bg/obiavi/r/prodava/sofia/?page=1&sid=gFM8jD,imoti.net,393,2025-01-21,,,Цена на /м2/:2 936EUR, 80 м2,Етаж:  от 5
"продава Тристаен апартамент, 118 м2","Агенция Явлена ви представя тристаен апартамент за продажба  ново строителство, разположено в тих и удобен и комуникативен  район. Жилището включва входно антре, просторна дневна с кухненски бокс и...",236000.0,EUR,False,продава,тристаен,София, Дианабад,,Явлена Изток,,https://www.imoti.net/bg/obiava/prodava/sofia/dianabad/tristaen/5729956/?sid=gFM8jD&page=6,10.0,2025-01-21 18:02:34.098243,https://www.imoti.net/bg/obiavi/r/prodava/sofia/?page=1&sid=gFM8jD,imoti.net,393,2025-01-21,,,Цена на /м2/:2 000EUR, 118 м2,Етаж: 2 от 6
"продава Двустаен апартамент, 91 м2","Явлена-Изток представя двустаен апартамент в квартал Редута, на комуникативно място и добра локация. Пред акт 15. В близост до училище и спирки на градски транспорт. Апартамента е непреходен, с...",236200.0,EUR,False,продава,двустаен,София, Редута,,Явлена Изток,,https://www.imoti.net/bg/obiava/prodava/sofia/reduta/dvustaen/5966525/?sid=gFM8jD&page=6,7.0,2025-01-21 18:02:34.098706,https://www.imoti.net/bg/obiavi/r/prodava/sofia/?page=1&sid=gFM8jD,imoti.net,393,2025-01-21,,,Цена на /м2/:2 596EUR, 91 м2,Етаж: 8 от 8
"продава Тристаен апартамент, 137 м2","БЕЗ КОМИСИОН ОТ КУПУВАЧА!ИРИДА НЕДВИЖИМИ ИМОТИ Ви предлага за продажба тристаен апартамент, в новострояща се луксозна сграда, строяща се само с най-качествени материали в район...",236600.0,EUR,False,продава,тристаен,София, Суха Река,,ИРИДА НЕДВИЖИМИ ИМОТИ,,https://www.imoti.net/bg/obiava/prodava--v-stroej/sofia/suha-reka/tristaen/5936893/?sid=gFM8jD&page=6,1.0,2025-01-21 18:02:34.099224,https://www.imoti.net/bg/obiavi/r/prodava/sofia/?page=1&sid=gFM8jD,imoti.net,393,2025-01-21,,,Цена на /м2/:1 727EUR, 137 м2,Етаж: 4 от 6
"продава Четиристаен апартамент, 131 м2","ТОП място- до метростанция , училище, детска градина, спирки на градски транспорт . Eлегантна бутикова кооперация пред  акт 15 на ул. Панагюрище . Централен ТЕЦ .   Доказан строител, с дългогодишна...",237000.0,EUR,False,продава,четиристаен,София, Оборище,,АЛЕКСАНДЪР ИМОТИ,,https://www.imoti.net/bg/obiava/prodava--v-stroej/sofia/oborishte/chetiristaen/5656974/?sid=gFM8jD&page=6,12.0,2025-01-21 18:02:34.099682,https://www.imoti.net/bg/obiavi/r/prodava/sofia/?page=1&sid=gFM8jD,imoti.net,393,2025-01-21,,,Цена на /м2/:1 809EUR, 131 м2,Етаж: 3 от 6
"продава Тристаен апартамент, 87 м2","New Estates има удоволствието да ви представи Teatralna Park Residence - един от най-престижните жилищни комплекси в центъра на София. Този отличителен проект се гордее със своя оригинален дизайн,...",237600.0,EUR,False,продава,тристаен,София, Оборище,,New Estates,,https://www.imoti.net/bg/obiava/prodava--v-stroej/sofia/oborishte/tristaen/5743984/?sid=gFM8jD&page=6,10.0,2025-01-21 18:02:34.100134,https://www.imoti.net/bg/obiavi/r/prodava/sofia/?page=1&sid=gFM8jD,imoti.net,393,2025-01-21,,,Цена на /м2/:2 731EUR, 87 м2,Етаж: 3 от 14
"продава Тристаен апартамент, 120 м2","БЕЗ КОМИСИОН ОТ КУПУВАЧА!ИРИДА НЕДВИЖИМИ ИМОТИ Ви предлага за продажба просторен тристаен апартамент, в новострояща се луксозна сграда, строяща се само с най-качествени материали в...",239400.0,EUR,False,продава,тристаен,София, Суха Река,,ИРИДА НЕДВИЖИМИ ИМОТИ,,https://www.imoti.net/bg/obiava/prodava--v-stroej/sofia/suha-reka/tristaen/5936881/?sid=gFM8jD&page=6,1.0,2025-01-21 18:02:34.100654,https://www.imoti.net/bg/obiavi/r/prodava/sofia/?page=1&sid=gFM8jD,imoti.net,393,2025-01-21,,,Цена на /м2/:1 995EUR, 120 м2,Етаж: 5 от 6
"продава Тристаен апартамент, 136 м2",ЕРА Идеа предлага за продажба тристаен апартамент в новострояща се жилищна сграда в кв. Подуяне. Жилището се намира на четвърти етаж с застроена площ 107.21кв.м. и обща площ 136.94кв.м. Изложение...,239800.0,EUR,False,продава,тристаен,София, Подуене,,Ера Идеа,,https://www.imoti.net/bg/obiava/prodava--v-stroej/sofia/poduene/tristaen/6009278/?sid=gFM8jD&page=6,4.0,2025-01-21 18:02:34.101098,https://www.imoti.net/bg/obiavi/r/prodava/sofia/?page=1&sid=gFM8jD,imoti.net,393,2025-01-21,,,Цена на /м2/:1 763EUR, 136 м2,Етаж:
"продава Тристаен апартамент, 126 м2","БЕЗ КОМИСИОН ОТ КУПУВАЧА!НОВ ПРОЕКТ!ИРИДА НЕДВИЖИМИ ИМОТИ Ви предлага за продажба тристаен апартамент, в новострояща се сграда в район Подуяне!...",240364.0,EUR,False,продава,тристаен,София, Подуене,,ИРИДА НЕДВИЖИМИ ИМОТИ,,https://www.imoti.net/bg/obiava/prodava--v-stroej/sofia/poduene/tristaen/5943379/?sid=gFM8jD&page=6,1.0,2025-01-21 18:02:34.101613,https://www.imoti.net/bg/obiavi/r/prodava/sofia/?page=1&sid=gFM8jD,imoti.net,393,2025-01-21,,,Цена на /м2/:1 908EUR, 126 м2,Етаж: 5 от 9
"продава Тристаен апартамент, 125 м2",КЛИЕНТИТЕ НА MARTIN'S СА ПО-ДОВОЛНИ! ПОПИТАЙ ЗАЩО!Предлагаме тристаен апартамент с обща площ от 125.19 кв.м. в сграда ново строителство. Имотът е ситуиран на четвърти етаж в сграда с общо 9...,240364.0,EUR,False,продава,тристаен,София, Суха Река,,MARTIN’S,,https://www.imoti.net/bg/obiava/prodava--v-stroej/sofia/suha-reka/tristaen/5970851/?sid=gFM8jD&page=6,3.0,2025-01-21 18:02:34.102074,https://www.imoti.net/bg/obiavi/r/prodava/sofia/?page=1&sid=gFM8jD,imoti.net,393,2025-01-21,,,Цена на /м2/:1 923EUR, 125 м2,Етаж: 4 от 9
"продава Тристаен апартамент, 85 м2","Революшън Естейт има удоволствие да Ви представи прекрасен тристаен апартамент в ж.к.Оборище, до МОЛ 'Сердика'.Основни характеристики на имота:Площ: 85 кв.м....",242000.0,EUR,False,продава,тристаен,София, Оборище,,Революшън Сейлс,,https://www.imoti.net/bg/obiava/prodava/sofia/oborishte/tristaen/5960332/?sid=gFM8jD&page=6,9.0,2025-01-21 18:02:34.102562,https://www.imoti.net/bg/obiavi/r/prodava/sofia/?page=1&sid=gFM8jD,imoti.net,393,2025-01-21,,,Цена на /м2/:2 847EUR, 85 м2,Етаж: 7 от 8
"продава Двустаен апартамент, 87 м2","БЕЗ КОМИСИОН ОТ КУПУВАЧА!!!ИРИДА НЕДВИЖИМИ ИМОТИ продава слънчев двустаен апартамент в новоизграждащ се затворен жилищен комплекс, с изключително висококачествено строителство от...",242550.0,EUR,False,продава,двустаен,София, Оборище,,ИРИДА НЕДВИЖИМИ ИМОТИ,,https://www.imoti.net/bg/obiava/prodava--v-stroej/sofia/oborishte/dvustaen/5909984/?sid=gFM8jD&page=6,1.0,2025-01-21 18:02:34.103110,https://www.imoti.net/bg/obiavi/r/prodava/sofia/?page=1&sid=gFM8jD,imoti.net,393,2025-01-21,,,Цена на /м2/:2 788EUR, 87 м2,Етаж: 11 от 14
"продава Мезонет, 150 м2","Напълно обзаведен апартамент в нова кооперация на ул. Атанас Узунов. Разпределение: I-во ниво: хол на ламинат и латекс, кухненски бокс с трапезария на теракота и ламинат, баня с тоалетна на...",245000.0,EUR,False,продава,мезонет,София, Редута,,Агенция Столични Имоти,,https://www.imoti.net/bg/obiava/prodava/sofia/reduta/mezonet/5585694/?sid=gFM8jD&page=6,9.0,2025-01-21 18:02:34.103580,https://www.imoti.net/bg/obiavi/r/prodava/sofia/?page=1&sid=gFM8jD,imoti.net,393,2025-01-21,,,Цена на /м2/:1 633EUR, 150 м2,Етаж: 5 от 6
"продава Двустаен апартамент, 77 м2","Явлена - Изток предлага в предпочитания квартал ""Изток"" 2стаен апартамент на ул. ""Атанас Далчев"" в сграда постоена през 2007 г. с акт 16. РЗП 77 кв. м. и застроена площ 67 кв. м. Апартаментът се...",245000.0,EUR,False,продава,двустаен,София, Изток,,Явлена Изток,,https://www.imoti.net/bg/obiava/prodava/sofia/sofija-iztok/dvustaen/5940768/?sid=gFM8jD&page=6,10.0,2025-01-21 18:02:34.104068,https://www.imoti.net/bg/obiavi/r/prodava/sofia/?page=1&sid=gFM8jD,imoti.net,393,2025-01-21,,,Цена на /м2/:3 182EUR, 77 м2,Етаж: 6 от 7
"продава Четиристаен апартамент, 140 м2","Титан Пропъртис - офис Младост има удоволствието да Ви представи четиристаен апартамент в ж.к. Сухата река. В близост са разположени спирки на градски транспорт, както и метростанция ""Театрална""....",247000.0,EUR,False,продава,четиристаен,София, Суха Река,,Титан Пропъртис Рент,,https://www.imoti.net/bg/obiava/prodava--v-stroej/sofia/suha-reka/chetiristaen/5998799/?sid=gFM8jD&page=6,3.0,2025-01-21 18:02:34.104585,https://www.imoti.net/bg/obiavi/r/prodava/sofia/?page=1&sid=gFM8jD,imoti.net,393,2025-01-21,,,Цена на /м2/:1 764EUR, 140 м2,Етаж: 8 от 9
"продава Двустаен апартамент, 71 м2","ИРИДА НЕДВИЖИМИ ИМОТИ Ви представя за продажба двустаен апартамент в центъра на София, на комуникативно място в близост до парк Заимов, Военната академия, метростанция.Кооперацията...",248000.0,EUR,False,продава,двустаен,София, Оборище,,ИРИДА НЕДВИЖИМИ ИМОТИ,,https://www.imoti.net/bg/obiava/prodava--v-stroej/sofia/oborishte/dvustaen/5979861/?sid=gFM8jD&page=6,8.0,2025-01-21 18:02:34.105183,https://www.imoti.net/bg/obiavi/r/prodava/sofia/?page=1&sid=gFM8jD,imoti.net,393,2025-01-21,,,Цена на /м2/:3 493EUR, 71 м2,Етаж: 4 от 6
"продава Двустаен апартамент, 87 м2","БЕЗ КОМИСИОН ОТ КУПУВАЧА!!!ИРИДА НЕДВИЖИМИ ИМОТИ продава слънчев двустаен апартамент в новоизграждащ се затворен жилищен комплекс, с изключително висококачествено строителство от...",248325.0,EUR,False,продава,двустаен,София, Оборище,,ИРИДА НЕДВИЖИМИ ИМОТИ,,https://www.imoti.net/bg/obiava/prodava--v-stroej/sofia/oborishte/dvustaen/5909985/?sid=gFM8jD&page=6,1.0,2025-01-21 18:02:34.105781,https://www.imoti.net/bg/obiavi/r/prodava/sofia/?page=1&sid=gFM8jD,imoti.net,393,2025-01-21,,,Цена на /м2/:2 854EUR, 87 м2,Етаж: 12 от 14
"продава Тристаен апартамент, 113 м2",АКТ 14!!!НА 1 МИН. ОТ МЕТРОТО! НА 10 МИН. ОТ КУБЕТАТА НА ХРАМ ПАМЕТНИК АЛЕКСАНДЪР НЕВСКИ!Ексклузивно предложение!Това е една от най-красивите сгради в София....,248599.0,EUR,False,продава,тристаен,София, Суха Река,,Елеганс Естейт,,https://www.imoti.net/bg/obiava/prodava--v-stroej/sofia/suha-reka/tristaen/5971906/?sid=gFM8jD&page=6,6.0,2025-01-21 18:02:34.106309,https://www.imoti.net/bg/obiavi/r/prodava/sofia/?page=1&sid=gFM8jD,imoti.net,393,2025-01-21,,,Цена на /м2/:2 200EUR, 113 м2,Етаж: 5 от 10
"продава Четиристаен апартамент, 113 м2","Явлена Изток продава четиристаен апартамент от надежден инвеститор и строител с много добра репутация, доказал се с последните 30г. в които строи.Етап - пред разрешение за строеж....",248600.0,EUR,False,продава,четиристаен,София, Редута,,Явлена Изток,,https://www.imoti.net/bg/obiava/prodava/sofia/reduta/chetiristaen/5973749/?sid=gFM8jD&page=6,7.0,2025-01-21 18:02:34.106837,https://www.imoti.net/bg/obiavi/r/prodava/sofia/?page=1&sid=gFM8jD,imoti.net,393,2025-01-21,,,Цена на /м2/:2 200EUR, 113 м2,Етаж: 2 от 6
"продава Четиристаен апартамент, 148 м2","Четиристаен апартамент 148 м2 в ж.к.Сухата река, на 300 м от метростанция Хаджи Димитър и бул.Мадрид. Доказан строител. Oтлична локация!Жилището е на две нива със застроена площ...",249900.0,EUR,False,продава,четиристаен,София, Суха Река,,Анети,,https://www.imoti.net/bg/obiava/prodava--v-stroej/sofia/suha-reka/chetiristaen/5912213/?sid=gFM8jD&page=6,1.0,2025-01-21 18:02:34.107357,https://www.imoti.net/bg/obiavi/r/prodava/sofia/?page=1&sid=gFM8jD,imoti.net,393,2025-01-21,,,Цена на /м2/:1 689EUR, 148 м2,Етаж: 8 от 8
"продава Тристаен апартамент, 85 м2","Номер на офертата в агенцията 13351. Предлага се просторен, светъл апартамент на ул.'Оборище' до МОЛ Сердика, ет.7 от 8 чиста площ 85кв.м.два просторни хола,спалня и отделно кухня, юг,изток,запад...",249990.0,EUR,False,продава,тристаен,София, Оборище,,Глобъл Сървисиз,,https://www.imoti.net/bg/obiava/prodava--v-stroej/sofia/oborishte/tristaen/5977959/?sid=gFM8jD&page=6,14.0,2025-01-21 18:02:34.107882,https://www.imoti.net/bg/obiavi/r/prodava/sofia/?page=1&sid=gFM8jD,imoti.net,393,2025-01-21,,,Цена на /м2/:2 941EUR, 85 м2,Етаж: 7 от 8
"продава Тристаен апартамент, 105 м2","New Estates представя на вашето внимание изцяло южен тристаен апартамент в сграда от ново поколение отличаваща се със съвременната си архитектура, съчетана с луксозно изпълнени общи части и...",250000.0,EUR,False,продава,тристаен,София, Подуене,,New Estates,,https://www.imoti.net/bg/obiava/prodava--v-stroej/sofia/poduene/tristaen/5688350/?sid=gFM8jD&page=6,8.0,2025-01-21 18:02:34.108401,https://www.imoti.net/bg/obiavi/r/prodava/sofia/?page=1&sid=gFM8jD,imoti.net,393,2025-01-21,,,Цена на /м2/:2 381EUR, 105 м2,Етаж: 2 от 9
"продава Тристаен апартамент, 133 м2",Явлена Фронт офис предлага за продажба тристаен апартамент на две нива в сграда на етап Акт 14. Апартаментът е на 6-ти и 7-ми етаж и има застроена площ от 117.50 кв.м. Разпределението му е...,250000.0,EUR,False,продава,тристаен,София, Суха Река,,Явлена София,,https://www.imoti.net/bg/obiava/prodava/sofia/suha-reka/tristaen/6020641/?sid=gFM8jD&page=6,3.0,2025-01-21 18:02:34.108989,https://www.imoti.net/bg/obiavi/r/prodava/sofia/?page=1&sid=gFM8jD,imoti.net,393,2025-01-21,,,Цена на /м2/:1 880EUR, 133 м2,Етаж: 6 от 7
"продава Тристаен апартамент, 76 м2",Компания `ЕКС` представя на Вашето внимание тристаен апартамент в един от най-предпочитаните райони на гр. София- кв. Оборище.МЕСТОПОЛОЖЕНИЕ: В близост до спирка на градски...,250000.0,EUR,False,продава,тристаен,София, Оборище,,ЕКС НВД,,https://www.imoti.net/bg/obiava/prodava/sofia/oborishte/tristaen/5942064/?sid=gFM8jD&page=6,7.0,2025-01-21 18:02:34.109505,https://www.imoti.net/bg/obiavi/r/prodava/sofia/?page=1&sid=gFM8jD,imoti.net,393,2025-01-21,,,Цена на /м2/:3 289EUR, 76 м2,Етаж: 7 от 8
"продава Тристаен апартамент, 76 м2",Номер в агенцията 51402.Агенция Абела предлага на Вашето внимание уютен тристаен преходен апартамент в ж.к Оборище. Имотът се намира на седми етаж от осем етажна панелна сграда. Направен е...,250000.0,EUR,False,продава,тристаен,София, Оборище,,Абелла,,https://www.imoti.net/bg/obiava/prodava--v-stroej/sofia/oborishte/tristaen/6022295/?sid=gFM8jD&page=7,9.0,2025-01-21 18:02:37.211849,https://www.imoti.net/bg/obiavi/r/prodava/sofia/?page=1&sid=gFM8jD,imoti.net,393,2025-01-21,,,Цена на /м2/:3 289EUR, 76 м2,Етаж: 7 от 8
"продава Тристаен апартамент, 76 м2",Революшън Естейт има удоволствие да Ви представи прекрасен тристаен апартамент в ж.к.Оборище.Основни характеристики на имота:-Площ: 76 кв.м....,250000.0,EUR,False,продава,тристаен,София, Оборище,,Революшън Сейлс,,https://www.imoti.net/bg/obiava/prodava/sofia/oborishte/tristaen/5896408/?sid=gFM8jD&page=7,8.0,2025-01-21 18:02:37.212360,https://www.imoti.net/bg/obiavi/r/prodava/sofia/?page=1&sid=gFM8jD,imoti.net,393,2025-01-21,,,Цена на /м2/:3 289EUR, 76 м2,Етаж: 7 от 8
"продава Тристаен апартамент, 125 м2","iHOME REAL ESTATE предлага голям тристаен апартамент в новострояща се сграда в близост до Парк ""Заимов"", бул. ""Мадрид” и ул. “Черковна"".Апартаментът Б20 е с площ 125,19 кв.м. и е разположен...",250380.0,EUR,False,продава,тристаен,София, Подуене,,iHOME REAL ESTATE,,https://www.imoti.net/bg/obiava/prodava--v-stroej/sofia/poduene/tristaen/5962028/?sid=gFM8jD&page=7,3.0,2025-01-21 18:02:37.212865,https://www.imoti.net/bg/obiavi/r/prodava/sofia/?page=1&sid=gFM8jD,imoti.net,393,2025-01-21,,,Цена на /м2/:2 003EUR, 125 м2,Етаж: 5 от 9
"продава Тристаен апартамент, 125 м2",ЕРА Идеа предлага тристаен апартамент за продажба в новострояща се жилищна сграда в ж.к. Сухата река.Апартаментът се намира на шести жилищен етаж с обща жилищна площ 125.19 кв.м. и чиста...,250380.0,EUR,False,продава,тристаен,София, Суха Река,,Ера Идеа,,https://www.imoti.net/bg/obiava/prodava--v-stroej/sofia/suha-reka/tristaen/5982510/?sid=gFM8jD&page=7,2.0,2025-01-21 18:02:37.213303,https://www.imoti.net/bg/obiavi/r/prodava/sofia/?page=1&sid=gFM8jD,imoti.net,393,2025-01-21,,,Цена на /м2/:2 003EUR, 125 м2,Етаж:
"продава Тристаен апартамент, 126 м2","БЕЗ КОМИСИОН ОТ КУПУВАЧА!НОВ ПРОЕКТ!ИРИДА НЕДВИЖИМИ ИМОТИ Ви предлага за продажба тристаен апартамент, в новострояща се сграда в район Подуяне!...",250380.0,EUR,False,продава,тристаен,София, Подуене,,ИРИДА НЕДВИЖИМИ ИМОТИ,,https://www.imoti.net/bg/obiava/prodava--v-stroej/sofia/poduene/tristaen/5943604/?sid=gFM8jD&page=7,1.0,2025-01-21 18:02:37.213813,https://www.imoti.net/bg/obiavi/r/prodava/sofia/?page=1&sid=gFM8jD,imoti.net,393,2025-01-21,,,Цена на /м2/:1 987EUR, 126 м2,Етаж: 7 от 9
"продава Тристаен апартамент, 125 м2","БЕЗ КОМИСИОН ОТ КУПУВАЧА, ЦЕНА ДИРЕКТНО ОТ СТРОИТЕЛЯ!Тристаен апартамент със застроена площ от 106.02 м2 (125,19 м2 с общите части). Разпределението е както следва: антре, дневна с кухнески...",250380.0,EUR,False,продава,тристаен,София, Подуене,,Имо Хоум,,https://www.imoti.net/bg/obiava/prodava--v-stroej/sofia/poduene/tristaen/6011512/?sid=gFM8jD&page=7,10.0,2025-01-21 18:02:37.214259,https://www.imoti.net/bg/obiavi/r/prodava/sofia/?page=1&sid=gFM8jD,imoti.net,393,2025-01-21,,,Цена на /м2/:2 003EUR, 125 м2,Етаж: 7 от 9
"продава Тристаен апартамент, 125 м2","Ера Тера продава тристаен апартамент - Б20 с площ 125,19  кв.м., намиращ се на пети жилищен етаж, състоящ се от: дневна, две спални, баня с тоалетна, отделна тоалетна, коридор, склад и два балкона....",250380.0,EUR,False,продава,тристаен,София, Суха Река,,ERA TERA,,https://www.imoti.net/bg/obiava/prodava--v-stroej/sofia/suha-reka/tristaen/5724917/?sid=gFM8jD&page=7,2.0,2025-01-21 18:02:37.214714,https://www.imoti.net/bg/obiavi/r/prodava/sofia/?page=1&sid=gFM8jD,imoti.net,393,2025-01-21,,,Цена на /м2/:2 003EUR, 125 м2,Етаж:
"продава Тристаен апартамент, 124 м2","Компания `ЕКС` представя на Вашето внимание тристаен апартамент в жк. Сухата река.МЕСТОПОЛОЖЕНИЕ: В близост до спирка на градски транспорт, детска градина, училище, магазини от...",252645.0,EUR,False,продава,тристаен,София, Суха Река,,ЕКС НВД,,https://www.imoti.net/bg/obiava/prodava--v-stroej/sofia/suha-reka/tristaen/5981768/?sid=gFM8jD&page=7,1.0,2025-01-21 18:02:37.215168,https://www.imoti.net/bg/obiavi/r/prodava/sofia/?page=1&sid=gFM8jD,imoti.net,393,2025-01-21,,,Цена на /м2/:2 037EUR, 124 м2,Етаж: 5 от 8
"продава Тристаен апартамент, 98 м2","Явлена-Изток представя тристаен апартамент в квартал Редута, на комуникативно място и добра локация. Пред акт 15. В близост до училище и спирки на градски транспорт. Апартамента е непреходен, с...",254500.0,EUR,False,продава,тристаен,София, Редута,,Явлена Изток,,https://www.imoti.net/bg/obiava/prodava/sofia/reduta/tristaen/5933319/?sid=gFM8jD&page=7,7.0,2025-01-21 18:02:37.215613,https://www.imoti.net/bg/obiavi/r/prodava/sofia/?page=1&sid=gFM8jD,imoti.net,393,2025-01-21,,,Цена на /м2/:2 597EUR, 98 м2,Етаж: 2 от 8
"продава Двустаен апартамент, 61 м2",Фърст Естейтс има удоволствието да Ви представи отлично завършен луксозент двустаен апартамент в Голф Резорт в сърцето на Европа.Имотът има размера и създава усещането на луксозен...,254900.0,EUR,False,продава,двустаен,София, Оборище,,First Estates,,https://www.imoti.net/bg/obiava/prodava/sofia/oborishte/dvustaen/5958487/?sid=gFM8jD&page=7,10.0,2025-01-21 18:02:37.216130,https://www.imoti.net/bg/obiavi/r/prodava/sofia/?page=1&sid=gFM8jD,imoti.net,393,2025-01-21,,,Цена на /м2/:4 179EUR, 61 м2,Етаж: 0 от 2
"продава Тристаен апартамент, 89 м2","Предлагаме обзаведен апартамент с четири стаи за продажба в кв. ""Редута"", на границата с кв. ""Гео Милев"".Кварталът е богато озеленен и осигурява спокойна и приятна жилищна атмосфера,...",257000.0,EUR,False,продава,тристаен,София, Редута,,SUPRIMMO,,https://www.imoti.net/bg/obiava/prodava--v-stroej/sofia/reduta/tristaen/6012167/?sid=gFM8jD&page=7,13.0,2025-01-21 18:02:37.216581,https://www.imoti.net/bg/obiavi/r/prodava/sofia/?page=1&sid=gFM8jD,imoti.net,393,2025-01-21,,,Цена на /м2/:2 888EUR, 89 м2,Етаж:  от 3
"продава Двустаен апартамент, 68 м2","ИРИДА НЕДВИЖИМИ ИМОТИ Ви предлага за продажба южен двустаен отлично обзаведен апартамент до мол Сердика.Апартаментът е с площ 68кв.м , разположен е на втори етаж в тухлена сграда. Има...",258000.0,EUR,False,продава,двустаен,София, Оборище,,ИРИДА НЕДВИЖИМИ ИМОТИ,,https://www.imoti.net/bg/obiava/prodava--v-stroej/sofia/oborishte/dvustaen/5926812/?sid=gFM8jD&page=7,6.0,2025-01-21 18:02:37.217098,https://www.imoti.net/bg/obiavi/r/prodava/sofia/?page=1&sid=gFM8jD,imoti.net,393,2025-01-21,,,Цена на /м2/:3 794EUR, 68 м2,Етаж: 2 от 5
"продава Тристаен апартамент, 102 м2",Представяме светъл тристаен апартамент разположен на тиха улица в централната част на квартал „Изток“.Жилището е с обща площ 102.31 кв.м разположено на втори етаж. Изложението на...,259900.0,EUR,False,продава,тристаен,София, Изток,,SUPRIMMO,,https://www.imoti.net/bg/obiava/prodava--v-stroej/sofia/sofija-iztok/tristaen/6013073/?sid=gFM8jD&page=7,14.0,2025-01-21 18:02:37.217547,https://www.imoti.net/bg/obiavi/r/prodava/sofia/?page=1&sid=gFM8jD,imoti.net,393,2025-01-21,,,Цена на /м2/:2 548EUR, 102 м2,Етаж:  от 5
"продава Тристаен апартамент, 102 м2","Ако търсите локация, уют, комфорт и спокойствие в столицата, агенция ""Мечтан Имот"" има удоволствието да Ви представи този изключителен тристаен апартамент в престижния квартал Изток....",259900.0,EUR,False,продава,тристаен,София, Изток,,Мечтан Имот,,https://www.imoti.net/bg/obiava/prodava/sofia/sofija-iztok/tristaen/5886381/?sid=gFM8jD&page=7,18.0,2025-01-21 18:02:37.218040,https://www.imoti.net/bg/obiavi/r/prodava/sofia/?page=1&sid=gFM8jD,imoti.net,393,2025-01-21,,,Цена на /м2/:2 548EUR, 102 м2,Етаж: 2 от 5
"продава Тристаен апартамент, 100 м2","Явлена-Изток представя тристаен апартамент в квартал Редута, на комуникативно място и добра локация. Пред акт 15. В близост до училище и спирки нс градски транспорт. Апартамента е непреходен, с...",260000.0,EUR,False,продава,тристаен,София, Редута,,Явлена Изток,,https://www.imoti.net/bg/obiava/prodava/sofia/reduta/tristaen/5933312/?sid=gFM8jD&page=7,6.0,2025-01-21 18:02:37.218486,https://www.imoti.net/bg/obiavi/r/prodava/sofia/?page=1&sid=gFM8jD,imoti.net,393,2025-01-21,,,Цена на /м2/:2 600EUR, 100 м2,Етаж: 2 от 8
"продава Тристаен апартамент, 130 м2","NEW ESTATES предлага на вашето внимание Ап 305.Находящ се на 3-ри етаж , с изожение ЮГ/ЗАПАД.Състоящ се от коридор ,мокро помещение, баня с тоалетна,тоалетна ,спалня,салня с гардеробна,дневна с...",260000.0,EUR,False,продава,тристаен,София, Редута,,New Estates,,https://www.imoti.net/bg/obiava/prodava--v-stroej/sofia/reduta/tristaen/5764134/?sid=gFM8jD&page=7,4.0,2025-01-21 18:02:37.218965,https://www.imoti.net/bg/obiavi/r/prodava/sofia/?page=1&sid=gFM8jD,imoti.net,393,2025-01-21,,,Цена на /м2/:2 000EUR, 130 м2,Етаж: 3 от 3
"продава Тристаен апартамент, 101 м2","Явлена-Изток представя тристаен апартамент в квартал Редута, на комуникативно място и добра локация. Пред акт 15. Апартамента е непреходен, с югозападно изложение, на трети етаж. Състои се от...",261600.0,EUR,False,продава,тристаен,София, Редута,,Явлена Изток,,https://www.imoti.net/bg/obiava/prodava/sofia/reduta/tristaen/6009453/?sid=gFM8jD&page=7,7.0,2025-01-21 18:02:37.219411,https://www.imoti.net/bg/obiavi/r/prodava/sofia/?page=1&sid=gFM8jD,imoti.net,393,2025-01-21,,,Цена на /м2/:2 590EUR, 101 м2,Етаж: 3 от 8
"продава Двустаен апартамент, 82 м2","Unique estates представя за продажба уютен апартамент с една спалня, разположен в престижния квартал ""Изток"". Имотът се намира в тиха и зелена зона, с лесен достъп до...",262400.0,EUR,False,продава,двустаен,София, Изток,,ЮНИК ЕСТЕЙТС,,https://www.imoti.net/bg/obiava/prodava/sofia/sofija-iztok/dvustaen/5939908/?sid=gFM8jD&page=7,5.0,2025-01-21 18:02:37.219870,https://www.imoti.net/bg/obiavi/r/prodava/sofia/?page=1&sid=gFM8jD,imoti.net,393,2025-01-21,,,Цена на /м2/:3 200EUR, 82 м2,Етаж: 6 от 8
"продава Тристаен апартамент, 132 м2","New Estates предлага на вашето внимание луксозна сграда:Находящ се в една от най-хубавите части на столицата,ж.к.Редута,само на двадесетина минути пешеходно разстояние от центъра,района...",264000.0,EUR,False,продава,тристаен,София, Редута,,New Estates,,https://www.imoti.net/bg/obiava/prodava--v-stroej/sofia/reduta/tristaen/5764135/?sid=gFM8jD&page=7,4.0,2025-01-21 18:02:37.220321,https://www.imoti.net/bg/obiavi/r/prodava/sofia/?page=1&sid=gFM8jD,imoti.net,393,2025-01-21,,,Цена на /м2/:2 000EUR, 132 м2,Етаж: 2 от 8
"продава Тристаен апартамент, 106 м2","БЕЗ КОМИСИОН ОТ КУПУВАЧА!НОВ ПРОЕКТ!ИРИДА НЕДВИЖИМИ ИМОТИ Ви предлага за продажба тристаен апартамент, в новострояща се сграда в район Подуяне!...",266459.0,EUR,False,продава,тристаен,София, Подуене,,ИРИДА НЕДВИЖИМИ ИМОТИ,,https://www.imoti.net/bg/obiava/prodava--v-stroej/sofia/poduene/tristaen/5943602/?sid=gFM8jD&page=7,1.0,2025-01-21 18:02:37.220860,https://www.imoti.net/bg/obiavi/r/prodava/sofia/?page=1&sid=gFM8jD,imoti.net,393,2025-01-21,,,Цена на /м2/:2 514EUR, 106 м2,Етаж: 9 от 9
"продава Тристаен апартамент, 106 м2","ХОУМ ЛАЙТ Ви представя новострояща се жилищна сграда, която се намира на едно от най-комуникативните места в София!Централното, но същевременно тихо и спокойно местоположение на...",266495.0,EUR,False,продава,тристаен,София, Подуене,,ХОУМЛАЙТ,,https://www.imoti.net/bg/obiava/prodava--v-stroej/sofia/poduene/tristaen/5908668/?sid=gFM8jD&page=7,6.0,2025-01-21 18:02:37.221303,https://www.imoti.net/bg/obiavi/r/prodava/sofia/?page=1&sid=gFM8jD,imoti.net,393,2025-01-21,,,Цена на /м2/:2 514EUR, 106 м2,Етаж: 9 от 9
"продава Двустаен апартамент, 72 м2","Представяме просторен, обзаведен двустаен апартамент за продажба, в престижния кв. ""Изток"".ЛокацияИмотът се намира във вътрешно блоково пространство в близост до бул....",269000.0,EUR,False,продава,двустаен,София, Изток,,Luximmo Finest Estates,,https://www.imoti.net/bg/obiava/prodava--v-stroej/sofia/sofija-iztok/dvustaen/5982780/?sid=gFM8jD&page=7,11.0,2025-01-21 18:02:37.221804,https://www.imoti.net/bg/obiavi/r/prodava/sofia/?page=1&sid=gFM8jD,imoti.net,393,2025-01-21,,,Цена на /м2/:3 736EUR, 72 м2,Етаж:  от 8
"продава Тристаен апартамент, 90 м2","Агенция Релард Естейтс предлага обзаведен тристаен апартамент в тухлена сграда, предлагаща комфорт и стил в едно.Със своите две спални, всекидневна, кухня, баня с тоалетна,...",269000.0,EUR,False,продава,тристаен,София, Оборище,,Релард Естейтс,,https://www.imoti.net/bg/obiava/prodava/sofia/oborishte/tristaen/5966212/?sid=gFM8jD&page=7,8.0,2025-01-21 18:02:37.222235,https://www.imoti.net/bg/obiavi/r/prodava/sofia/?page=1&sid=gFM8jD,imoti.net,393,2025-01-21,,,Цена на /м2/:2 989EUR, 90 м2,Етаж: 2 от 6
"продава Тристаен апартамент, 68 м2","Титан Пропъртис има удоволствието да Ви представи тристаен апартамент в ж.к. Оборище. В близост са разположени спирки на градски транспорт, търговски обекти, детски ясли, детски градини, училища,...",270000.0,EUR,False,продава,тристаен,София, Оборище,,Титан Пропъртис,,https://www.imoti.net/bg/obiava/prodava/sofia/oborishte/tristaen/6022583/?sid=gFM8jD&page=7,11.0,2025-01-21 18:02:37.222674,https://www.imoti.net/bg/obiavi/r/prodava/sofia/?page=1&sid=gFM8jD,imoti.net,393,2025-01-21,,,Цена на /м2/:3 971EUR, 68 м2,Етаж: 5 от 6
"продава Тристаен апартамент, 105 м2","First Estates има огромното удоволствие да Ви представи най-новия луксозен жилищен комплекс, сгушен до парка Заимов в сърцето на града. Този изключителен проект предефинира градския живот, като...",271000.0,EUR,False,продава,тристаен,София, Оборище,,First Estates,,https://www.imoti.net/bg/obiava/prodava--v-stroej/sofia/oborishte/tristaen/5808436/?sid=gFM8jD&page=7,15.0,2025-01-21 18:02:37.223155,https://www.imoti.net/bg/obiavi/r/prodava/sofia/?page=1&sid=gFM8jD,imoti.net,393,2025-01-21,,,Цена на /м2/:2 581EUR, 105 м2,Етаж: 8 от 14
"продава Тристаен апартамент, 68 м2","Galiano Estates има удоволствието да ви представи дизайнерски тристаен апартамент, в непосредствена близост до бул. ""Христо Ботев"" и Петте кьошета. Имотът е ситуиран на 2-ри етаж /първи над...",274900.0,EUR,False,продава,тристаен,София, Редута,,Galiano Estates,,https://www.imoti.net/bg/obiava/prodava/sofia/reduta/tristaen/5996740/?sid=gFM8jD&page=7,10.0,2025-01-21 18:02:37.223626,https://www.imoti.net/bg/obiavi/r/prodava/sofia/?page=1&sid=gFM8jD,imoti.net,393,2025-01-21,,,Цена на /м2/:4 043EUR, 68 м2,Етаж: 2 от 6
"продава Тристаен апартамент, 136 м2",АКТ16!!!Явлена Изток продава тристаен апартамент в сграда разположена на границата между кварталите Дианабад и Студентски град. Локация на тиха и спокойна улица в непосредствена близост до...,278000.0,EUR,False,продава,тристаен,София, Дианабад,,Явлена Изток,,https://www.imoti.net/bg/obiava/prodava/sofia/dianabad/tristaen/5899776/?sid=gFM8jD&page=7,9.0,2025-01-21 18:02:37.224065,https://www.imoti.net/bg/obiavi/r/prodava/sofia/?page=1&sid=gFM8jD,imoti.net,393,2025-01-21,,,Цена на /м2/:2 044EUR, 136 м2,Етаж: 5 от 6
"продава Четиристаен апартамент, 140 м2","БЕЗ КОМИСИОН ОТ КУПУВАЧА!НОВ ПРОЕКТ!ИРИДА НЕДВИЖИМИ ИМОТИ Ви предлага за продажба четиристаен апартамент, в новострояща се сграда в район Подуяне!...",279960.0,EUR,False,продава,четиристаен,София, Подуене,,ИРИДА НЕДВИЖИМИ ИМОТИ,,https://www.imoti.net/bg/obiava/prodava--v-stroej/sofia/poduene/chetiristaen/5943603/?sid=gFM8jD&page=7,1.0,2025-01-21 18:02:37.224553,https://www.imoti.net/bg/obiavi/r/prodava/sofia/?page=1&sid=gFM8jD,imoti.net,393,2025-01-21,,,Цена на /м2/:2 000EUR, 140 м2,Етаж: 8 от 9
"продава Тристаен апартамент, 139 м2","ВАЛЕР' представя на Вашето вниманиеЕКСКЛУЗИВНА оферта :АКТ 16 от 2006 година по документ за соственост 132кв.м., чиста площ 105 кв.м и мазе 7 кв.м .  Тристаен апартамент с много добра локация в...",279999.0,EUR,False,продава,тристаен,София, Редута,,ВАЛЕР,,https://www.imoti.net/bg/obiava/prodava--v-stroej/sofia/reduta/tristaen/6019148/?sid=gFM8jD&page=7,9.0,2025-01-21 18:02:37.224984,https://www.imoti.net/bg/obiavi/r/prodava/sofia/?page=1&sid=gFM8jD,imoti.net,393,2025-01-21,,,Цена на /м2/:2 014EUR, 139 м2,Етаж: 5 от 6
"продава Тристаен апартамент, 85 м2",Unique Estates има удоволствието да Ви представи ексклузивно просторен апартамент за продажба в много комуникативен  и предпочитан район. Апартаментът разполага с две...,280000.0,EUR,False,продава,тристаен,София, Изток,,ЮНИК ЕСТЕЙТС,,https://www.imoti.net/bg/obiava/prodava/sofia/sofija-iztok/tristaen/5978798/?sid=gFM8jD&page=7,7.0,2025-01-21 18:02:37.225404,https://www.imoti.net/bg/obiavi/r/prodava/sofia/?page=1&sid=gFM8jD,imoti.net,393,2025-01-21,,,Цена на /м2/:3 294EUR, 85 м2,Етаж: 1 от 4
"продава Тристаен апартамент, 100 м2","РИКОМС НЕДВИЖИМИ ИМОТИ ПРОДАВА ТРИСТАЕН АПАРТАМЕНТ В: Квартал Оборище  ул.Оборище. Имотът може да бъде преустроен на четиристаен. Има много потенциал.РАЗПРЕДЕЛЕНИЕ: Коридор, две спални...",280000.0,EUR,False,продава,тристаен,София, Оборище,,Ри-Ком,,https://www.imoti.net/bg/obiava/prodava/sofia/oborishte/tristaen/6013650/?sid=gFM8jD&page=8,12.0,2025-01-21 18:02:40.403452,https://www.imoti.net/bg/obiavi/r/prodava/sofia/?page=1&sid=gFM8jD,imoti.net,393,2025-01-21,,,Цена на /м2/:2 800EUR, 100 м2,Етаж: 4 от 5
"продава Тристаен апартамент, 104 м2","БЕЗ КОМИСИОН ОТ КУПУВАЧА!!!ИРИДА НЕДВИЖИМИ ИМОТИ продава слънчев тристаен апартамент в новоизграждащ се затворен жилищен комплекс, с изключително висококачествено строителство от...",282975.0,EUR,False,продава,тристаен,София, Оборище,,ИРИДА НЕДВИЖИМИ ИМОТИ,,https://www.imoti.net/bg/obiava/prodava--v-stroej/sofia/oborishte/tristaen/5909426/?sid=gFM8jD&page=8,1.0,2025-01-21 18:02:40.404038,https://www.imoti.net/bg/obiavi/r/prodava/sofia/?page=1&sid=gFM8jD,imoti.net,393,2025-01-21,,,Цена на /м2/:2 721EUR, 104 м2,Етаж: 10 от 14
"продава Тристаен апартамент, 105 м2","First Estates има огромното удоволствие да Ви представи най-новия луксозен жилищен комплекс, сгушен до парка Заимов в сърцето на града. Този изключителен проект предефинира градския живот, като...",282975.0,EUR,False,продава,тристаен,София, Оборище,,First Estates,,https://www.imoti.net/bg/obiava/prodava--v-stroej/sofia/oborishte/tristaen/5869794/?sid=gFM8jD&page=8,15.0,2025-01-21 18:02:40.404542,https://www.imoti.net/bg/obiavi/r/prodava/sofia/?page=1&sid=gFM8jD,imoti.net,393,2025-01-21,,,Цена на /м2/:2 695EUR, 105 м2,Етаж: 10 от 14
"продава Тристаен апартамент, 105 м2","БЕЗ КОМИСИОН ОТ КУПУВАЧА!!!ИРИДА НЕДВИЖИМИ ИМОТИ продава слънчев тристаен апартамент в новоизграждащ се затворен жилищен комплекс, с изключително висококачествено строителство от...",288750.0,EUR,False,продава,тристаен,София, Оборище,,ИРИДА НЕДВИЖИМИ ИМОТИ,,https://www.imoti.net/bg/obiava/prodava--v-stroej/sofia/oborishte/tristaen/5909425/?sid=gFM8jD&page=8,1.0,2025-01-21 18:02:40.405065,https://www.imoti.net/bg/obiavi/r/prodava/sofia/?page=1&sid=gFM8jD,imoti.net,393,2025-01-21,,,Цена на /м2/:2 750EUR, 105 м2,Етаж: 11 от 14
"продава Тристаен апартамент, 87 м2",Продава се разкошен апартамент община ОборищеИдеален избор за инвестиция с висока възвръщаемост!Aко търсите висока доходност и стабилна възвръщаемост на вашата...,289000.0,EUR,False,продава,тристаен,София, Оборище,,ЕКС НВД,,https://www.imoti.net/bg/obiava/prodava/sofia/oborishte/tristaen/6005805/?sid=gFM8jD&page=8,11.0,2025-01-21 18:02:40.405505,https://www.imoti.net/bg/obiavi/r/prodava/sofia/?page=1&sid=gFM8jD,imoti.net,393,2025-01-21,,,Цена на /м2/:3 322EUR, 87 м2,Етаж: 3 от 3
"продава Тристаен апартамент, 87 м2",Продава се разкошен апартамент община ОборищеИдеален избор за инвестиция с висока възвръщаемост!Aко търсите висока доходност и стабилна възвръщаемост на вашата...,289000.0,EUR,False,продава,тристаен,София, Оборище,,ЕКС НВД,,https://www.imoti.net/bg/obiava/prodava/sofia/oborishte/tristaen/6005808/?sid=gFM8jD&page=8,11.0,2025-01-21 18:02:40.405960,https://www.imoti.net/bg/obiavi/r/prodava/sofia/?page=1&sid=gFM8jD,imoti.net,393,2025-01-21,,,Цена на /м2/:3 322EUR, 87 м2,Етаж: 3 от 3
"продава Тристаен апартамент, 115 м2","Ексклузивно представяме за продажба комфортен тристаен апартамент, в нов, модерен затворен комплекс в престижния квартал ""Оборище"", на метри от парк ""Заимов"".Имотът е разположен във...",290000.0,EUR,False,продава,тристаен,София, Оборище,,Luximmo Finest Estates,,https://www.imoti.net/bg/obiava/prodava--v-stroej/sofia/oborishte/tristaen/5984470/?sid=gFM8jD&page=8,5.0,2025-01-21 18:02:40.406441,https://www.imoti.net/bg/obiavi/r/prodava/sofia/?page=1&sid=gFM8jD,imoti.net,393,2025-01-21,,,Цена на /м2/:2 522EUR, 115 м2,Етаж:  от 11
"продава Тристаен апартамент, 81 м2",Компания `ЕКС` представя на Вашето внимание тристаен апартамент в един от най-аристократичните и предпочитани райони на гр. София- кв. Оборище.МЕСТОПОЛОЖЕНИЕ: В близост до спирка на...,295000.0,EUR,False,продава,тристаен,София, Оборище,,ЕКС НВД,,https://www.imoti.net/bg/obiava/prodava/sofia/oborishte/tristaen/5934689/?sid=gFM8jD&page=8,7.0,2025-01-21 18:02:40.406878,https://www.imoti.net/bg/obiavi/r/prodava/sofia/?page=1&sid=gFM8jD,imoti.net,393,2025-01-21,,,Цена на /м2/:3 642EUR, 81 м2,Етаж: 2 от 4
"продава Двустаен апартамент, 76 м2","НЕПРЕХОДЕН и ФУНКЦИОНАЛЕН ГОЛЯМ ДВУСТАЕН АПАРТАМЕНТ /възможност за ПРЕУСТРОЙСТВО в ТРИСТАЕН! в ЦЕНТЪР//кв. ОБОРИЩЕ, до ул. ОБОРИЩЕ на етаж 4НП/под тавани, БЕЗ асансьор, в тухлена сграда ЖСК от 1962...",295000.0,EUR,False,продава,двустаен,София, Оборище,,АЛДЕС ИМОТИ ЕООД,,https://www.imoti.net/bg/obiava/prodava/sofia/oborishte/dvustaen/5987276/?sid=gFM8jD&page=8,18.0,2025-01-21 18:02:40.407299,https://www.imoti.net/bg/obiavi/r/prodava/sofia/?page=1&sid=gFM8jD,imoti.net,393,2025-01-21,,,Цена на /м2/:3 882EUR, 76 м2,Етаж: 5 от 5
"продава Тристаен апартамент, 134 м2","iHOME REAL ESTATE предлага тристаен апартамент в сграда в близост до Парк 'Заимов' ,'бул. 'Мадрид  и ул. Черковна'.Апартамент 08 е с площ 134 кв.м. и застроена площ 105 кв.м. е...",299000.0,EUR,False,продава,тристаен,София, Оборище,,iHOME REAL ESTATE,,https://www.imoti.net/bg/obiava/prodava/sofia/oborishte/tristaen/5984927/?sid=gFM8jD&page=8,10.0,2025-01-21 18:02:40.407786,https://www.imoti.net/bg/obiavi/r/prodava/sofia/?page=1&sid=gFM8jD,imoti.net,393,2025-01-21,,,Цена на /м2/:2 231EUR, 134 м2,Етаж: 5 от 9
"продава Тристаен апартамент, 115 м2","ERA Младост представя просторен и светъл апартамент с потенциал да бъде преустроен в четиристаен, разположен на комуникативния бул. Мадрид. Имотът е със статут на апартамент и разполага с...",299000.0,EUR,False,продава,тристаен,София, Оборище,,ERA Младост,,https://www.imoti.net/bg/obiava/prodava/sofia/oborishte/tristaen/5957078/?sid=gFM8jD&page=8,11.0,2025-01-21 18:02:40.408204,https://www.imoti.net/bg/obiavi/r/prodava/sofia/?page=1&sid=gFM8jD,imoti.net,393,2025-01-21,,,Цена на /м2/:2 600EUR, 115 м2,Етаж:
"продава Четиристаен апартамент, 115 м2","ERA Младост представя просторен и светъл апартамент с потенциал да бъде преустроен в четиристаен, разположен на комуникативния бул. Мадрид. Имотът е със статут на апартамент и разполага с...",299000.0,EUR,False,продава,четиристаен,София, Оборище,,ERA Младост,,https://www.imoti.net/bg/obiava/prodava/sofia/oborishte/chetiristaen/5998811/?sid=gFM8jD&page=8,11.0,2025-01-21 18:02:40.408620,https://www.imoti.net/bg/obiavi/r/prodava/sofia/?page=1&sid=gFM8jD,imoti.net,393,2025-01-21,,,Цена на /м2/:2 600EUR, 115 м2,Етаж:
"продава Тристаен апартамент, 85 м2","Явлена - Изток продава класически тристаен апартамент, находящ се в гр. София, ж.к. Изток, ул. М.Юрий Гагарин. В близост се намират Борисова градина, транспортна спирка ""Х-л Плиска"", метростанция...",299800.0,EUR,False,продава,тристаен,София, Изток,,Явлена Изток,,https://www.imoti.net/bg/obiava/prodava/sofia/sofija-iztok/tristaen/5994713/?sid=gFM8jD&page=8,9.0,2025-01-21 18:02:40.409046,https://www.imoti.net/bg/obiavi/r/prodava/sofia/?page=1&sid=gFM8jD,imoti.net,393,2025-01-21,,,Цена на /м2/:3 527EUR, 85 м2,Етаж: 3 от 4
"продава Четиристаен апартамент, 109 м2","Представяме ви просторен апартамент за продажба, разположен на втория етаж в квартал Дианабад в София, на самата граница с престижния квартал Изток, близо до булевард Драган Цанков, само на 350...",299900.0,EUR,False,продава,четиристаен,София, Дианабад,,SUPRIMMO,,https://www.imoti.net/bg/obiava/prodava--v-stroej/sofia/dianabad/chetiristaen/5931785/?sid=gFM8jD&page=8,12.0,2025-01-21 18:02:40.409469,https://www.imoti.net/bg/obiavi/r/prodava/sofia/?page=1&sid=gFM8jD,imoti.net,393,2025-01-21,,,Цена на /м2/:2 751EUR, 109 м2,Етаж:  от 8
"продава Тристаен апартамент, 133 м2","iHOME REAL ESTATE представя тристаен апартамент до'бул. 'Мадрид и ул.Черковна'.БЕЗ КОМИСИОННА! Директно от инвеститор, с АКТ 16.Апартамент 08 е с обща площ от 134 кв. м....",299999.0,EUR,False,продава,тристаен,София, Подуене,,iHOME REAL ESTATE,,https://www.imoti.net/bg/obiava/prodava/sofia/poduene/tristaen/5982968/?sid=gFM8jD&page=8,15.0,2025-01-21 18:02:40.409959,https://www.imoti.net/bg/obiavi/r/prodava/sofia/?page=1&sid=gFM8jD,imoti.net,393,2025-01-21,,,Цена на /м2/:2 256EUR, 133 м2,Етаж: 5 от 9
"продава Тристаен апартамент, 161 м2","Galardo Real Estate ви представя прекрасен панорамен апартамент, разположен в нова сграда, в близост до от хотел Вега.Апартаментът е разположен на на 5-ти, последен етаж с просторни тераси-...",304000.0,EUR,False,продава,тристаен,София, Дианабад,,Galardo Real Estate,,https://www.imoti.net/bg/obiava/prodava/sofia/dianabad/tristaen/6012381/?sid=gFM8jD&page=8,15.0,2025-01-21 18:02:40.410430,https://www.imoti.net/bg/obiavi/r/prodava/sofia/?page=1&sid=gFM8jD,imoti.net,393,2025-01-21,,,Цена на /м2/:1 888EUR, 161 м2,Етаж: 5 от 5
"продава Тристаен апартамент, 209 м2",РА Младост предлага тристаен апартамент №501 на 5 етаж над магазини в малка  - 5 етажна сграда с 16 апартамента. Апартаментът е с изложение изток -запад-север - юг и следното разпределение: Дневна...,304000.0,EUR,False,продава,тристаен,София, Дианабад,,ERA Младост,,https://www.imoti.net/bg/obiava/prodava--v-stroej/sofia/dianabad/tristaen/5888247/?sid=gFM8jD&page=8,11.0,2025-01-21 18:02:40.410858,https://www.imoti.net/bg/obiavi/r/prodava/sofia/?page=1&sid=gFM8jD,imoti.net,393,2025-01-21,,,Цена на /м2/:1 455EUR, 209 м2,Етаж:
"продава Двустаен апартамент, 96 м2","Ексклузивно представяме за продажба двустаен апартамент в сграда S-Tower - нов проект с отличителен дизайн, висок клас на изпълнение, комуникативна локация и отлична възможност за инвестиция....",307400.0,EUR,False,продава,двустаен,София, Дианабад,,Luximmo Finest Estates,,https://www.imoti.net/bg/obiava/prodava--v-stroej/sofia/dianabad/dvustaen/6019453/?sid=gFM8jD&page=8,24.0,2025-01-21 18:02:40.411329,https://www.imoti.net/bg/obiavi/r/prodava/sofia/?page=1&sid=gFM8jD,imoti.net,393,2025-01-21,,,Цена на /м2/:3 202EUR, 96 м2,Етаж:  от 15
"продава Тристаен апартамент, 119 м2","Явлена-Изток представя тристаен апартамент в квартал Редута, на комуникативно място и добра локация. Пред акт 15.Апартамента е непреходен, със северозападно изложение, на партерен етаж с...",307800.0,EUR,False,продава,тристаен,София, Редута,,Явлена Изток,,https://www.imoti.net/bg/obiava/prodava/sofia/reduta/tristaen/5933313/?sid=gFM8jD&page=8,8.0,2025-01-21 18:02:40.411761,https://www.imoti.net/bg/obiavi/r/prodava/sofia/?page=1&sid=gFM8jD,imoti.net,393,2025-01-21,,,Цена на /м2/:2 587EUR, 119 м2,Етаж: 1 от 8
"продава Четиристаен апартамент, 148 м2","Явлена Изток продава мезонет с 3 отделни спални от надежден инвеститор и строител с много добра репутация, доказал се с последните 30г. в които строи.Етап - пред разрешение за строеж....",310950.0,EUR,False,продава,четиристаен,София, Редута,,Явлена Изток,,https://www.imoti.net/bg/obiava/prodava/sofia/reduta/chetiristaen/6018676/?sid=gFM8jD&page=8,6.0,2025-01-21 18:02:40.412195,https://www.imoti.net/bg/obiavi/r/prodava/sofia/?page=1&sid=gFM8jD,imoti.net,393,2025-01-21,,,Цена на /м2/:2 101EUR, 148 м2,Етаж: 6 от 6
"продава Тристаен апартамент, 63 м2","Unique Estates представя на Вашето внимание тих, светъл кокетен апартамент на метри от Докторска градина, Софийския Университет Св. Климент Охридски и Княжеска градина.",315000.0,EUR,False,продава,тристаен,София, Оборище,,ЮНИК ЕСТЕЙТС,,https://www.imoti.net/bg/obiava/prodava/sofia/oborishte/tristaen/6023063/?sid=gFM8jD&page=8,6.0,2025-01-21 18:02:40.412661,https://www.imoti.net/bg/obiavi/r/prodava/sofia/?page=1&sid=gFM8jD,imoti.net,393,2025-01-21,,,Цена на /м2/:5 000EUR, 63 м2,Етаж: 3 от 5
"продава Тристаен апартамент, 117 м2","Ексклузивно представяме за продажба комфортен тристаен апартамент №7.52 в сграда S-Tower - нов проект с отличителен дизайн, висок клас на изпълнение, комуникативна локация и отлична възможност за...",317620.0,EUR,False,продава,тристаен,София, Дианабад,,Luximmo Finest Estates,,https://www.imoti.net/bg/obiava/prodava--v-stroej/sofia/dianabad/tristaen/6017652/?sid=gFM8jD&page=8,25.0,2025-01-21 18:02:40.413138,https://www.imoti.net/bg/obiavi/r/prodava/sofia/?page=1&sid=gFM8jD,imoti.net,393,2025-01-21,,,Цена на /м2/:2 715EUR, 117 м2,Етаж:  от 15
"продава Тристаен апартамент, 104 м2",Революшън Естейт Ви представя уникален тристаен апартамент в бутиков затворен комплекс С АКТ 16 и луксозни общи части в ж.к. Дианабад.Комплексът е разположен в чудесната част на кв....,320000.0,EUR,False,продава,тристаен,София, Дианабад,,Революшън Сейлс,,https://www.imoti.net/bg/obiava/prodava/sofia/dianabad/tristaen/5984771/?sid=gFM8jD&page=8,11.0,2025-01-21 18:02:40.413564,https://www.imoti.net/bg/obiavi/r/prodava/sofia/?page=1&sid=gFM8jD,imoti.net,393,2025-01-21,,,Цена на /м2/:3 077EUR, 104 м2,Етаж: 2 от 8
"продава Двустаен апартамент, 88 м2",.  .  .  .  .  .  .  .  .  .  .  .  .  .  .  .  .  .  .  .  .  .  .  .  .  .  .  .  .  . ПРЕУСТРОЕН .  .  .  .  .  .  .  .  .  .  .  .  .  .  .  .  .  .  .  .  .  .  .  .  .  .  .  .  .  .В...,320000.0,EUR,False,продава,двустаен,София, Изгрев,,АРСЕНАЛ - недвижими имоти,,https://www.imoti.net/bg/obiava/prodava/sofia/sofija-izgrev/dvustaen/5988906/?sid=gFM8jD&page=8,10.0,2025-01-21 18:02:40.414003,https://www.imoti.net/bg/obiavi/r/prodava/sofia/?page=1&sid=gFM8jD,imoti.net,393,2025-01-21,,,Цена на /м2/:3 636EUR, 88 м2,Етаж: 2 от 17
"продава Четиристаен апартамент, 115 м2",".  .  .  .  .  .  .  .  .  .  .  ЩЕ .  .  .  .  .  .  .  .  .  .  .  .  .  .  .  .  .  .  .  .  . Ви предложим 'многофункционален' имот, ПОДХОДЯЩ както за жилище, така и за офис. Апартаментът се...",320000.0,EUR,False,продава,четиристаен,София, Изток,,АРСЕНАЛ - недвижими имоти,,https://www.imoti.net/bg/obiava/prodava/sofia/sofija-iztok/chetiristaen/5608324/?sid=gFM8jD&page=8,10.0,2025-01-21 18:02:40.414426,https://www.imoti.net/bg/obiavi/r/prodava/sofia/?page=1&sid=gFM8jD,imoti.net,393,2025-01-21,,,Цена на /м2/:2 783EUR, 115 м2,Етаж: 2 от 9
"продава Двустаен апартамент, 92 м2",Unique Estates предлага за продажба апартамент с една спалня в нова сграда на ул.Латинка в кв.Изгрев.Апртаментът разполага с голяма всекиднвна с трапезария от 30кв.м. и...,320000.0,EUR,False,продава,двустаен,София, Изгрев,,ЮНИК ЕСТЕЙТС,,https://www.imoti.net/bg/obiava/prodava--v-stroej/sofia/sofija-izgrev/dvustaen/5871546/?sid=gFM8jD&page=8,1.0,2025-01-21 18:02:40.414868,https://www.imoti.net/bg/obiavi/r/prodava/sofia/?page=1&sid=gFM8jD,imoti.net,393,2025-01-21,,,Цена на /м2/:3 478EUR, 92 м2,Етаж: 3 от 7
"продава Тристаен апартамент, 167 м2","БЕЗ КОМИСИОН ОТ КУПУВАЧА!НОВ ПРОЕКТ!ИРИДА НЕДВИЖИМИ ИМОТИ Ви предлага за продажба тристаен апартамент, в новострояща се сграда в район Подуяне!...",320371.0,EUR,False,продава,тристаен,София, Подуене,,ИРИДА НЕДВИЖИМИ ИМОТИ,,https://www.imoti.net/bg/obiava/prodava--v-stroej/sofia/poduene/tristaen/5943606/?sid=gFM8jD&page=8,1.0,2025-01-21 18:02:40.415358,https://www.imoti.net/bg/obiavi/r/prodava/sofia/?page=1&sid=gFM8jD,imoti.net,393,2025-01-21,,,Цена на /м2/:1 918EUR, 167 м2,Етаж: 6 от 9
"продава Четиристаен апартамент, 167 м2",КЛИЕНТИТЕ НА MARTIN'S СА ПО-ДОВОЛНИ! ПОПИТАЙ ЗАЩО!Предлагаме четиристаен апартамент с обща площ от 166.86 кв.м. в сграда ново строителство. Имотът е ситуиран на шести етаж в сграда с общо 9...,320373.0,EUR,False,продава,четиристаен,София, Суха Река,,MARTIN’S,,https://www.imoti.net/bg/obiava/prodava--v-stroej/sofia/suha-reka/chetiristaen/5970854/?sid=gFM8jD&page=8,3.0,2025-01-21 18:02:40.415796,https://www.imoti.net/bg/obiavi/r/prodava/sofia/?page=1&sid=gFM8jD,imoti.net,393,2025-01-21,,,Цена на /м2/:1 918EUR, 167 м2,Етаж: 6 от 9
"продава Мезонет, 193 м2",Предлагаме на вниманието Ви мезонет с разкошна панорамна гледка към планината Витоша в новострояща се бутикова сграда в кв. Редута. Сградата се намира на около 10-12 минути пешеходно разстояние от...,321588.0,EUR,False,продава,мезонет,София, Редута,,SUPRIMMO,,https://www.imoti.net/bg/obiava/prodava--v-stroej/sofia/reduta/mezonet/5914645/?sid=gFM8jD&page=8,12.0,2025-01-21 18:02:40.416219,https://www.imoti.net/bg/obiavi/r/prodava/sofia/?page=1&sid=gFM8jD,imoti.net,393,2025-01-21,,,Цена на /м2/:1 666EUR, 193 м2,Етаж:  от 6
"продава Тристаен апартамент, 100 м2","Титан Пропъртис - офис Черни връх , има удоволствието да Ви представи тристаен апартамент в кв.Редута - комуникативно място, в близост до спирки на градски транспорт,бъдеща метростанция, училище ,...",325000.0,EUR,False,продава,тристаен,София, Редута,,Титан пропъртис продажби,,https://www.imoti.net/bg/obiava/prodava/sofia/reduta/tristaen/5998766/?sid=gFM8jD&page=8,8.0,2025-01-21 18:02:40.416651,https://www.imoti.net/bg/obiavi/r/prodava/sofia/?page=1&sid=gFM8jD,imoti.net,393,2025-01-21,,,Цена на /м2/:3 250EUR, 100 м2,Етаж: 4 от 7
"продава Тристаен апартамент, 109 м2","Unique Estates представя на вашето внимание тристаен апартамент в един от най- желаните квартали в София, а именно кв. Редута. Районът е предпочитан поради близостта си с...",327000.0,EUR,False,продава,тристаен,София, Редута,,ЮНИК ЕСТЕЙТС,,https://www.imoti.net/bg/obiava/prodava/sofia/reduta/tristaen/5978799/?sid=gFM8jD&page=9,5.0,2025-01-21 18:02:43.315761,https://www.imoti.net/bg/obiavi/r/prodava/sofia/?page=1&sid=gFM8jD,imoti.net,393,2025-01-21,,,Цена на /м2/:3 000EUR, 109 м2,Етаж: 2 от 5
"продава Тристаен апартамент, 88 м2","Тристаен апартамент за продажба в новострояща се сграда на ул. Русалка.Жилището е със следното разпределение:Дневна зона с кухненски бокс – Просторна дневна зона, която...",327376.0,EUR,False,продава,тристаен,София, Оборище,,Luximmo Finest Estates,,https://www.imoti.net/bg/obiava/prodava--v-stroej/sofia/oborishte/tristaen/6008124/?sid=gFM8jD&page=9,7.0,2025-01-21 18:02:43.316317,https://www.imoti.net/bg/obiavi/r/prodava/sofia/?page=1&sid=gFM8jD,imoti.net,393,2025-01-21,,,Цена на /м2/:3 720EUR, 88 м2,Етаж:  от 7
"продава Тристаен апартамент, 96 м2","Представяме автентично, напълно обзаведено тристайно жилище от 1963г., с чиста площ от 96 кв.м. Жилището се намира на ул. Незабравка в столичния престижен кв. „Изток”, на първа линия до Борисова...",329000.0,EUR,False,продава,тристаен,София, Изток,,SUPRIMMO,,https://www.imoti.net/bg/obiava/prodava--v-stroej/sofia/sofija-iztok/tristaen/5905371/?sid=gFM8jD&page=9,13.0,2025-01-21 18:02:43.316770,https://www.imoti.net/bg/obiavi/r/prodava/sofia/?page=1&sid=gFM8jD,imoti.net,393,2025-01-21,,,Цена на /м2/:3 427EUR, 96 м2,Етаж:  от 10
"продава Двустаен апартамент, 91 м2","Революшън Естейт Ви представя двустаен ЮЖЕН апартамент в новострояща се сграда с АКТ 15 в ж.к. Изгрев.Сградата е локализирана в непосредствена близост до бул. Драган Цанков,...",329000.0,EUR,False,продава,двустаен,София, Изгрев,,Революшън Сейлс,,https://www.imoti.net/bg/obiava/prodava/sofia/sofija-izgrev/dvustaen/6012923/?sid=gFM8jD&page=9,4.0,2025-01-21 18:02:43.317207,https://www.imoti.net/bg/obiavi/r/prodava/sofia/?page=1&sid=gFM8jD,imoti.net,393,2025-01-21,,,Цена на /м2/:3 615EUR, 91 м2,Етаж: 3 от 5
"продава Тристаен апартамент, 112 м2",Просторен 3-стаен апартамент в непосредствена близост до Борисовата градина в кв. Изток. Сградата е от 70-те години със заключващ се вход и предстоящо саниране по програмата за енергийна...,330000.0,EUR,False,продава,тристаен,София, Изток,,Явлена София,,https://www.imoti.net/bg/obiava/prodava/sofia/sofija-iztok/tristaen/5907198/?sid=gFM8jD&page=9,19.0,2025-01-21 18:02:43.317699,https://www.imoti.net/bg/obiavi/r/prodava/sofia/?page=1&sid=gFM8jD,imoti.net,393,2025-01-21,,,Цена на /м2/:2 946EUR, 112 м2,Етаж: 6 от 7
"продава Четиристаен апартамент, 207 м2","БЕЗ КОМИСИОН ОТ КУПУВАЧА, ЦЕНА ДИРЕКТНО ОТ СТРОИТЕЛЯ!Четиристаен апартамент със застроена площ от 176.55 м2 (206,83 м2 с общите части). Разпределението е както следва: дневна с кухнески...",330928.0,EUR,False,продава,четиристаен,София, Подуене,,Имо Хоум,,https://www.imoti.net/bg/obiava/prodava--v-stroej/sofia/poduene/chetiristaen/6018600/?sid=gFM8jD&page=9,10.0,2025-01-21 18:02:43.318128,https://www.imoti.net/bg/obiavi/r/prodava/sofia/?page=1&sid=gFM8jD,imoti.net,393,2025-01-21,,,Цена на /м2/:1 599EUR, 207 м2,Етаж: 2 от 9
"продава Четиристаен апартамент, 207 м2","iHOME REAL ESTATE предлага голям 4-стаен апартамент в новострояща се сграда в близост до Парк ""Заимов"", бул. ""Мадрид” и ул. “Черковна"".Апартамент А02 е с площ 206,83 кв.м. на етаж 2 от 9....",330928.0,EUR,False,продава,четиристаен,София, Подуене,,iHOME REAL ESTATE,,https://www.imoti.net/bg/obiava/prodava--v-stroej/sofia/poduene/chetiristaen/5962030/?sid=gFM8jD&page=9,3.0,2025-01-21 18:02:43.318611,https://www.imoti.net/bg/obiavi/r/prodava/sofia/?page=1&sid=gFM8jD,imoti.net,393,2025-01-21,,,Цена на /м2/:1 599EUR, 207 м2,Етаж: 2 от 9
"продава Четиристаен апартамент, 207 м2","БЕЗ КОМИСИОН ОТ КУПУВАЧА!НОВ ПРОЕКТ!ИРИДА НЕДВИЖИМИ ИМОТИ Ви предлага за продажба четиристаен апартамент, в новострояща се сграда в район Подуяне!...",330928.0,EUR,False,продава,четиристаен,София, Подуене,,ИРИДА НЕДВИЖИМИ ИМОТИ,,https://www.imoti.net/bg/obiava/prodava--v-stroej/sofia/poduene/chetiristaen/5943601/?sid=gFM8jD&page=9,1.0,2025-01-21 18:02:43.319109,https://www.imoti.net/bg/obiavi/r/prodava/sofia/?page=1&sid=gFM8jD,imoti.net,393,2025-01-21,,,Цена на /м2/:1 599EUR, 207 м2,Етаж: 2 от 9
"продава Четиристаен апартамент, 166 м2","Ера Тера продава четиристаен апартамент Б22 с площ 166.86 кв.м., намиращ се шести жилищен етаж, състоящ се от: дневна, три спални, две бани с тоалетна, антре и балкон, както и прекрасна просторна...",333720.0,EUR,False,продава,четиристаен,София, Суха Река,,ERA TERA,,https://www.imoti.net/bg/obiava/prodava--v-stroej/sofia/suha-reka/chetiristaen/5724328/?sid=gFM8jD&page=9,2.0,2025-01-21 18:02:43.319529,https://www.imoti.net/bg/obiavi/r/prodava/sofia/?page=1&sid=gFM8jD,imoti.net,393,2025-01-21,,,Цена на /м2/:2 010EUR, 166 м2,Етаж:
"продава Тристаен апартамент, 90 м2","Коледна промоция!Просторен апартамент с открити гледки на бул. Евлоги Георгиев в близост до Военна Академия. Престижна и комуникативна локация. В близост са Докторската градина, Парка...",334900.0,EUR,False,продава,тристаен,София, Оборище,,Юпитер-8,,https://www.imoti.net/bg/obiava/prodava/sofia/oborishte/tristaen/5997137/?sid=gFM8jD&page=9,17.0,2025-01-21 18:02:43.319967,https://www.imoti.net/bg/obiavi/r/prodava/sofia/?page=1&sid=gFM8jD,imoti.net,393,2025-01-21,,,Цена на /м2/:3 721EUR, 90 м2,Етаж: 3 от 5
"продава Тристаен апартамент, 162 м2","БЕЗ КОМИСИОННА ОТ КУПУВАЧА! Galiano Estates има удоволствието да ви представи разкошен тристаен апартамент в затворен комплекс ""Teatralna Park Residence"" в кв. Оборище до парк ""Заимов"" и...",334950.0,EUR,False,продава,тристаен,София, Оборище,,Galiano Estates,,https://www.imoti.net/bg/obiava/prodava--v-stroej/sofia/oborishte/tristaen/5852951/?sid=gFM8jD&page=9,7.0,2025-01-21 18:02:43.320437,https://www.imoti.net/bg/obiavi/r/prodava/sofia/?page=1&sid=gFM8jD,imoti.net,393,2025-01-21,,,Цена на /м2/:2 068EUR, 162 м2,Етаж: 4 от 14
"продава Тристаен апартамент, 100 м2","Ексклузивно представяме автентично тристайно жилище от 80-те години, с обща площ 100 кв.м, за продажба в престижния столичен кв. ""Изток"".Местоположението на имота е на емблематичната...",335000.0,EUR,False,продава,тристаен,София, Изток,,Luximmo Finest Estates,,https://www.imoti.net/bg/obiava/prodava--v-stroej/sofia/sofija-iztok/tristaen/5716842/?sid=gFM8jD&page=9,5.0,2025-01-21 18:02:43.320928,https://www.imoti.net/bg/obiavi/r/prodava/sofia/?page=1&sid=gFM8jD,imoti.net,393,2025-01-21,,,Цена на /м2/:3 350EUR, 100 м2,Етаж:  от 14
"продава Тристаен апартамент, 82 м2","ЕРА Идеа има удоволствието да ви представи прекрасен тристаен апартамент за продажба в район "" Оборище "". Жилището се намира в кооперация от 1941г. на ул. "" Джовани Горини "", в близост до ул. ""...",335000.0,EUR,False,продава,тристаен,София, Оборище,,Ера Идеа,,https://www.imoti.net/bg/obiava/prodava/sofia/oborishte/tristaen/6014323/?sid=gFM8jD&page=9,13.0,2025-01-21 18:02:43.321346,https://www.imoti.net/bg/obiavi/r/prodava/sofia/?page=1&sid=gFM8jD,imoti.net,393,2025-01-21,,,Цена на /м2/:4 085EUR, 82 м2,Етаж:
"продава Тристаен апартамент, 86 м2","Представяме Ви тристаен апартамент за продажба в новострояща се сграда на ул. Русалка.Жилището се намира на пети етаж, площ от 86.31 м2 и е със следното разпределение:Дневна...",336609.0,EUR,False,продава,тристаен,София, Оборище,,Luximmo Finest Estates,,https://www.imoti.net/bg/obiava/prodava--v-stroej/sofia/oborishte/tristaen/6008108/?sid=gFM8jD&page=9,6.0,2025-01-21 18:02:43.321831,https://www.imoti.net/bg/obiavi/r/prodava/sofia/?page=1&sid=gFM8jD,imoti.net,393,2025-01-21,,,Цена на /м2/:3 914EUR, 86 м2,Етаж:  от 7
"продава Двустаен апартамент, 72 м2","ИРИДА НЕДВИЖИМИ ИМОТИ Ви предлага за продажба просторен  обзаведен апартамент със собствен стил и акцент по дизайнерски проект в близост до мол Сердика.Апартаментът е с площ 72 кв.м ,...",338400.0,EUR,False,продава,двустаен,София, Редута,,ИРИДА НЕДВИЖИМИ ИМОТИ,,https://www.imoti.net/bg/obiava/prodava--v-stroej/sofia/reduta/dvustaen/5926813/?sid=gFM8jD&page=9,12.0,2025-01-21 18:02:43.322304,https://www.imoti.net/bg/obiavi/r/prodava/sofia/?page=1&sid=gFM8jD,imoti.net,393,2025-01-21,,,Цена на /м2/:4 700EUR, 72 м2,Етаж: 3 от 6
"продава Двустаен апартамент, 90 м2","Коледна промоция!Просторен апартамент с открити гледки на бул. Евлоги Георгиев в близост до Военна Академия. Престижна и комуникативна локация. В близост са Докторската градина, Парка...",339900.0,EUR,False,продава,двустаен,София, Оборище,,Юпитер-8,,https://www.imoti.net/bg/obiava/prodava/sofia/oborishte/dvustaen/5999281/?sid=gFM8jD&page=9,4.0,2025-01-21 18:02:43.322742,https://www.imoti.net/bg/obiavi/r/prodava/sofia/?page=1&sid=gFM8jD,imoti.net,393,2025-01-21,,,Цена на /м2/:3 777EUR, 90 м2,Етаж: 3 от 5
"продава Тристаен апартамент, 130 м2","Представяме тристаен апартамент в чисто нова бутикова сграда с отлична локация в кв. „Сухата река“. В непосредствена близост се намира метростанция „Хаджи Димитър“, а популярният парк „Заимов“,...",340106.0,EUR,False,продава,тристаен,София, Суха Река,,Luximmo Finest Estates,,https://www.imoti.net/bg/obiava/prodava--v-stroej/sofia/suha-reka/tristaen/5829594/?sid=gFM8jD&page=9,5.0,2025-01-21 18:02:43.323213,https://www.imoti.net/bg/obiavi/r/prodava/sofia/?page=1&sid=gFM8jD,imoti.net,393,2025-01-21,,,Цена на /м2/:2 616EUR, 130 м2,Етаж:  от 10
"продава Тристаен апартамент, 144 м2","БЕЗ КОМИСИОН ОТ КУПУВАЧА!!!ИРИДА НЕДВИЖИМИ ИМОТИ продава слънчев тристаен апартамент в новоизграждащ се затворен жилищен комплекс, с изключително висококачествено строителство от...",340725.0,EUR,False,продава,тристаен,София, Оборище,,ИРИДА НЕДВИЖИМИ ИМОТИ,,https://www.imoti.net/bg/obiava/prodava--v-stroej/sofia/oborishte/tristaen/5909423/?sid=gFM8jD&page=9,1.0,2025-01-21 18:02:43.323704,https://www.imoti.net/bg/obiavi/r/prodava/sofia/?page=1&sid=gFM8jD,imoti.net,393,2025-01-21,,,Цена на /м2/:2 366EUR, 144 м2,Етаж: 7 от 14
"продава Тристаен апартамент, 136 м2","Galiano Estates Ви предлага тристаен апартамент в сграда с AKT16, която се намира в кв. Дианабад,Разпределението на помещенията е както следва: входно антре, всекидневна с трапезария и...",343271.0,EUR,False,продава,тристаен,София, Дианабад,,Galiano Estates,,https://www.imoti.net/bg/obiava/prodava/sofia/dianabad/tristaen/5955338/?sid=gFM8jD&page=9,3.0,2025-01-21 18:02:43.324182,https://www.imoti.net/bg/obiavi/r/prodava/sofia/?page=1&sid=gFM8jD,imoti.net,393,2025-01-21,,,Цена на /м2/:2 524EUR, 136 м2,Етаж: 2 от 9
"продава Тристаен апартамент, 148 м2","БЕЗ КОМИСИОН ОТ КУПУВАЧА!!!ИРИДА НЕДВИЖИМИ ИМОТИ продава слънчев тристаен апартамент в новоизграждащ се затворен жилищен комплекс, с изключително висококачествено строителство от...",346500.0,EUR,False,продава,тристаен,София, Оборище,,ИРИДА НЕДВИЖИМИ ИМОТИ,,https://www.imoti.net/bg/obiava/prodava--v-stroej/sofia/oborishte/tristaen/5909424/?sid=gFM8jD&page=9,1.0,2025-01-21 18:02:43.324672,https://www.imoti.net/bg/obiavi/r/prodava/sofia/?page=1&sid=gFM8jD,imoti.net,393,2025-01-21,,,Цена на /м2/:2 341EUR, 148 м2,Етаж: 7 от 14
"продава Тристаен апартамент, 124 м2",Компания `ЕКС` представя на Вашето внимание тристаен апартамент в един от най-предпочитаните райони на гр. София- кв. Оборище.МЕСТОПОЛОЖЕНИЕ: В близост до спирка на градски...,347228.0,EUR,False,продава,тристаен,София, Оборище,,ЕКС НВД,,https://www.imoti.net/bg/obiava/prodava/sofia/oborishte/tristaen/5989442/?sid=gFM8jD&page=9,1.0,2025-01-21 18:02:43.325111,https://www.imoti.net/bg/obiavi/r/prodava/sofia/?page=1&sid=gFM8jD,imoti.net,393,2025-01-21,,,Цена на /м2/:2 800EUR, 124 м2,Етаж: 3 от 7
"продава Двустаен апартамент, 84 м2","""RockIT Properties"" има удоволствието да Ви представи нов дизайнерски апартамент за продажба в престижна жилищна сграда от най-висок клас.Завършен по най-високите стандарти, този...",347687.0,EUR,False,продава,двустаен,София, Изгрев,,Рокит Пропъртис,,https://www.imoti.net/bg/obiava/prodava/sofia/sofija-izgrev/dvustaen/5881402/?sid=gFM8jD&page=9,10.0,2025-01-21 18:02:43.325539,https://www.imoti.net/bg/obiavi/r/prodava/sofia/?page=1&sid=gFM8jD,imoti.net,393,2025-01-21,,,Цена на /м2/:4 139EUR, 84 м2,Етаж: 15 от 16
"продава Двустаен апартамент, 84 м2",Galiano estates ви представя просторен и модерно обзаведен двустаен апартамент в престижна сграда в кв. 'Изгрев'. Сградата е с впечатляваща визия и луксозни общи части. Разположена е на метри от...,347687.0,EUR,False,продава,двустаен,София, Изгрев,,Galiano Estates,,https://www.imoti.net/bg/obiava/prodava/sofia/sofija-izgrev/dvustaen/5852926/?sid=gFM8jD&page=9,9.0,2025-01-21 18:02:43.326023,https://www.imoti.net/bg/obiavi/r/prodava/sofia/?page=1&sid=gFM8jD,imoti.net,393,2025-01-21,,,Цена на /м2/:4 139EUR, 84 м2,Етаж: 15 от 16
"продава Многостаен апартамент, 145 м2","ПРОСТОРЕН!!! ИМОТ С ПОТЕНЦИАЛ !!! В ТИХАТА ЧАСТ НА КВ.ИЗТОК!!! Явлена представя на Вашето внимание многостаен апартамент находящ се в един от най-предпочитаните квартали в столицата, а именно...",349000.0,EUR,False,продава,многостаен,София, Изток,,Явлена София,,https://www.imoti.net/bg/obiava/prodava/sofia/sofija-iztok/mnogostaen/6002209/?sid=gFM8jD&page=9,10.0,2025-01-21 18:02:43.326494,https://www.imoti.net/bg/obiavi/r/prodava/sofia/?page=1&sid=gFM8jD,imoti.net,393,2025-01-21,,,Цена на /м2/:2 407EUR, 145 м2,Етаж: 2 от 6
"продава Четиристаен апартамент, 114 м2","Представяме на Вашето внимание четиристаен апартамент за продажба в бутикова жилищна сграда в престижния столичен квартал “Оборище”.Разположен в живописното спокойствие на уединена улица,...",350000.0,EUR,False,продава,четиристаен,София, Оборище,,SUPRIMMO,,https://www.imoti.net/bg/obiava/prodava--v-stroej/sofia/oborishte/chetiristaen/5897035/?sid=gFM8jD&page=9,5.0,2025-01-21 18:02:43.326937,https://www.imoti.net/bg/obiavi/r/prodava/sofia/?page=1&sid=gFM8jD,imoti.net,393,2025-01-21,,,Цена на /м2/:3 070EUR, 114 м2,Етаж:  от 6
"продава Тристаен апартамент, 105 м2","БЕЗ КОМИСИОННА! Предлагаме тристаен апартамент в новостроящ се бутиков жилищен комплекс, близо до метростанция 'Театрална' и парк 'Заимов'. Имотът е на етаж 12 от 14 с обща площ 104.93 кв.м и чиста...",353430.0,EUR,False,продава,тристаен,София, Оборище,,Бг Брокер,,https://www.imoti.net/bg/obiava/prodava/sofia/oborishte/tristaen/5814591/?sid=gFM8jD&page=9,7.0,2025-01-21 18:02:43.327355,https://www.imoti.net/bg/obiavi/r/prodava/sofia/?page=1&sid=gFM8jD,imoti.net,393,2025-01-21,,,Цена на /м2/:3 366EUR, 105 м2,Етаж: 12 от 14
"продава Многостаен апартамент, 250 м2","Компания `ЕКС` представя на Вашето внимание мезонет в Оборище.МЕСТОПОЛОЖЕНИЕ: В близост до спирка на градски транспорт, детска градина, училище, магазини от всякакъв тип.",356000.0,EUR,False,продава,многостаен,София, Оборище,,ЕКС НВД,,https://www.imoti.net/bg/obiava/prodava/sofia/oborishte/mnogostaen/5794894/?sid=gFM8jD&page=9,6.0,2025-01-21 18:02:43.327795,https://www.imoti.net/bg/obiavi/r/prodava/sofia/?page=1&sid=gFM8jD,imoti.net,393,2025-01-21,,,Цена на /м2/:1 424EUR, 250 м2,Етаж: 4 от 5
"продава Тристаен апартамент, 128 м2",Компания `ЕКС` представя на Вашето внимание тристаен апартамент в един от най-предпочитаните райони на гр. София- кв. Оборище.МЕСТОПОЛОЖЕНИЕ: В близост до спирка на градски...,359072.0,EUR,False,продава,тристаен,София, Оборище,,ЕКС НВД,,https://www.imoti.net/bg/obiava/prodava/sofia/oborishte/tristaen/5989453/?sid=gFM8jD&page=9,1.0,2025-01-21 18:02:43.328219,https://www.imoti.net/bg/obiavi/r/prodava/sofia/?page=1&sid=gFM8jD,imoti.net,393,2025-01-21,,,Цена на /м2/:2 805EUR, 128 м2,Етаж: 2 от 7
"продава Четиристаен апартамент, 166 м2","Предоставяме на Вашето внимание тристаен апартамент, намиращ се в новострояща се, луксозна, жилищна сграда в идеалния център на град София, р-н Оборище. Местонахождението е в близост до...",363000.0,EUR,False,продава,четиристаен,София, Оборище,,ВЕЛСТРОЙ-3,,https://www.imoti.net/bg/obiava/prodava--v-stroej/sofia/oborishte/chetiristaen/6021504/?sid=gFM8jD&page=9,2.0,2025-01-21 18:02:43.328650,https://www.imoti.net/bg/obiavi/r/prodava/sofia/?page=1&sid=gFM8jD,imoti.net,393,2025-01-21,,,Цена на /м2/:2 187EUR, 166 м2,Етаж: 7 от 7
"продава Тристаен апартамент, 222 м2","БЕЗ КОМИСИОН ОТ КУПУВАЧА!Пред акт 16!ИРИДА НЕДВИЖИМИ ИМОТИ Ви предлага за продажба просторен, панорамен сам на етажа тристаен  апартамент в бутикова сграда  в...",364800.0,EUR,False,продава,тристаен,София, Дианабад,,ИРИДА НЕДВИЖИМИ ИМОТИ,,https://www.imoti.net/bg/obiava/prodava--v-stroej/sofia/dianabad/tristaen/5876339/?sid=gFM8jD&page=9,6.0,2025-01-21 18:02:43.329139,https://www.imoti.net/bg/obiavi/r/prodava/sofia/?page=1&sid=gFM8jD,imoti.net,393,2025-01-21,,,Цена на /м2/:1 643EUR, 222 м2,Етаж: 6 от 6
"продава Четиристаен апартамент, 166 м2","Пред Акт 14 - ноември 2024.Представяме просторен четиристаен апартамент в модерна, бутикова сграда ново строителство, в центъра на София.Сградата се строи в престижен...",365000.0,EUR,False,продава,четиристаен,София, Оборище,,Luximmo Finest Estates,,https://www.imoti.net/bg/obiava/prodava--v-stroej/sofia/oborishte/chetiristaen/5998565/?sid=gFM8jD&page=10,2.0,2025-01-21 18:02:46.544229,https://www.imoti.net/bg/obiavi/r/prodava/sofia/?page=1&sid=gFM8jD,imoti.net,393,2025-01-21,,,Цена на /м2/:2 199EUR, 166 м2,Етаж:  от 6
"продава Двустаен апартамент, 106 м2","Unique Estates представя на Вашето внимание двустаен апартамент за продажба в уникална по рода си сграда, съчетаваща модерна архитектура, първокласно качество на строителство и...",369200.0,EUR,False,продава,двустаен,София, Дианабад,,ЮНИК ЕСТЕЙТС,,https://www.imoti.net/bg/obiava/prodava--v-stroej/sofia/dianabad/dvustaen/5986061/?sid=gFM8jD&page=10,9.0,2025-01-21 18:02:46.544739,https://www.imoti.net/bg/obiavi/r/prodava/sofia/?page=1&sid=gFM8jD,imoti.net,393,2025-01-21,,,Цена на /м2/:3 483EUR, 106 м2,Етаж: 7 от 15
"продава Тристаен апартамент, 156 м2","New Estates има удоволствието да ви представи Teatralna Park Residence - един от най-престижните жилищни комплекси в центъра на София. Този отличителен проект се гордее със своя оригинален дизайн,...",369500.0,EUR,False,продава,тристаен,София, Оборище,,New Estates,,https://www.imoti.net/bg/obiava/prodava--v-stroej/sofia/oborishte/tristaen/5744023/?sid=gFM8jD&page=10,10.0,2025-01-21 18:02:46.545187,https://www.imoti.net/bg/obiavi/r/prodava/sofia/?page=1&sid=gFM8jD,imoti.net,393,2025-01-21,,,Цена на /м2/:2 369EUR, 156 м2,Етаж: 7 от 14
"продава Тристаен апартамент, 144 м2","Явлена-Изток представя тристаен апартамент в квартал Редута, на комуникативно място и добра локация. Пред акт 15. В близост до училище. Апартамента е непреходен, със северозападно изложение, на...",374800.0,EUR,False,продава,тристаен,София, Редута,,Явлена Изток,,https://www.imoti.net/bg/obiava/prodava/sofia/reduta/tristaen/5933314/?sid=gFM8jD&page=10,6.0,2025-01-21 18:02:46.545658,https://www.imoti.net/bg/obiavi/r/prodava/sofia/?page=1&sid=gFM8jD,imoti.net,393,2025-01-21,,,Цена на /м2/:2 603EUR, 144 м2,Етаж: 5 от 8
"продава Тристаен апартамент, 158 м2","ПРОСТОРЕН!!! С ТОПЛА ВРЪЗКА КЪМ ГАРАЖ !!! Явлена представя на Вашето внимание изключително ценен имот, находящ се в един от най-предпочитаните квартали в София- кв.Изток!Намира се на етаж 2, над...",379000.0,EUR,False,продава,тристаен,София, Изток,,Явлена София,,https://www.imoti.net/bg/obiava/prodava/sofia/sofija-iztok/tristaen/6000825/?sid=gFM8jD&page=10,8.0,2025-01-21 18:02:46.546189,https://www.imoti.net/bg/obiavi/r/prodava/sofia/?page=1&sid=gFM8jD,imoti.net,393,2025-01-21,,,Цена на /м2/:2 399EUR, 158 м2,Етаж: 2 от 6
"продава Четиристаен апартамент, 220 м2","'Макаса консулт' има удоволствието да Ви представи просторен, светъл и топъл мезонет в на границата на три от най-предпочитаните и бързо развиващите се източни квартали в нашата столица, а имено...",380000.0,EUR,False,продава,четиристаен,София, Дианабад,,Макаса Консулт,,https://www.imoti.net/bg/obiava/prodava--v-stroej/sofia/dianabad/chetiristaen/6019134/?sid=gFM8jD&page=10,17.0,2025-01-21 18:02:46.546666,https://www.imoti.net/bg/obiavi/r/prodava/sofia/?page=1&sid=gFM8jD,imoti.net,393,2025-01-21,,,Цена на /м2/:1 727EUR, 220 м2,Етаж: 1 от 5
"продава Тристаен апартамент, 62 м2",ЯВЛЕНА-ИЗТОК предлага ЕКСКЛУЗИВНО на вашето внимание двустаен апартамент с възможност за преустройство в ТРИСТАЕН в ТОП ЦЕНТЪРА на столицата на Докторски паметник на тиха и спокойна локация....,383160.0,EUR,False,продава,тристаен,София, Оборище,,Явлена Изток,,https://www.imoti.net/bg/obiava/prodava/sofia/oborishte/tristaen/5960393/?sid=gFM8jD&page=10,8.0,2025-01-21 18:02:46.547134,https://www.imoti.net/bg/obiavi/r/prodava/sofia/?page=1&sid=gFM8jD,imoti.net,393,2025-01-21,,,Цена на /м2/:6 180EUR, 62 м2,Етаж:  от 2
"продава Тристаен апартамент, 124 м2","Unique Estates има удоволствието да ви представи прекрасен тристаен апартамент за продажба в модерна, бутикова сграда от ново поколение, сертифицирана с престижния сертификат...",383470.0,EUR,False,продава,тристаен,София, Изгрев,,ЮНИК ЕСТЕЙТС,,https://www.imoti.net/bg/obiava/prodava--v-stroej/sofia/sofija-izgrev/tristaen/5812662/?sid=gFM8jD&page=10,11.0,2025-01-21 18:02:46.547646,https://www.imoti.net/bg/obiavi/r/prodava/sofia/?page=1&sid=gFM8jD,imoti.net,393,2025-01-21,,,Цена на /м2/:3 093EUR, 124 м2,Етаж: 3 от 8
"продава Тристаен апартамент, 121 м2","Напълно обзаведен тристаен апартамент в затворен комплекс. Комплексът разполага с 24-часов контрол на достъпа, охрана, безплатен външен паркинг. Разпределение: просторен хол с кухненски бокс,...",390000.0,EUR,False,продава,тристаен,София, Изток,,Глобъл Сървисиз,,https://www.imoti.net/bg/obiava/prodava--v-stroej/sofia/sofija-iztok/tristaen/5970737/?sid=gFM8jD&page=10,26.0,2025-01-21 18:02:46.548087,https://www.imoti.net/bg/obiavi/r/prodava/sofia/?page=1&sid=gFM8jD,imoti.net,393,2025-01-21,,,Цена на /м2/:3 223EUR, 121 м2,Етаж: 6 от 7
"продава Четиристаен апартамент, 176 м2","БЕЗ КОМИСИОН ОТ КУПУВАЧА!!!ИРИДА НЕДВИЖИМИ ИМОТИ продава слънчев четиристаен апартамент в новоизграждащ се затворен жилищен комплекс, с изключително висококачествено строителство от...",392700.0,EUR,False,продава,четиристаен,София, Оборище,,ИРИДА НЕДВИЖИМИ ИМОТИ,,https://www.imoti.net/bg/obiava/prodava--v-stroej/sofia/oborishte/chetiristaen/5909982/?sid=gFM8jD&page=10,1.0,2025-01-21 18:02:46.548587,https://www.imoti.net/bg/obiavi/r/prodava/sofia/?page=1&sid=gFM8jD,imoti.net,393,2025-01-21,,,Цена на /м2/:2 231EUR, 176 м2,Етаж: 3 от 14
"продава Тристаен апартамент, 107 м2","LUXIMMO представя ексклузивно на вашето внимание просторен и светъл, изцяло обзаведен тристаен апартамент със застроена площ от 107кв.м. (РЗП 94,00кв.м.), разположен в затворения комплекс със...",395000.0,EUR,False,продава,тристаен,София, Изток,,Luximmo Finest Estates,,https://www.imoti.net/bg/obiava/prodava--v-stroej/sofia/sofija-iztok/tristaen/5908412/?sid=gFM8jD&page=10,8.0,2025-01-21 18:02:46.549090,https://www.imoti.net/bg/obiavi/r/prodava/sofia/?page=1&sid=gFM8jD,imoti.net,393,2025-01-21,,,Цена на /м2/:3 692EUR, 107 м2,Етаж:  от 6
"продава Четиристаен апартамент, 190 м2","First Estates има огромното удоволствие да Ви представи най-новия луксозен жилищен комплекс, сгушен до парка Заимов в сърцето на града. Този изключителен проект предефинира градския живот, като...",398475.0,EUR,False,продава,четиристаен,София, Оборище,,First Estates,,https://www.imoti.net/bg/obiava/prodava--v-stroej/sofia/oborishte/chetiristaen/5808437/?sid=gFM8jD&page=10,17.0,2025-01-21 18:02:46.549585,https://www.imoti.net/bg/obiavi/r/prodava/sofia/?page=1&sid=gFM8jD,imoti.net,393,2025-01-21,,,Цена на /м2/:2 097EUR, 190 м2,Етаж: 3 от 14
"продава Четиристаен апартамент, 190 м2","БЕЗ КОМИСИОН ОТ КУПУВАЧА!!!ИРИДА НЕДВИЖИМИ ИМОТИ продава слънчев четиристаен апартамент в новоизграждащ се затворен жилищен комплекс, с изключително висококачествено строителство от...",398475.0,EUR,False,продава,четиристаен,София, Оборище,,ИРИДА НЕДВИЖИМИ ИМОТИ,,https://www.imoti.net/bg/obiava/prodava--v-stroej/sofia/oborishte/chetiristaen/5909978/?sid=gFM8jD&page=10,1.0,2025-01-21 18:02:46.550094,https://www.imoti.net/bg/obiavi/r/prodava/sofia/?page=1&sid=gFM8jD,imoti.net,393,2025-01-21,,,Цена на /м2/:2 097EUR, 190 м2,Етаж: 3 от 14
"продава Многостаен апартамент, 147 м2","Многостаен апартамент на три нива с обща застроена площ от 147,20 кв. м. състоящ се на първо ниво от дневна и трапезария,кухня, тераса, спалня, баня и тоалетна. Второ ниво: спалня, тераса, баня с...",400000.0,EUR,False,продава,многостаен,София, Оборище,,АДРЕС Недвижими имоти АД,,https://www.imoti.net/bg/obiava/prodava/sofia/oborishte/mnogostaen/6013993/?sid=gFM8jD&page=10,11.0,2025-01-21 18:02:46.550533,https://www.imoti.net/bg/obiavi/r/prodava/sofia/?page=1&sid=gFM8jD,imoti.net,393,2025-01-21,,,Цена на /м2/:2 721EUR, 147 м2,Етаж: 5 от 6
"продава Мезонет, 165 м2","Представяме Ви за продажба луксозно завършен и напълно обзаведен тристаен апартамент, разположен в нова бутикова сграда на тиха улица в престижния квартал Изток. Сградата, с акт 16 от началото на...",400000.0,EUR,False,продава,мезонет,София, Изток,,Luximmo Finest Estates,,https://www.imoti.net/bg/obiava/prodava--v-stroej/sofia/sofija-iztok/mezonet/5911933/?sid=gFM8jD&page=10,13.0,2025-01-21 18:02:46.551037,https://www.imoti.net/bg/obiavi/r/prodava/sofia/?page=1&sid=gFM8jD,imoti.net,393,2025-01-21,,,Цена на /м2/:2 424EUR, 165 м2,Етаж:  от 6
"продава Тристаен апартамент, 145 м2","БЕЗ КОМИСИОН ОТ КУПУВАЧА!!!ИРИДА НЕДВИЖИМИ ИМОТИ продава слънчев тристаен апартамент в новоизграждащ се затворен жилищен комплекс, с изключително висококачествено строителство от...",404250.0,EUR,False,продава,тристаен,София, Оборище,,ИРИДА НЕДВИЖИМИ ИМОТИ,,https://www.imoti.net/bg/obiava/prodava--v-stroej/sofia/oborishte/tristaen/5909421/?sid=gFM8jD&page=10,1.0,2025-01-21 18:02:46.551536,https://www.imoti.net/bg/obiavi/r/prodava/sofia/?page=1&sid=gFM8jD,imoti.net,393,2025-01-21,,,Цена на /м2/:2 788EUR, 145 м2,Етаж: 9 от 14
"продава Четиристаен апартамент, 84 м2",Ексклузивно!Слънчев и панорамен апартамент на любимата за столичани локация - Докторска градина. Жилището е ситуирано на втора линия от ъгъла на ул. Сан Стефано и Цар Освободител....,417000.0,EUR,False,продава,четиристаен,София, Оборище,,Явлена Южен Парк,,https://www.imoti.net/bg/obiava/prodava/sofia/oborishte/chetiristaen/6017613/?sid=gFM8jD&page=10,18.0,2025-01-21 18:02:46.551991,https://www.imoti.net/bg/obiavi/r/prodava/sofia/?page=1&sid=gFM8jD,imoti.net,393,2025-01-21,,,Цена на /м2/:4 964EUR, 84 м2,Етаж: 5 от 6
"продава Четиристаен апартамент, 140 м2","Агенция Явлена продава: в гр.София,  Докторски паметник/район Оборище – четиристаен апартамент, в триетажна жилищна сграда.Локация: на 5 минути пешеходно разстояние от Центъра на София/...",420000.0,EUR,False,продава,четиристаен,София, Оборище,,Явлена Изток,,https://www.imoti.net/bg/obiava/prodava/sofia/oborishte/chetiristaen/5887759/?sid=gFM8jD&page=10,14.0,2025-01-21 18:02:46.552433,https://www.imoti.net/bg/obiavi/r/prodava/sofia/?page=1&sid=gFM8jD,imoti.net,393,2025-01-21,,,Цена на /м2/:3 000EUR, 140 м2,Етаж: 3 от 3
"продава Двустаен апартамент, 120 м2",Unique Estates представя на Вашето внимание изключително светъл и просторен апартамент намиращ се в многофункционална сграда разположена в атрактивна зона в...,420000.0,EUR,False,продава,двустаен,София, Дианабад,,ЮНИК ЕСТЕЙТС,,https://www.imoti.net/bg/obiava/prodava--v-stroej/sofia/dianabad/dvustaen/6021802/?sid=gFM8jD&page=10,9.0,2025-01-21 18:02:46.552872,https://www.imoti.net/bg/obiavi/r/prodava/sofia/?page=1&sid=gFM8jD,imoti.net,393,2025-01-21,,,Цена на /м2/:3 500EUR, 120 м2,Етаж: 7 от 17
"продава Двустаен апартамент, 92 м2","Ексклузивно представяме прекрасен двустаен апартамент за продажба, в реномирания квартал ""Изгрев"" в столицата.Топ локацияРайонът е един от най-желаните в София, с...",420000.0,EUR,False,продава,двустаен,София, Изгрев,,Luximmo Finest Estates,,https://www.imoti.net/bg/obiava/prodava--v-stroej/sofia/sofija-izgrev/dvustaen/5944824/?sid=gFM8jD&page=10,17.0,2025-01-21 18:02:46.553357,https://www.imoti.net/bg/obiavi/r/prodava/sofia/?page=1&sid=gFM8jD,imoti.net,393,2025-01-21,,,Цена на /м2/:4 565EUR, 92 м2,Етаж:  от 6
"продава Тристаен апартамент, 145 м2","БЕЗ КОМИСИОН ОТ КУПУВАЧА!!!ИРИДА НЕДВИЖИМИ ИМОТИ продава слънчев тристаен апартамент в новоизграждащ се затворен жилищен комплекс, с изключително висококачествено строителство от...",421575.0,EUR,False,продава,тристаен,София, Оборище,,ИРИДА НЕДВИЖИМИ ИМОТИ,,https://www.imoti.net/bg/obiava/prodava--v-stroej/sofia/oborishte/tristaen/5909422/?sid=gFM8jD&page=10,1.0,2025-01-21 18:02:46.553844,https://www.imoti.net/bg/obiavi/r/prodava/sofia/?page=1&sid=gFM8jD,imoti.net,393,2025-01-21,,,Цена на /м2/:2 907EUR, 145 м2,Етаж: 10 от 14
"продава Тристаен апартамент, 169 м2","Ексклузивно представяме за продажба просторен тристаен апартамент №4.24 в сграда S-Tower - нов проект с отличителен дизайн, висок клас на изпълнение, комуникативна локация и отлична възможност за...",423083.0,EUR,False,продава,тристаен,София, Дианабад,,Luximmo Finest Estates,,https://www.imoti.net/bg/obiava/prodava--v-stroej/sofia/dianabad/tristaen/6018717/?sid=gFM8jD&page=10,24.0,2025-01-21 18:02:46.554311,https://www.imoti.net/bg/obiavi/r/prodava/sofia/?page=1&sid=gFM8jD,imoti.net,393,2025-01-21,,,Цена на /м2/:2 503EUR, 169 м2,Етаж:  от 15
"продава Тристаен апартамент, 147 м2","Апартаментът се състои от 2 спални- към едната от спалните има прилежаща баня с WC; дневна с трапезария и кухненски бокс- над 40 м², 2 бани с WC; входно антре със складово...",425640.0,EUR,False,продава,тристаен,София, Оборище,,АДРЕС Недвижими имоти АД,,https://www.imoti.net/bg/obiava/prodava/sofia/oborishte/tristaen/6012511/?sid=gFM8jD&page=10,8.0,2025-01-21 18:02:46.554740,https://www.imoti.net/bg/obiavi/r/prodava/sofia/?page=1&sid=gFM8jD,imoti.net,393,2025-01-21,,,Цена на /м2/:2 896EUR, 147 м2,Етаж: 4 от 14
"продава Тристаен апартамент, 147 м2","Апартаментът се състои от 2 спални- към едната от спалните има прилежаща баня с WC; дневна с трапезария и кухненски бокс- над 40 м², 2 бани с WC; входно антре със складово...",426635.0,EUR,False,продава,тристаен,София, Оборище,,АДРЕС Недвижими имоти АД,,https://www.imoti.net/bg/obiava/prodava/sofia/oborishte/tristaen/6012512/?sid=gFM8jD&page=10,8.0,2025-01-21 18:02:46.555157,https://www.imoti.net/bg/obiavi/r/prodava/sofia/?page=1&sid=gFM8jD,imoti.net,393,2025-01-21,,,Цена на /м2/:2 902EUR, 147 м2,Етаж: 3 от 14
"продава Тристаен апартамент, 140 м2","БЕЗ КОМИСИОН ОТ КУПУВАЧА!!!ИРИДА НЕДВИЖИМИ ИМОТИ продава слънчев тристаен апартамент в новоизграждащ се затворен жилищен комплекс, с изключително висококачествено строителство от...",427350.0,EUR,False,продава,тристаен,София, Оборище,,ИРИДА НЕДВИЖИМИ ИМОТИ,,https://www.imoti.net/bg/obiava/prodava--v-stroej/sofia/oborishte/tristaen/5909419/?sid=gFM8jD&page=10,1.0,2025-01-21 18:02:46.555629,https://www.imoti.net/bg/obiavi/r/prodava/sofia/?page=1&sid=gFM8jD,imoti.net,393,2025-01-21,,,Цена на /м2/:3 053EUR, 140 м2,Етаж: 12 от 14
"продава Тристаен апартамент, 125 м2","New Estates има удоволствието да ви представи Teatralna Park Residence - един от най-престижните жилищни комплекси в центъра на София. Този отличителен проект се гордее със своя оригинален дизайн,...",429000.0,EUR,False,продава,тристаен,София, Оборище,,New Estates,,https://www.imoti.net/bg/obiava/prodava--v-stroej/sofia/oborishte/tristaen/5744026/?sid=gFM8jD&page=10,10.0,2025-01-21 18:02:46.556062,https://www.imoti.net/bg/obiavi/r/prodava/sofia/?page=1&sid=gFM8jD,imoti.net,393,2025-01-21,,,Цена на /м2/:3 432EUR, 125 м2,Етаж: 12 от 14
"продава Четиристаен апартамент, 165 м2","Четиристаен прекрасен апартамент със статут на ателие, обзаведен, в представителна кооперация на комуникативно място /до Национална Следствена Служба и болница София Мед/. Апартаментът е с жилищна...",430000.0,EUR,False,продава,четиристаен,София, Изток,,Глобъл Сървисиз,,https://www.imoti.net/bg/obiava/prodava--v-stroej/sofia/sofija-iztok/chetiristaen/5642836/?sid=gFM8jD&page=10,14.0,2025-01-21 18:02:46.556481,https://www.imoti.net/bg/obiavi/r/prodava/sofia/?page=1&sid=gFM8jD,imoti.net,393,2025-01-21,,,Цена на /м2/:2 606EUR, 165 м2,Етаж: 7 от 7
"продава Тристаен апартамент, 166 м2","Явлена-Изток представя тристаен апартамент в квартал Редута, на комуникативно място и добра локация. Пред акт 15. Апартамента е непреходен, със северозападно изложение, на четвърти етаж. Голяма...",431500.0,EUR,False,продава,тристаен,София, Редута,,Явлена Изток,,https://www.imoti.net/bg/obiava/prodava/sofia/reduta/tristaen/5933315/?sid=gFM8jD&page=10,6.0,2025-01-21 18:02:46.556910,https://www.imoti.net/bg/obiavi/r/prodava/sofia/?page=1&sid=gFM8jD,imoti.net,393,2025-01-21,,,Цена на /м2/:2 599EUR, 166 м2,Етаж: 4 от 8
"продава Тристаен апартамент, 140 м2","БЕЗ КОМИСИОН ОТ КУПУВАЧА!!!ИРИДА НЕДВИЖИМИ ИМОТИ продава слънчев тристаен апартамент в новоизграждащ се затворен жилищен комплекс, с изключително висококачествено строителство от...",438900.0,EUR,False,продава,тристаен,София, Оборище,,ИРИДА НЕДВИЖИМИ ИМОТИ,,https://www.imoti.net/bg/obiava/prodava--v-stroej/sofia/oborishte/tristaen/5909420/?sid=gFM8jD&page=10,1.0,2025-01-21 18:02:46.557392,https://www.imoti.net/bg/obiavi/r/prodava/sofia/?page=1&sid=gFM8jD,imoti.net,393,2025-01-21,,,Цена на /м2/:3 135EUR, 140 м2,Етаж: 13 от 14
"продава Тристаен апартамент, 118 м2","Продава се тристаен апартамент в близост до кръстовището на ул.Оборище и  ул.ЧерковнаРазпределение: просторна дневна, две отделни спални , самостоятелна кухня , баня с тоалетна,...",440000.0,EUR,False,продава,тристаен,София, Оборище,,Глобъл Сървисиз,,https://www.imoti.net/bg/obiava/prodava/sofia/oborishte/tristaen/5853894/?sid=gFM8jD&page=10,15.0,2025-01-21 18:02:46.557849,https://www.imoti.net/bg/obiavi/r/prodava/sofia/?page=1&sid=gFM8jD,imoti.net,393,2025-01-21,,,Цена на /м2/:3 729EUR, 118 м2,Етаж: 4 от 7
"продава Тристаен апартамент, 157 м2","Апартаментът се състои от 2 спални- към едната от спалните има прилежаща баня с WC; дневна с трапезария и кухненски бокс -42,00м², 2 бани с WC; входно антре със складово...",440298.0,EUR,False,продава,тристаен,София, Оборище,,АДРЕС Недвижими имоти АД,,https://www.imoti.net/bg/obiava/prodava/sofia/oborishte/tristaen/6012513/?sid=gFM8jD&page=11,8.0,2025-01-21 18:02:49.868730,https://www.imoti.net/bg/obiavi/r/prodava/sofia/?page=1&sid=gFM8jD,imoti.net,393,2025-01-21,,,Цена на /м2/:2 804EUR, 157 м2,Етаж: 3 от 14
"продава Тристаен апартамент, 200 м2","Тристайният апартамент, който представяме за продажба е част от нова бурикова сграда в кв.""Оборище"". Имотът е подходящ за лично позване или отадване под наем като жилище или офис пространство....",450000.0,EUR,False,продава,тристаен,София, Оборище,,SUPRIMMO,,https://www.imoti.net/bg/obiava/prodava--v-stroej/sofia/oborishte/tristaen/5868552/?sid=gFM8jD&page=11,7.0,2025-01-21 18:02:49.869280,https://www.imoti.net/bg/obiavi/r/prodava/sofia/?page=1&sid=gFM8jD,imoti.net,393,2025-01-21,,,Цена на /м2/:2 250EUR, 200 м2,Етаж:  от 5
"продава Многостаен апартамент, 152 м2","Апартамент на две нива с обща застроена площ 152,60 кв.м., състоящ се на първо ниво от дневна,трапезария, коридор, кухня, тераса и баня, при обща площ на това първо ниво от 74,80 кв.м.,...",450000.0,EUR,False,продава,многостаен,София, Оборище,,АДРЕС Недвижими имоти АД,,https://www.imoti.net/bg/obiava/prodava/sofia/oborishte/mnogostaen/6013994/?sid=gFM8jD&page=11,17.0,2025-01-21 18:02:49.869814,https://www.imoti.net/bg/obiavi/r/prodava/sofia/?page=1&sid=gFM8jD,imoti.net,393,2025-01-21,,,Цена на /м2/:2 961EUR, 152 м2,Етаж:
"продава Четиристаен апартамент, 138 м2","Предлагаме за продажба напълно обзаведен многостаен апартамент в кв. Редута, на ул. „Стоил Войвода”. Районът е богато озеленен и осигурява спокойна и приятна жилищна атмосфера, същевременно...",450000.0,EUR,False,продава,четиристаен,София, Редута,,SUPRIMMO,,https://www.imoti.net/bg/obiava/prodava--v-stroej/sofia/reduta/chetiristaen/6005642/?sid=gFM8jD&page=11,15.0,2025-01-21 18:02:49.870331,https://www.imoti.net/bg/obiavi/r/prodava/sofia/?page=1&sid=gFM8jD,imoti.net,393,2025-01-21,,,Цена на /м2/:3 261EUR, 138 м2,Етаж:  от 4
"продава Тристаен апартамент, 140 м2","Unique Estates представя на Вашето внимание слънчев апартамент за продажба, намиращ се в район Оборище. Имотът е изключително просторен с отлично...",450000.0,EUR,False,продава,тристаен,София, Оборище,,ЮНИК ЕСТЕЙТС,,https://www.imoti.net/bg/obiava/prodava/sofia/oborishte/tristaen/5876985/?sid=gFM8jD&page=11,6.0,2025-01-21 18:02:49.870860,https://www.imoti.net/bg/obiavi/r/prodava/sofia/?page=1&sid=gFM8jD,imoti.net,393,2025-01-21,,,Цена на /м2/:3 214EUR, 140 м2,Етаж: 6 от 9
"продава Четиристаен апартамент, 199 м2","БЕЗ КОМИСИОН ОТ КУПУВАЧА!!!ИРИДА НЕДВИЖИМИ ИМОТИ продава слънчев четиристаен апартамент в новоизграждащ се затворен жилищен комплекс, с изключително висококачествено строителство от...",450450.0,EUR,False,продава,четиристаен,София, Оборище,,ИРИДА НЕДВИЖИМИ ИМОТИ,,https://www.imoti.net/bg/obiava/prodava--v-stroej/sofia/oborishte/chetiristaen/5909981/?sid=gFM8jD&page=11,1.0,2025-01-21 18:02:49.871457,https://www.imoti.net/bg/obiavi/r/prodava/sofia/?page=1&sid=gFM8jD,imoti.net,393,2025-01-21,,,Цена на /м2/:2 264EUR, 199 м2,Етаж: 9 от 14
"продава Четиристаен апартамент, 157 м2","БЕЗ КОМИСИОННА ОТ КУПУВАЧА! Galiano Estates има удоволствието да ви представи уникален четиристаен апартамент в затворен комплекс ""Teatralna Park Residence"" в кв. Оборище до парк ""Заимов"" и...",451000.0,EUR,False,продава,четиристаен,София, Оборище,,Galiano Estates,,https://www.imoti.net/bg/obiava/prodava--v-stroej/sofia/oborishte/chetiristaen/5852954/?sid=gFM8jD&page=11,6.0,2025-01-21 18:02:49.872053,https://www.imoti.net/bg/obiavi/r/prodava/sofia/?page=1&sid=gFM8jD,imoti.net,393,2025-01-21,,,Цена на /м2/:2 873EUR, 157 м2,Етаж: 2 от 12
"продава Двустаен апартамент, 168 м2","Фърст Естейтс има удоволствието да Ви представи отлично завършен луксозен пентхаус в Голф Резорт в сърцето на Европа.Тези жилищни имоти идеално се вписват в идеята за инвестиционен имот,...",452900.0,EUR,False,продава,двустаен,София, Оборище,,First Estates,,https://www.imoti.net/bg/obiava/prodava/sofia/oborishte/dvustaen/5958485/?sid=gFM8jD&page=11,12.0,2025-01-21 18:02:49.872646,https://www.imoti.net/bg/obiavi/r/prodava/sofia/?page=1&sid=gFM8jD,imoti.net,393,2025-01-21,,,Цена на /м2/:2 696EUR, 168 м2,Етаж: 0 от 2
"продава Мезонет, 266 м2",".  .  .  .  .  .  .  .  .  .  .  .  .  .  . ЩЕ .  .  .  .  .  .  .  .  .  .  .  .  .  .  .  .  .  .  .  . Ви предложим УНИКАЛЕН като МЕСТОПОЛОЖЕНИЕ, внушителен като полезна използваема площ и...",457520.0,EUR,False,продава,мезонет,София, Изток,,АРСЕНАЛ - недвижими имоти,,https://www.imoti.net/bg/obiava/prodava/sofia/sofija-iztok/mezonet/3523449/?sid=gFM8jD&page=11,12.0,2025-01-21 18:02:49.873157,https://www.imoti.net/bg/obiavi/r/prodava/sofia/?page=1&sid=gFM8jD,imoti.net,393,2025-01-21,,,Цена на /м2/:1 720EUR, 266 м2,Етаж: 4 от 5
"продава Тристаен апартамент, 93 м2","Ексклузивно представяме прекрасен имот на топ локация в гр. София, на ул. ""Оборище"", на пешеходно разстояние от Докторска градина, Софийски университет и Сердика център.Тристайният...",460000.0,EUR,False,продава,тристаен,София, Оборище,,Luximmo Finest Estates,,https://www.imoti.net/bg/obiava/prodava--v-stroej/sofia/oborishte/tristaen/5969007/?sid=gFM8jD&page=11,18.0,2025-01-21 18:02:49.873751,https://www.imoti.net/bg/obiavi/r/prodava/sofia/?page=1&sid=gFM8jD,imoti.net,393,2025-01-21,,,Цена на /м2/:4 946EUR, 93 м2,Етаж:  от 5
"продава Тристаен апартамент, 152 м2","Апартаментът се състои от 2 спални- към едната от спалните има прилежаща баня с WC; дневна с трапезария и кухненски бокс- над 40 м², 2 бани с WC; входно антре със складово...",460879.0,EUR,False,продава,тристаен,София, Оборище,,АДРЕС Недвижими имоти АД,,https://www.imoti.net/bg/obiava/prodava/sofia/oborishte/tristaen/6012507/?sid=gFM8jD&page=11,8.0,2025-01-21 18:02:49.874269,https://www.imoti.net/bg/obiavi/r/prodava/sofia/?page=1&sid=gFM8jD,imoti.net,393,2025-01-21,,,Цена на /м2/:3 032EUR, 152 м2,Етаж: 5 от 14
"продава Мезонет, 192 м2","Galiano Estates Ви предлага мезонет в новопостроена сграда с АКТ16!Мезонетът, който Ви предлагаме има изложение юг/север и е със застроена площ 165,44 кв.м.Разпределението е...",464910.0,EUR,False,продава,мезонет,София, Дианабад,,Galiano Estates,,https://www.imoti.net/bg/obiava/prodava/sofia/dianabad/mezonet/5868722/?sid=gFM8jD&page=11,3.0,2025-01-21 18:02:49.874864,https://www.imoti.net/bg/obiavi/r/prodava/sofia/?page=1&sid=gFM8jD,imoti.net,393,2025-01-21,,,Цена на /м2/:2 421EUR, 192 м2,Етаж: 8 от 9
"продава Тристаен апартамент, 127 м2",Агенция  Релард Естейтс  предлага тристаен апартамент в затворен комплекс в кв.  Изгрев .Апартаментът се намира на 14-ти от общо 16 етажа на сградата....,470000.0,EUR,False,продава,тристаен,София, Изгрев,,Релард Естейтс,,https://www.imoti.net/bg/obiava/prodava/sofia/sofija-izgrev/tristaen/5965509/?sid=gFM8jD&page=11,8.0,2025-01-21 18:02:49.875344,https://www.imoti.net/bg/obiavi/r/prodava/sofia/?page=1&sid=gFM8jD,imoti.net,393,2025-01-21,,,Цена на /м2/:3 701EUR, 127 м2,Етаж: 14 от 16
"продава Четиристаен апартамент, 175 м2",First Estates предлага за продажба голямо жилище на две нива в кв. Изток.Намира се на 9-ти и 10-ти етажи в сграда от 2002 г. в близост до метростанция Г.М.Димитров.От входа на...,472500.0,EUR,False,продава,четиристаен,София, Изток,,First Estates,,https://www.imoti.net/bg/obiava/prodava--v-stroej/sofia/sofija-iztok/chetiristaen/6023124/?sid=gFM8jD&page=11,24.0,2025-01-21 18:02:49.875886,https://www.imoti.net/bg/obiavi/r/prodava/sofia/?page=1&sid=gFM8jD,imoti.net,393,2025-01-21,,,Цена на /м2/:2 700EUR, 175 м2,Етаж: 8 от 9
"продава Четиристаен апартамент, 216 м2","БЕЗ КОМИСИОН ОТ КУПУВАЧА!!!ИРИДА НЕДВИЖИМИ ИМОТИ продава слънчев четиристаен апартамент в новоизграждащ се затворен жилищен комплекс, с изключително висококачествено строителство от...",473550.0,EUR,False,продава,четиристаен,София, Оборище,,ИРИДА НЕДВИЖИМИ ИМОТИ,,https://www.imoti.net/bg/obiava/prodava--v-stroej/sofia/oborishte/chetiristaen/5909980/?sid=gFM8jD&page=11,1.0,2025-01-21 18:02:49.876418,https://www.imoti.net/bg/obiavi/r/prodava/sofia/?page=1&sid=gFM8jD,imoti.net,393,2025-01-21,,,Цена на /м2/:2 192EUR, 216 м2,Етаж: 11 от 14
"продава Многостаен апартамент, 120 м2","Титан Пропъртис - офис Черни връх има удоволствието да ви престави многостаен апартамент , в един от най - предпочитаните райони на град София , а именно район Оборище - комуникативно място , в...",475000.0,EUR,False,продава,многостаен,София, Оборище,,Титан пропъртис продажби,,https://www.imoti.net/bg/obiava/prodava/sofia/oborishte/mnogostaen/5898604/?sid=gFM8jD&page=11,10.0,2025-01-21 18:02:49.876885,https://www.imoti.net/bg/obiavi/r/prodava/sofia/?page=1&sid=gFM8jD,imoti.net,393,2025-01-21,,,Цена на /м2/:3 958EUR, 120 м2,Етаж: 5 от 6
"продава Тристаен апартамент, 146 м2","Апартаментът се състои от 2 спални- към едната от спалните има прилежаща баня с WC; дневна с трапезария и кухненски бокс- над 40 м², 2 бани с WC; входно антре със складово...",490202.0,EUR,False,продава,тристаен,София, Оборище,,АДРЕС Недвижими имоти АД,,https://www.imoti.net/bg/obiava/prodava/sofia/oborishte/tristaen/6012126/?sid=gFM8jD&page=11,8.0,2025-01-21 18:02:49.877331,https://www.imoti.net/bg/obiavi/r/prodava/sofia/?page=1&sid=gFM8jD,imoti.net,393,2025-01-21,,,Цена на /м2/:3 358EUR, 146 м2,Етаж: 8 от 14
"продава Четиристаен апартамент, 207 м2","БЕЗ КОМИСИОН ОТ КУПУВАЧА!!!ИРИДА НЕДВИЖИМИ ИМОТИ продава слънчев четиристаен апартамент в новоизграждащ се затворен жилищен комплекс, с изключително висококачествено строителство от...",490875.0,EUR,False,продава,четиристаен,София, Оборище,,ИРИДА НЕДВИЖИМИ ИМОТИ,,https://www.imoti.net/bg/obiava/prodava--v-stroej/sofia/oborishte/chetiristaen/5909979/?sid=gFM8jD&page=11,1.0,2025-01-21 18:02:49.877849,https://www.imoti.net/bg/obiavi/r/prodava/sofia/?page=1&sid=gFM8jD,imoti.net,393,2025-01-21,,,Цена на /м2/:2 371EUR, 207 м2,Етаж: 13 от 14
"продава Четиристаен апартамент, 160 м2","Явлена продава многостаен апартамен находящ се в  сърцето на София, на бул. ""Янко Сакъзов"" в близост до метростанция Театрална и парк ""Заимов"". Имота е позициониран на целия 5-ти последен етаж, в...",494400.0,EUR,False,продава,четиристаен,София, Оборище,,Явлена София,,https://www.imoti.net/bg/obiava/prodava/sofia/oborishte/chetiristaen/5615941/?sid=gFM8jD&page=11,10.0,2025-01-21 18:02:49.878348,https://www.imoti.net/bg/obiavi/r/prodava/sofia/?page=1&sid=gFM8jD,imoti.net,393,2025-01-21,,,Цена на /м2/:3 090EUR, 160 м2,Етаж: 4 от 4
"продава Тристаен апартамент, 270 м2","Уникален апартамент с панорамни гледки и луксозно обзавежданеBULGARIA SOTHEBY’S INTERNATIONAL REALTY представя на Вашето внимание  апартамент, който съчетава в себе си безупречна...",495000.0,EUR,False,продава,тристаен,София, Дианабад,,BULGARIA SOTHEBY'S INTERNATIONAL REALTY,,https://www.imoti.net/bg/obiava/prodava/sofia/dianabad/tristaen/5808894/?sid=gFM8jD&page=11,11.0,2025-01-21 18:02:49.878857,https://www.imoti.net/bg/obiavi/r/prodava/sofia/?page=1&sid=gFM8jD,imoti.net,393,2025-01-21,,,Цена на /м2/:1 833EUR, 270 м2,Етаж: 6 от 7
"продава Тристаен апартамент, 146 м2","Апартаментът се състои от 2 спални- към едната от спалните има прилежаща баня с WC; дневна с трапезария и кухненски бокс- над 40 м², 2 бани с WC; входно антре със складово...",497351.0,EUR,False,продава,тристаен,София, Оборище,,АДРЕС Недвижими имоти АД,,https://www.imoti.net/bg/obiava/prodava/sofia/oborishte/tristaen/6012124/?sid=gFM8jD&page=11,8.0,2025-01-21 18:02:49.879283,https://www.imoti.net/bg/obiavi/r/prodava/sofia/?page=1&sid=gFM8jD,imoti.net,393,2025-01-21,,,Цена на /м2/:3 407EUR, 146 м2,Етаж: 9 от 14
"продава Тристаен апартамент, 153 м2","Апартаментът се състои от 2 спални- към едната от спалните има прилежаща баня с WC; дневна с трапезария и кухненски бокс- над 40 м², 2 бани с WC; входно антре със складово...",501578.0,EUR,False,продава,тристаен,София, Оборище,,АДРЕС Недвижими имоти АД,,https://www.imoti.net/bg/obiava/prodava/sofia/oborishte/tristaen/6012128/?sid=gFM8jD&page=11,8.0,2025-01-21 18:02:49.879709,https://www.imoti.net/bg/obiavi/r/prodava/sofia/?page=1&sid=gFM8jD,imoti.net,393,2025-01-21,,,Цена на /м2/:3 278EUR, 153 м2,Етаж: 6 от 14
"продава Многостаен апартамент, 155 м2","Апартаментът се състои от 3 спални- към едната от спалните има прилежаща баня с WC; дневна с трапезария и кухненски бокс -42,00м², 2 бани с WC; входно антре със складово...",504140.0,EUR,False,продава,многостаен,София, Оборище,,АДРЕС Недвижими имоти АД,,https://www.imoti.net/bg/obiava/prodava/sofia/oborishte/mnogostaen/6012127/?sid=gFM8jD&page=11,8.0,2025-01-21 18:02:49.880130,https://www.imoti.net/bg/obiavi/r/prodava/sofia/?page=1&sid=gFM8jD,imoti.net,393,2025-01-21,,,Цена на /м2/:3 253EUR, 155 м2,Етаж: 8 от 14
"продава Тристаен апартамент, 127 м2","'RockIT Properties' има удоволствието да Ви представи нов дизайнерски апартамент за продажба в престижна жилищна сграда от най-висок клас.Завършен по най-високите стандарти, този...",505000.0,EUR,False,продава,тристаен,София, Изгрев,,Рокит Пропъртис,,https://www.imoti.net/bg/obiava/prodava/sofia/sofija-izgrev/tristaen/6000065/?sid=gFM8jD&page=11,10.0,2025-01-21 18:02:49.880555,https://www.imoti.net/bg/obiavi/r/prodava/sofia/?page=1&sid=gFM8jD,imoti.net,393,2025-01-21,,,Цена на /м2/:3 976EUR, 127 м2,Етаж: 14 от 15
"продава Тристаен апартамент, 127 м2","Galiano Estates ви представя елегантен апартамент, в луксозна сграда на Артекс, до метростанция Г.М.Димитров. Жилището е напълно обзаведено и оборудвано с висок клас мебели и уреди....",505370.0,EUR,False,продава,тристаен,София, Дианабад,,Galiano Estates,,https://www.imoti.net/bg/obiava/prodava/sofia/dianabad/tristaen/5895072/?sid=gFM8jD&page=11,12.0,2025-01-21 18:02:49.881053,https://www.imoti.net/bg/obiavi/r/prodava/sofia/?page=1&sid=gFM8jD,imoti.net,393,2025-01-21,,,Цена на /м2/:3 979EUR, 127 м2,Етаж: 14 от 16
"продава Тристаен апартамент, 127 м2","Впечатляващият луксозен тристаен  апартамент, разположен  в сграда ""Хармония"" на ""Артекс"", представлява изключително уютно и стилно жилище с безкомпромисно качество и модерен дизайн. При влизане в...",505370.0,EUR,False,продава,тристаен,София, Дианабад,,Явлена София,,https://www.imoti.net/bg/obiava/prodava/sofia/dianabad/tristaen/5814008/?sid=gFM8jD&page=11,13.0,2025-01-21 18:02:49.881523,https://www.imoti.net/bg/obiavi/r/prodava/sofia/?page=1&sid=gFM8jD,imoti.net,393,2025-01-21,,,Цена на /м2/:3 979EUR, 127 м2,Етаж: 14 от 18
"продава Многостаен апартамент, 157 м2","Апартаментът се състои от 3 спални- към едната от спалните има прилежаща баня с WC; дневна с трапезария и кухненски бокс -42,00м², 2 бани с WC; входно антре със складово...",525362.0,EUR,False,продава,многостаен,София, Оборище,,АДРЕС Недвижими имоти АД,,https://www.imoti.net/bg/obiava/prodava/sofia/oborishte/mnogostaen/6012125/?sid=gFM8jD&page=11,8.0,2025-01-21 18:02:49.881948,https://www.imoti.net/bg/obiavi/r/prodava/sofia/?page=1&sid=gFM8jD,imoti.net,393,2025-01-21,,,Цена на /м2/:3 346EUR, 157 м2,Етаж: 9 от 14
"продава Тристаен апартамент, 125 м2","Вдъхновяващият тристаен апартамент в престижната сграда ""Диамант"" на Артекс представлява уникална комбинация от изисканост, модерен дизайн и лукс. С впечатляващ изглед от високият етаж, този дом...",525619.0,EUR,False,продава,тристаен,София, Изгрев,,Явлена София,,https://www.imoti.net/bg/obiava/prodava/sofia/sofija-izgrev/tristaen/5968811/?sid=gFM8jD&page=11,8.0,2025-01-21 18:02:49.882413,https://www.imoti.net/bg/obiavi/r/prodava/sofia/?page=1&sid=gFM8jD,imoti.net,393,2025-01-21,,,Цена на /м2/:4 205EUR, 125 м2,Етаж: 15
"продава Тристаен апартамент, 149 м2",Революшън Естейт има удоволствието да Ви представи просторен тристаен апартамент в ж.к. Изток.Основни характеристики на имота:- Площ: 149 кв.м.-...,530000.0,EUR,False,продава,тристаен,София, Изток,,Революшън Сейлс,,https://www.imoti.net/bg/obiava/prodava/sofia/sofija-iztok/tristaen/5986359/?sid=gFM8jD&page=11,11.0,2025-01-21 18:02:49.882872,https://www.imoti.net/bg/obiavi/r/prodava/sofia/?page=1&sid=gFM8jD,imoti.net,393,2025-01-21,,,Цена на /м2/:3 557EUR, 149 м2,Етаж: 3 от 4
"продава Многостаен апартамент, 153 м2","Апартаментът се състои от 3 спални- към едната от спалните има прилежаща баня с WC; дневна с трапезария и кухненски бокс -42,00м², 2 бани с WC; входно антре със складово...",530626.0,EUR,False,продава,многостаен,София, Оборище,,АДРЕС Недвижими имоти АД,,https://www.imoti.net/bg/obiava/prodava/sofia/oborishte/mnogostaen/6012123/?sid=gFM8jD&page=11,8.0,2025-01-21 18:02:49.883315,https://www.imoti.net/bg/obiavi/r/prodava/sofia/?page=1&sid=gFM8jD,imoti.net,393,2025-01-21,,,Цена на /м2/:3 468EUR, 153 м2,Етаж: 10 от 14
"продава Тристаен апартамент, 173 м2","БЕЗ КОМИСИОН ОТ КУПУВАЧА!!!ИРИДА НЕДВИЖИМИ ИМОТИ продава слънчев тристаен апартамент в новоизграждащ се затворен жилищен комплекс, с изключително висококачествено строителство от...",542850.0,EUR,False,продава,тристаен,София, Оборище,,ИРИДА НЕДВИЖИМИ ИМОТИ,,https://www.imoti.net/bg/obiava/prodava--v-stroej/sofia/oborishte/tristaen/5909427/?sid=gFM8jD&page=12,1.0,2025-01-21 18:02:53.319568,https://www.imoti.net/bg/obiavi/r/prodava/sofia/?page=1&sid=gFM8jD,imoti.net,393,2025-01-21,,,Цена на /м2/:3 138EUR, 173 м2,Етаж: 2 от 14
"продава Четиристаен апартамент, 171 м2","БЕЗ КОМИСИОН ОТ КУПУВАЧА!!!ИРИДА НЕДВИЖИМИ ИМОТИ продава слънчев четиристаен апартамент в новоизграждащ се затворен жилищен комплекс, с изключително висококачествено строителство от...",542850.0,EUR,False,продава,четиристаен,София, Оборище,,ИРИДА НЕДВИЖИМИ ИМОТИ,,https://www.imoti.net/bg/obiava/prodava--v-stroej/sofia/oborishte/chetiristaen/5909976/?sid=gFM8jD&page=12,1.0,2025-01-21 18:02:53.320302,https://www.imoti.net/bg/obiavi/r/prodava/sofia/?page=1&sid=gFM8jD,imoti.net,393,2025-01-21,,,Цена на /м2/:3 175EUR, 171 м2,Етаж: 14 от 14
"продава Тристаен апартамент, 131 м2","Вдъхновяващият тристаен апартамент в престижната сграда ""Диамант"" на Артекс представлява уникална комбинация от изисканост, модерен дизайн и лукс. С впечатляващ изглед от високият етаж, този дом...",548458.0,EUR,False,продава,тристаен,София, Изгрев,,Явлена София,,https://www.imoti.net/bg/obiava/prodava/sofia/sofija-izgrev/tristaen/5856085/?sid=gFM8jD&page=12,13.0,2025-01-21 18:02:53.320954,https://www.imoti.net/bg/obiavi/r/prodava/sofia/?page=1&sid=gFM8jD,imoti.net,393,2025-01-21,,,Цена на /м2/:4 187EUR, 131 м2,Етаж: 16 от 16
"продава Мезонет, 306 м2","Директно от инвеститор.Продаваме без посредници. Благодарим предварително на агенциите и брокерите за разбирането!Много повече информация, снимки и актуални свободни имоти...",565000.0,EUR,False,продава,мезонет,София, Изток,,Serdika Build,,https://www.imoti.net/bg/obiava/prodava--v-stroej/sofia/sofija-iztok/mezonet/5933107/?sid=gFM8jD&page=12,6.0,2025-01-21 18:02:53.321480,https://www.imoti.net/bg/obiavi/r/prodava/sofia/?page=1&sid=gFM8jD,imoti.net,393,2025-01-21,,,Цена на /м2/:1 846EUR, 306 м2,Етаж: 9 от 10
"продава Четиристаен апартамент, 140 м2",Този елегантен апартамент се намира в непосредствена близост до Докторска градина на улица „Алеко Константинов“.На площ от 137 кв.м. имотът съчетава модерен дизайн с функционално...,570000.0,EUR,False,продава,четиристаен,София, Оборище,,First Estates,,https://www.imoti.net/bg/obiava/prodava/sofia/oborishte/chetiristaen/6006314/?sid=gFM8jD&page=12,28.0,2025-01-21 18:02:53.322076,https://www.imoti.net/bg/obiavi/r/prodava/sofia/?page=1&sid=gFM8jD,imoti.net,393,2025-01-21,,,Цена на /м2/:4 071EUR, 140 м2,Етаж: 3 от 3
"продава Четиристаен апартамент, 178 м2","БЕЗ КОМИСИОН ОТ КУПУВАЧА!!!ИРИДА НЕДВИЖИМИ ИМОТИ продава слънчев четиристаен апартамент в новоизграждащ се затворен жилищен комплекс, с изключително висококачествено строителство от...",583275.0,EUR,False,продава,четиристаен,София, Оборище,,ИРИДА НЕДВИЖИМИ ИМОТИ,,https://www.imoti.net/bg/obiava/prodava--v-stroej/sofia/oborishte/chetiristaen/5909972/?sid=gFM8jD&page=12,1.0,2025-01-21 18:02:53.322672,https://www.imoti.net/bg/obiavi/r/prodava/sofia/?page=1&sid=gFM8jD,imoti.net,393,2025-01-21,,,Цена на /м2/:3 277EUR, 178 м2,Етаж: 4 от 14
"продава Тристаен апартамент, 97 м2","Galiano Estates има удоволствието да ви представи страхотен тристаен апартамент на ул. ""Оборище"".Разпределение: входен коридор, две помещения със свод помежду им, кухня, две спални, баня с...",589000.0,EUR,False,продава,тристаен,София, Оборище,,Galiano Estates,,https://www.imoti.net/bg/obiava/prodava--v-stroej/sofia/oborishte/tristaen/5997385/?sid=gFM8jD&page=12,6.0,2025-01-21 18:02:53.323259,https://www.imoti.net/bg/obiavi/r/prodava/sofia/?page=1&sid=gFM8jD,imoti.net,393,2025-01-21,,,Цена на /м2/:6 072EUR, 97 м2,Етаж: 1 от 4
"продава Мезонет, 310 м2","Агенция за недвижими имот АВАСОЛИС е горда да представи на вашето внимание този изключителен мезонет, разположен в нова бутикова сграда в ж. к. Дианабад.ХАРАКТЕРИСТИКИ НА ИМОТА:",593800.0,EUR,False,продава,мезонет,София, Дианабад,,AvaSolis,,https://www.imoti.net/bg/obiava/prodava/sofia/dianabad/mezonet/5884214/?sid=gFM8jD&page=12,10.0,2025-01-21 18:02:53.323869,https://www.imoti.net/bg/obiavi/r/prodava/sofia/?page=1&sid=gFM8jD,imoti.net,393,2025-01-21,,,Цена на /м2/:1 915EUR, 310 м2,Етаж: 5 от 6
"продава Мезонет, 293 м2","АВАСОЛИС представя на вашето внимание този просторен мезонет, разположен в нова бутикова сграда.ХАРАКТЕРИСТИКИ НА ИМОТА:Застроена площ1-во ниво 121,80 кв.м.",598400.0,EUR,False,продава,мезонет,София, Дианабад,,AvaSolis,,https://www.imoti.net/bg/obiava/prodava/sofia/dianabad/mezonet/5884215/?sid=gFM8jD&page=12,8.0,2025-01-21 18:02:53.324569,https://www.imoti.net/bg/obiavi/r/prodava/sofia/?page=1&sid=gFM8jD,imoti.net,393,2025-01-21,,,Цена на /м2/:2 042EUR, 293 м2,Етаж: 5 от 6
"продава Тристаен апартамент, 173 м2","Луксозно завършени и дизайнерски обзаведен апартамент в представителна нова сграда от 2009г с охрана на комуникативно, тихо и спокойно място в кв. Изток. Състои се от просторен хол с трапезария и...",599000.0,EUR,False,продава,тристаен,София, Изток,,Глобъл Сървисиз,,https://www.imoti.net/bg/obiava/prodava/sofia/sofija-iztok/tristaen/5945757/?sid=gFM8jD&page=12,18.0,2025-01-21 18:02:53.325213,https://www.imoti.net/bg/obiavi/r/prodava/sofia/?page=1&sid=gFM8jD,imoti.net,393,2025-01-21,,,Цена на /м2/:3 462EUR, 173 м2,Етаж: 2 от 8
"продава Четиристаен апартамент, 157 м2","Имаме удоволствието да ви представим четиристаен апартамент в нова стилна и луксозна жилищна сграда. За хората, които търсят луксозен и уютен нов дом, който да им предостави уединение и сигурност в...",600000.0,EUR,False,продава,четиристаен,София, Изток,,Глобъл Сървисиз,,https://www.imoti.net/bg/obiava/prodava/sofia/sofija-iztok/chetiristaen/5642960/?sid=gFM8jD&page=12,,2025-01-21 18:02:53.325708,https://www.imoti.net/bg/obiavi/r/prodava/sofia/?page=1&sid=gFM8jD,imoti.net,393,2025-01-21,,,Цена на /м2/:3 822EUR, 157 м2,Етаж: 4 от 11
"продава Четиристаен апартамент, 185 м2","БЕЗ КОМИСИОН ОТ КУПУВАЧА!!!ИРИДА НЕДВИЖИМИ ИМОТИ продава слънчев четиристаен апартамент в новоизграждащ се затворен жилищен комплекс, с изключително висококачествено строителство от...",612150.0,EUR,False,продава,четиристаен,София, Оборище,,ИРИДА НЕДВИЖИМИ ИМОТИ,,https://www.imoti.net/bg/obiava/prodava--v-stroej/sofia/oborishte/chetiristaen/5909975/?sid=gFM8jD&page=12,1.0,2025-01-21 18:02:53.326290,https://www.imoti.net/bg/obiavi/r/prodava/sofia/?page=1&sid=gFM8jD,imoti.net,393,2025-01-21,,,Цена на /м2/:3 309EUR, 185 м2,Етаж: 4 от 14
"продава Четиристаен апартамент, 174 м2","БЕЗ КОМИСИОН ОТ КУПУВАЧА!!!ИРИДА НЕДВИЖИМИ ИМОТИ продава слънчев четиристаен апартамент в новоизграждащ се затворен жилищен комплекс, с изключително висококачествено строителство от...",635250.0,EUR,False,продава,четиристаен,София, Оборище,,ИРИДА НЕДВИЖИМИ ИМОТИ,,https://www.imoti.net/bg/obiava/prodava--v-stroej/sofia/oborishte/chetiristaen/5909973/?sid=gFM8jD&page=12,1.0,2025-01-21 18:02:53.326883,https://www.imoti.net/bg/obiavi/r/prodava/sofia/?page=1&sid=gFM8jD,imoti.net,393,2025-01-21,,,Цена на /м2/:3 651EUR, 174 м2,Етаж: 6 от 14
"продава Четиристаен апартамент, 150 м2","Агенция Явлена продава: в гр.София,  Докторски паметник/район Оборище – триристаен апартамент, в триетажна жилищна сграда.Локация: на 5 минути пешеходно разстояние от Центъра на София/ Орлов...",650000.0,EUR,False,продава,четиристаен,София, Оборище,,Явлена Изток,,https://www.imoti.net/bg/obiava/prodava/sofia/oborishte/chetiristaen/5903387/?sid=gFM8jD&page=12,10.0,2025-01-21 18:02:53.327395,https://www.imoti.net/bg/obiavi/r/prodava/sofia/?page=1&sid=gFM8jD,imoti.net,393,2025-01-21,,,Цена на /м2/:4 333EUR, 150 м2,Етаж: 2
"продава Четиристаен апартамент, 197 м2","Ексклузивно представяме супер просторен и уютен, четиристаен апартамент в един от най-предпочитаните райони на София – квартал ""Изток"".Жилището е част от модерна сграда, разположена...",650000.0,EUR,False,продава,четиристаен,София, Изток,,Luximmo Finest Estates,,https://www.imoti.net/bg/obiava/prodava--v-stroej/sofia/sofija-iztok/chetiristaen/5983325/?sid=gFM8jD&page=12,14.0,2025-01-21 18:02:53.327986,https://www.imoti.net/bg/obiavi/r/prodava/sofia/?page=1&sid=gFM8jD,imoti.net,393,2025-01-21,,,Цена на /м2/:3 299EUR, 197 м2,Етаж:  от 8
"продава Тристаен апартамент, 189 м2","Тристаен апартамент в нова бутикова сграда  с чудесно местоположение в кв. „Оборище"". Имотът е подходящ за лично позване или отадване под наем. Разрешение за ползване се очаква до края на 2024г....",650000.0,EUR,False,продава,тристаен,София, Оборище,,Luximmo Finest Estates,,https://www.imoti.net/bg/obiava/prodava--v-stroej/sofia/oborishte/tristaen/5867458/?sid=gFM8jD&page=12,7.0,2025-01-21 18:02:53.328566,https://www.imoti.net/bg/obiavi/r/prodava/sofia/?page=1&sid=gFM8jD,imoti.net,393,2025-01-21,,,Цена на /м2/:3 439EUR, 189 м2,Етаж:  от 5
"продава Четиристаен апартамент, 179 м2","БЕЗ КОМИСИОН ОТ КУПУВАЧА!!!ИРИДА НЕДВИЖИМИ ИМОТИ продава слънчев четиристаен апартамент в новоизграждащ се затворен жилищен комплекс, с изключително висококачествено строителство от...",652575.0,EUR,False,продава,четиристаен,София, Оборище,,ИРИДА НЕДВИЖИМИ ИМОТИ,,https://www.imoti.net/bg/obiava/prodava--v-stroej/sofia/oborishte/chetiristaen/5909974/?sid=gFM8jD&page=12,1.0,2025-01-21 18:02:53.329157,https://www.imoti.net/bg/obiavi/r/prodava/sofia/?page=1&sid=gFM8jD,imoti.net,393,2025-01-21,,,Цена на /м2/:3 646EUR, 179 м2,Етаж: 6 от 14
"продава Многостаен апартамент, 171 м2","Четиристаен апартамент, с изложение юг- запад. Състои се от 3 спални, дневна с трапезария и кухненски бокс (43кв.м.), два санитарни възела- бани с WC, отделно WC, входно преддверие, тераси и...",670607.0,EUR,False,продава,многостаен,София, Оборище,,АДРЕС Недвижими имоти АД,,https://www.imoti.net/bg/obiava/prodava/sofia/oborishte/mnogostaen/6014905/?sid=gFM8jD&page=12,8.0,2025-01-21 18:02:53.329685,https://www.imoti.net/bg/obiavi/r/prodava/sofia/?page=1&sid=gFM8jD,imoti.net,393,2025-01-21,,,Цена на /м2/:3 922EUR, 171 м2,Етаж: 3 от 14
"продава Многостаен апартамент, 269 м2","БЕЗ КОМИСИОННА ОТ КУПУВАЧА! Galiano Estates има удоволствието да ви представи великолепен многостаен апартамент в затворен комплекс ""Teatralna Park Residence"" в кв. Оборище до парк ""Заимов"" и...",693000.0,EUR,False,продава,многостаен,София, Оборище,,Galiano Estates,,https://www.imoti.net/bg/obiava/prodava--v-stroej/sofia/oborishte/mnogostaen/5912144/?sid=gFM8jD&page=12,6.0,2025-01-21 18:02:53.330311,https://www.imoti.net/bg/obiavi/r/prodava/sofia/?page=1&sid=gFM8jD,imoti.net,393,2025-01-21,,,Цена на /м2/:2 576EUR, 269 м2,Етаж: 13 от 14
"продава Четиристаен апартамент, 248 м2","БЕЗ КОМИСИОН ОТ КУПУВАЧА!!!ИРИДА НЕДВИЖИМИ ИМОТИ продава слънчев четиристаен апартамент с възможна четвърта спалня в новоизграждащ се затворен жилищен комплекс, с изключително...",693000.0,EUR,False,продава,четиристаен,София, Оборище,,ИРИДА НЕДВИЖИМИ ИМОТИ,,https://www.imoti.net/bg/obiava/prodava--v-stroej/sofia/oborishte/chetiristaen/5909977/?sid=gFM8jD&page=12,1.0,2025-01-21 18:02:53.330972,https://www.imoti.net/bg/obiavi/r/prodava/sofia/?page=1&sid=gFM8jD,imoti.net,393,2025-01-21,,,Цена на /м2/:2 794EUR, 248 м2,Етаж: 13 от 14
"продава Четиристаен апартамент, 300 м2","Unique Estates с удоволствие Ви представя просторен многостаен апартамент  за продажба в новопостроена, луксозна сграда в престижния кв. Изток.Апартаментът е...",700000.0,EUR,False,продава,четиристаен,София, Изток,,ЮНИК ЕСТЕЙТС,,https://www.imoti.net/bg/obiava/prodava--v-stroej/sofia/sofija-iztok/chetiristaen/5782320/?sid=gFM8jD&page=12,8.0,2025-01-21 18:02:53.331597,https://www.imoti.net/bg/obiavi/r/prodava/sofia/?page=1&sid=gFM8jD,imoti.net,393,2025-01-21,,,Цена на /м2/:2 333EUR, 300 м2,Етаж: 6 от 7
"продава Многостаен апартамент, 269 м2","First Estates има огромното удоволствие да Ви представи най-новия луксозен жилищен комплекс, сгушен до парка Заимов в сърцето на града. Този изключителен проект предефинира градския живот, като...",727650.0,EUR,False,продава,многостаен,София, Оборище,,First Estates,,https://www.imoti.net/bg/obiava/prodava--v-stroej/sofia/oborishte/mnogostaen/5808438/?sid=gFM8jD&page=12,19.0,2025-01-21 18:02:53.332255,https://www.imoti.net/bg/obiavi/r/prodava/sofia/?page=1&sid=gFM8jD,imoti.net,393,2025-01-21,,,Цена на /м2/:2 705EUR, 269 м2,Етаж: 13 от 14
"продава Четиристаен апартамент, 203 м2","Многостаен  апартамент в затворен комлекс, перфектно съчетаващ удобство и сигурност с качество и стил.Стилният апартамент е цялостно обзаведен по дизайнерски проект, както и завършен с...",750000.0,EUR,False,продава,четиристаен,София, Изток,,Luximmo Finest Estates,,https://www.imoti.net/bg/obiava/prodava--v-stroej/sofia/sofija-iztok/chetiristaen/5924631/?sid=gFM8jD&page=12,28.0,2025-01-21 18:02:53.332919,https://www.imoti.net/bg/obiavi/r/prodava/sofia/?page=1&sid=gFM8jD,imoti.net,393,2025-01-21,,,Цена на /м2/:3 695EUR, 203 м2,Етаж:  от 7
"продава Четиристаен апартамент, 380 м2","Комуникативно местоположение, до бул. ""Цариградско шосе"" и бул. ""Г.М.Димитров"". Луксозно обзаведен, панорамен четиристаен апартамент. Апартаментът се намира в комплекс с контролиран достъп, който...",750000.0,EUR,False,продава,четиристаен,София, Изток,,Глобъл Сървисиз,,https://www.imoti.net/bg/obiava/prodava/sofia/sofija-iztok/chetiristaen/5643157/?sid=gFM8jD&page=12,18.0,2025-01-21 18:02:53.333709,https://www.imoti.net/bg/obiavi/r/prodava/sofia/?page=1&sid=gFM8jD,imoti.net,393,2025-01-21,,,Цена на /м2/:1 974EUR, 380 м2,Етаж: 7 от 7
"продава Многостаен апартамент, 245 м2","Представяме ви просторен многостаен апартамент за продажба, разположен в сграда в престижния квартал Изгрев.С площ от 245 кв.м, имотът разполага с три светли спални, просторна дневна, три...",759000.0,EUR,False,продава,многостаен,София, Изгрев,,Luximmo Finest Estates,,https://www.imoti.net/bg/obiava/prodava--v-stroej/sofia/sofija-izgrev/mnogostaen/5974732/?sid=gFM8jD&page=12,20.0,2025-01-21 18:02:53.334479,https://www.imoti.net/bg/obiavi/r/prodava/sofia/?page=1&sid=gFM8jD,imoti.net,393,2025-01-21,,,Цена на /м2/:3 098EUR, 245 м2,Етаж:  от 16
"продава Четиристаен апартамент, 171 м2",Обзаведен четиристаен апартамент с премиум местоположение в затворен комплекс Fairplay кв. ИзтокBULGARIA SOTHEBY'S INTERNATIONAL REALTY има удоволствието да Ви предложи зашеметяващ...,770000.0,EUR,False,продава,четиристаен,София, Изток,,BULGARIA SOTHEBY'S INTERNATIONAL REALTY,,https://www.imoti.net/bg/obiava/prodava/sofia/sofija-iztok/chetiristaen/5907025/?sid=gFM8jD&page=12,11.0,2025-01-21 18:02:53.335132,https://www.imoti.net/bg/obiavi/r/prodava/sofia/?page=1&sid=gFM8jD,imoti.net,393,2025-01-21,,,Цена на /м2/:4 503EUR, 171 м2,Етаж: 2 от 7
"продава Мезонет, 196 м2","БЕЗ КОМИСИОННА ОТ КУПУВАЧА! Galiano Estates има удоволствието да ви представи впечатляващ мезонет в затворен комплекс ""Teatralna Park Residence"" в кв. Оборище до парк ""Заимов"" и метростанция...",787280.0,EUR,False,продава,мезонет,София, Оборище,,Galiano Estates,,https://www.imoti.net/bg/obiava/prodava--v-stroej/sofia/oborishte/mezonet/5912145/?sid=gFM8jD&page=12,8.0,2025-01-21 18:02:53.335790,https://www.imoti.net/bg/obiavi/r/prodava/sofia/?page=1&sid=gFM8jD,imoti.net,393,2025-01-21,,,Цена на /м2/:4 017EUR, 196 м2,Етаж: 11 от 12
"продава Четиристаен апартамент, 145 м2","Прайм  имоти има удоволствието и привилегията да представи на вниманието на заинтересованите един изключителен имот с  топ локация  в София, в района на Докторски паметник, недалеч от емблематични...",797000.0,EUR,False,продава,четиристаен,София, Оборище,,ПРАЙМ ИМОТИ,,https://www.imoti.net/bg/obiava/prodava--v-stroej/sofia/oborishte/chetiristaen/5937165/?sid=gFM8jD&page=12,25.0,2025-01-21 18:02:53.336345,https://www.imoti.net/bg/obiavi/r/prodava/sofia/?page=1&sid=gFM8jD,imoti.net,393,2025-01-21,,,Цена на /м2/:5 497EUR, 145 м2,Етаж: 4 от 6
"продава Четиристаен апартамент, 221 м2","Unique Estates представя просторен четиристаен апартамент, в престижния и предпочитан квартал на гр.София- кв.Изток.Апартаментът е разположен на трети жилищен етаж, в...",800000.0,EUR,False,продава,четиристаен,София, Изток,,ЮНИК ЕСТЕЙТС,,https://www.imoti.net/bg/obiava/prodava/sofia/sofija-iztok/chetiristaen/5955389/?sid=gFM8jD&page=12,11.0,2025-01-21 18:02:53.336876,https://www.imoti.net/bg/obiavi/r/prodava/sofia/?page=1&sid=gFM8jD,imoti.net,393,2025-01-21,,,Цена на /м2/:3 620EUR, 221 м2,Етаж: 3 от 6
"продава Четиристаен апартамент, 221 м2","БЕЗ КОМИСИОНА ОТ КУПУВАЧА!ЕРА Голд има удоволствието да Ви представи прекрасен, напълно обзаведен апартамент за продажба, в един от най-предпочитаните квартали на София - кв. Изток....",800000.0,EUR,False,продава,четиристаен,София, Изток,,ЕРА Голд,,https://www.imoti.net/bg/obiava/prodava/sofia/sofija-iztok/chetiristaen/6016880/?sid=gFM8jD&page=12,18.0,2025-01-21 18:02:53.337388,https://www.imoti.net/bg/obiavi/r/prodava/sofia/?page=1&sid=gFM8jD,imoti.net,393,2025-01-21,,,Цена на /м2/:3 620EUR, 221 м2,Етаж:
"продава Многостаен апартамент, 344 м2","Предлагаме за продажба просторен жилищен имот преустроен на офис на комуникативно място в близост до метростанция ""Г. М. Димитров"". Имотът се намира на трети жилищен етаж и е единствен на етажа....",818450.0,EUR,False,продава,многостаен,София, Дианабад,,Явлена София,,https://www.imoti.net/bg/obiava/prodava/sofia/dianabad/mnogostaen/5896762/?sid=gFM8jD&page=13,5.0,2025-01-21 18:02:56.669197,https://www.imoti.net/bg/obiavi/r/prodava/sofia/?page=1&sid=gFM8jD,imoti.net,393,2025-01-21,,,Цена на /м2/:2 379EUR, 344 м2,Етаж: 3
"продава Тристаен апартамент, 217 м2",Unique Estates представя на Вашето внимание изключително светъл и просторен апартамент намиращ се в многофункционална сграда разположена в атрактивна зона в...,865000.0,EUR,False,продава,тристаен,София, Дианабад,,ЮНИК ЕСТЕЙТС,,https://www.imoti.net/bg/obiava/prodava--v-stroej/sofia/dianabad/tristaen/6021803/?sid=gFM8jD&page=13,7.0,2025-01-21 18:02:56.670419,https://www.imoti.net/bg/obiavi/r/prodava/sofia/?page=1&sid=gFM8jD,imoti.net,393,2025-01-21,,,Цена на /м2/:3 986EUR, 217 м2,Етаж: 9 от 17
"продава Тристаен апартамент, 217 м2",Unique Estates представя на Вашето внимание изключителен светъл и просторен апартамент намиращ се в многофункционална сграда разположена в атрактивна зона в...,865000.0,EUR,False,продава,тристаен,София, Дианабад,,ЮНИК ЕСТЕЙТС,,https://www.imoti.net/bg/obiava/prodava--v-stroej/sofia/dianabad/tristaen/6022347/?sid=gFM8jD&page=13,9.0,2025-01-21 18:02:56.671582,https://www.imoti.net/bg/obiavi/r/prodava/sofia/?page=1&sid=gFM8jD,imoti.net,393,2025-01-21,,,Цена на /м2/:3 986EUR, 217 м2,Етаж: 8 от 17
"продава Тристаен апартамент, 167 м2","ИЗИСКАН ДИЗАЙН И ЛУКС! кв. Изгрев, продажба на 3-стаен луксозен апартамент с площ от 167м2, ет.2/от 5, отопление-ТЕЦ, асансьор. Сградата е нова и с модерна визия, красиво озеленен двор,...",870000.0,EUR,False,продава,тристаен,София, Изгрев,,Надилена риъл естейтс,,https://www.imoti.net/bg/obiava/prodava/sofia/sofija-izgrev/tristaen/5957765/?sid=gFM8jD&page=13,7.0,2025-01-21 18:02:56.672996,https://www.imoti.net/bg/obiavi/r/prodava/sofia/?page=1&sid=gFM8jD,imoti.net,393,2025-01-21,,,Цена на /м2/:5 210EUR, 167 м2,Етаж: 2 от 5
"продава Многостаен апартамент, 219 м2","Ref ID: 156Елегантна жилищна сграда в един от най-елитните квартали в София, предоставя на новите си обитатели, красива и уютна среда, предлагаща високо качество на живот. Проектирана да...",874720.0,EUR,False,продава,многостаен,София, Оборище,,New Estates,,https://www.imoti.net/bg/obiava/prodava--v-stroej/sofia/oborishte/mnogostaen/5646013/?sid=gFM8jD&page=13,3.0,2025-01-21 18:02:56.674229,https://www.imoti.net/bg/obiavi/r/prodava/sofia/?page=1&sid=gFM8jD,imoti.net,393,2025-01-21,,,Цена на /м2/:3 994EUR, 219 м2,Етаж: 5 от 9
"продава Четиристаен апартамент, 230 м2","Unique Estates има удоволствието да Ви представи прекрасен, напълно обзаведен апартамент за продажба, намиращ се в представителна сграда на една от най-предпочитаните локации в кв....",990000.0,EUR,False,продава,четиристаен,София, Изток,,ЮНИК ЕСТЕЙТС,,https://www.imoti.net/bg/obiava/prodava/sofia/sofija-iztok/chetiristaen/5884797/?sid=gFM8jD&page=13,11.0,2025-01-21 18:02:56.675407,https://www.imoti.net/bg/obiavi/r/prodava/sofia/?page=1&sid=gFM8jD,imoti.net,393,2025-01-21,,,Цена на /м2/:4 304EUR, 230 м2,Етаж: 3 от 6
"продава Четиристаен апартамент, 200 м2","Представяме аристократичен четиристаен апартамент за продажба, в престижния квартал ""Изток"".Апартаментът е разположен на 2-ри етаж от общо 6, в представителна сграда в района на Парк...",990000.0,EUR,False,продава,четиристаен,София, Изток,,Luximmo Finest Estates,,https://www.imoti.net/bg/obiava/prodava--v-stroej/sofia/sofija-iztok/chetiristaen/5915895/?sid=gFM8jD&page=13,14.0,2025-01-21 18:02:56.676760,https://www.imoti.net/bg/obiavi/r/prodava/sofia/?page=1&sid=gFM8jD,imoti.net,393,2025-01-21,,,Цена на /м2/:4 950EUR, 200 м2,Етаж:  от 6
"продава Четиристаен апартамент, 188 м2","Агенция за недвижими имоти ""First Estates"" с удоволствие представя семейно жилище с три спални в новострояща се луксозна сграда в кв.Изток.Разпределението е модерно с отворен план и се...",1022378.0,EUR,False,продава,четиристаен,София, Изгрев,,First Estates,,https://www.imoti.net/bg/obiava/prodava--v-stroej/sofia/sofija-izgrev/chetiristaen/5958473/?sid=gFM8jD&page=13,6.0,2025-01-21 18:02:56.678176,https://www.imoti.net/bg/obiavi/r/prodava/sofia/?page=1&sid=gFM8jD,imoti.net,393,2025-01-21,,,Цена на /м2/:5 438EUR, 188 м2,Етаж: 7 от 8
"продава Четиристаен апартамент, 207 м2","МОДЕРЕН ДИЗАЙН И ЛУКС! кв. Изгрев, продажба на 4-стаен луксозен апартамент с площ от 207м2м2, ет.2/от 5, отопление-ТЕЦ, асансьор. Сградата е нова и с чудесна визия, красиво озеленен двор,...",1070000.0,EUR,False,продава,четиристаен,София, Изгрев,,Надилена риъл естейтс,,https://www.imoti.net/bg/obiava/prodava/sofia/sofija-izgrev/chetiristaen/5957766/?sid=gFM8jD&page=13,14.0,2025-01-21 18:02:56.679533,https://www.imoti.net/bg/obiavi/r/prodava/sofia/?page=1&sid=gFM8jD,imoti.net,393,2025-01-21,,,Цена на /м2/:5 169EUR, 207 м2,Етаж: 2 от 5
"продава Четиристаен апартамент, 343 м2","""RockIT Properties"" има удоволствието да Ви представи изключително просторен и светъл пентхаус с внушителна тераса, която предоставя панорамни гледки и интериор, създаден с изключително внимание...",1140000.0,EUR,False,продава,четиристаен,София, Изток,,Рокит Пропъртис,,https://www.imoti.net/bg/obiava/prodava/sofia/sofija-iztok/chetiristaen/6023024/?sid=gFM8jD&page=13,29.0,2025-01-21 18:02:56.680743,https://www.imoti.net/bg/obiavi/r/prodava/sofia/?page=1&sid=gFM8jD,imoti.net,393,2025-01-21,,,Цена на /м2/:3 324EUR, 343 м2,Етаж: 10 от 10
"продава Тристаен апартамент, 235 м2","UNIQUE ESTATES има удоволствието да ви представи уникален дизайнерски пентхаус, разположен на последния етаж в престижния квартал Изток. Тук ще намерите зелени паркове, уютни...",1300000.0,EUR,False,продава,тристаен,София, Изток,,ЮНИК ЕСТЕЙТС,,https://www.imoti.net/bg/obiava/prodava/sofia/sofija-iztok/tristaen/5978245/?sid=gFM8jD&page=13,18.0,2025-01-21 18:02:56.681904,https://www.imoti.net/bg/obiavi/r/prodava/sofia/?page=1&sid=gFM8jD,imoti.net,393,2025-01-21,,,Цена на /м2/:5 532EUR, 235 м2,Етаж: 6 от 6
"продава Многостаен апартамент, 300 м2","ЛУКСОЗЕН ИМОТ в новопостроената сграда 'ДИАМАНТ-II', кв. Изгрев, ул. Тинтява С ПРОСТОР и невероятна ГЛЕДКА. Просторен, слънчев и с функционално разпределение: голямо входно антре, три/ЧЕТИРИ...",1350000.0,EUR,False,продава,многостаен,София, Изток,,Глобъл Сървисиз,,https://www.imoti.net/bg/obiava/prodava/sofia/sofija-iztok/mnogostaen/5679469/?sid=gFM8jD&page=13,8.0,2025-01-21 18:02:56.683073,https://www.imoti.net/bg/obiavi/r/prodava/sofia/?page=1&sid=gFM8jD,imoti.net,393,2025-01-21,,,Цена на /м2/:4 500EUR, 300 м2,Етаж: 15 от 17
"продава Многостаен апартамент, 519 м2",Unique Estates представя на вашето внимание внушителен пентхаус за продажба в кв. Изток на шпакловка и замазка с акт 16 в емблематична сграда с луксозни общи части и най-висок клас...,1400000.0,EUR,False,продава,многостаен,София, Изток,,ЮНИК ЕСТЕЙТС,,https://www.imoti.net/bg/obiava/prodava/sofia/sofija-iztok/mnogostaen/5979992/?sid=gFM8jD&page=13,5.0,2025-01-21 18:02:56.685616,https://www.imoti.net/bg/obiavi/r/prodava/sofia/?page=1&sid=gFM8jD,imoti.net,393,2025-01-21,,,Цена на /м2/:2 697EUR, 519 м2,Етаж: 7 от 7
"продава Многостаен апартамент, 400 м2","Мезонет в нова бутикова сграда с чудесно местоположение в кв. „Оборище"". Имотът е подходящ за лично ползване или отадване под наем.Има възможност за разделяне на два апартамента. Разрешение...",1500000.0,EUR,False,продава,многостаен,София, Оборище,,SUPRIMMO,,https://www.imoti.net/bg/obiava/prodava--v-stroej/sofia/oborishte/mnogostaen/5870651/?sid=gFM8jD&page=13,8.0,2025-01-21 18:02:56.686783,https://www.imoti.net/bg/obiavi/r/prodava/sofia/?page=1&sid=gFM8jD,imoti.net,393,2025-01-21,,,Цена на /м2/:3 750EUR, 400 м2,Етаж:  от 5
"продава Многостаен апартамент, 326 м2","Мезонет разположен на етаж 11 и 12 създава усещане, че София е в краката Ви. Първото ниво се състои от входно антре със склад; кабинет; три гомеми спални- едната от спалните е оформена...",1681142.0,EUR,False,продава,многостаен,София, Оборище,,АДРЕС Недвижими имоти АД,,https://www.imoti.net/bg/obiava/prodava/sofia/oborishte/mnogostaen/6012117/?sid=gFM8jD&page=13,9.0,2025-01-21 18:02:56.687941,https://www.imoti.net/bg/obiavi/r/prodava/sofia/?page=1&sid=gFM8jD,imoti.net,393,2025-01-21,,,Цена на /м2/:5 157EUR, 326 м2,Етаж: 11 от 12
"продава Мезонет, 467 м2","First Estates има огромното удоволствие да Ви представи най-новия луксозен жилищен комплекс, сгушен до парка Заимов в сърцето на града. Този изключителен проект предефинира градския живот, като...",1962000.0,EUR,False,продава,мезонет,София, Оборище,,First Estates,,https://www.imoti.net/bg/obiava/prodava--v-stroej/sofia/oborishte/mezonet/5808439/?sid=gFM8jD&page=13,19.0,2025-01-21 18:02:56.689260,https://www.imoti.net/bg/obiavi/r/prodava/sofia/?page=1&sid=gFM8jD,imoti.net,393,2025-01-21,,,Цена на /м2/:4 201EUR, 467 м2,Етаж: 13 от 14
"продава Многостаен апартамент, 432 м2","Мезонет разположен на етаж 11 и 12 създава усещане, че София е в краката Ви. Първото ниво се състои от входно антре със склад; кабинет; три гомеми спални- едната от спалните е оформена...",2395806.0,EUR,False,продава,многостаен,София, Оборище,,АДРЕС Недвижими имоти АД,,https://www.imoti.net/bg/obiava/prodava/sofia/oborishte/mnogostaen/6012118/?sid=gFM8jD&page=13,9.0,2025-01-21 18:02:56.690530,https://www.imoti.net/bg/obiavi/r/prodava/sofia/?page=1&sid=gFM8jD,imoti.net,393,2025-01-21,,,Цена на /м2/:5 546EUR, 432 м2,Етаж: 11 от 12
"продава Двустаен апартамент, 66 м2",Unique Estates има удоволствието да ви представи чудесен двустаен апартамент в един от най-желаните и престижни райони в София. Имотът е част от нов стилен и елегантен...,,,False,продава,двустаен,София, Изгрев,,ЮНИК ЕСТЕЙТС,,https://www.imoti.net/bg/obiava/prodava--v-stroej/sofia/sofija-izgrev/dvustaen/5782531/?sid=gFM8jD&page=13,16.0,2025-01-21 18:02:56.691684,https://www.imoti.net/bg/obiavi/r/prodava/sofia/?page=1&sid=gFM8jD,imoti.net,393,2025-01-21,,,, 66 м2,Етаж: 9 от 17
"продава Двустаен апартамент, 216 м2","Unique Estates представя на Вашето внимание един изключителен имот находящ се в нова и модерна сграда, в предпочитания от много хора район Изгрев, кв. Дианабад.Сградата...",,,False,продава,двустаен,София, Дианабад,,ЮНИК ЕСТЕЙТС,,https://www.imoti.net/bg/obiava/prodava--v-stroej/sofia/dianabad/dvustaen/5793551/?sid=gFM8jD&page=13,7.0,2025-01-21 18:02:56.692812,https://www.imoti.net/bg/obiavi/r/prodava/sofia/?page=1&sid=gFM8jD,imoti.net,393,2025-01-21,,,, 216 м2,Етаж: 7 от 15
"продава Тристаен апартамент, 101 м2",Unique Estates има удоволствието да Ви представи прекрасен тристаен апартамент в един от най-желаните и престижни райони в София. Имотът е част от нов стилен и елегантен...,,,False,продава,тристаен,София, Изгрев,,ЮНИК ЕСТЕЙТС,,https://www.imoti.net/bg/obiava/prodava--v-stroej/sofia/sofija-izgrev/tristaen/5782040/?sid=gFM8jD&page=13,8.0,2025-01-21 18:02:56.693934,https://www.imoti.net/bg/obiavi/r/prodava/sofia/?page=1&sid=gFM8jD,imoti.net,393,2025-01-21,,,, 101 м2,Етаж: 10 от 17
"продава Тристаен апартамент, 99 м2","Unique Estates има удоволствието да Ви представи чудесен нов проект , с впещатляваща визия и локация!Комплексът ще предлага на своите обитатели комфорт,...",,,False,продава,тристаен,София, Изгрев,,ЮНИК ЕСТЕЙТС,,https://www.imoti.net/bg/obiava/prodava--v-stroej/sofia/sofija-izgrev/tristaen/5782055/?sid=gFM8jD&page=13,5.0,2025-01-21 18:02:56.695090,https://www.imoti.net/bg/obiavi/r/prodava/sofia/?page=1&sid=gFM8jD,imoti.net,393,2025-01-21,,,, 99 м2,Етаж: 8 от 17
"продава Четиристаен апартамент, 128 м2","Unique estates има удоволствието да Ви представи чудесен нов проект на изключително високо ниво!Комплексът ще предлага на своите обитатели комфорт, елегантна...",,,False,продава,четиристаен,София, Изгрев,,ЮНИК ЕСТЕЙТС,,https://www.imoti.net/bg/obiava/prodava--v-stroej/sofia/sofija-izgrev/chetiristaen/5782056/?sid=gFM8jD&page=13,6.0,2025-01-21 18:02:56.696218,https://www.imoti.net/bg/obiavi/r/prodava/sofia/?page=1&sid=gFM8jD,imoti.net,393,2025-01-21,,,, 128 м2,Етаж: 6 от 17
"продава Четиристаен апартамент, 99 м2","Unique Estates има удоволствието да Ви представи чудесен нов проект с промоционални цени.Комплексът ще предлага на своите обитатели комфорт, елегантна...",,,False,продава,четиристаен,София, Изгрев,,ЮНИК ЕСТЕЙТС,,https://www.imoti.net/bg/obiava/prodava--v-stroej/sofia/sofija-izgrev/chetiristaen/5782057/?sid=gFM8jD&page=13,5.0,2025-01-21 18:02:56.697341,https://www.imoti.net/bg/obiavi/r/prodava/sofia/?page=1&sid=gFM8jD,imoti.net,393,2025-01-21,,,, 99 м2,Етаж: 8 от 17
"продава Тристаен апартамент, 238 м2","Unique Estates представя на Вашето внимание един изключителен имот находящ се в нова и модерна сграда, в предпочитания от много хора район Изгрев, кв. Дианабад.Сградата...",,,False,продава,тристаен,София, Дианабад,,ЮНИК ЕСТЕЙТС,,https://www.imoti.net/bg/obiava/prodava--v-stroej/sofia/dianabad/tristaen/5786409/?sid=gFM8jD&page=13,9.0,2025-01-21 18:02:56.698495,https://www.imoti.net/bg/obiavi/r/prodava/sofia/?page=1&sid=gFM8jD,imoti.net,393,2025-01-21,,,, 238 м2,Етаж: 5 от 15
"продава Тристаен апартамент, 219 м2","Unique Estates представя на Вашето внимание тристаен апартамент за продажба в уникална по рода си сграда, съчетаваща модерна архитектура, първокласно качество на строителство и...",,,False,продава,тристаен,София, Дианабад,,ЮНИК ЕСТЕЙТС,,https://www.imoti.net/bg/obiava/prodava--v-stroej/sofia/dianabad/tristaen/5974072/?sid=gFM8jD&page=13,11.0,2025-01-21 18:02:56.699630,https://www.imoti.net/bg/obiavi/r/prodava/sofia/?page=1&sid=gFM8jD,imoti.net,393,2025-01-21,,,, 219 м2,Етаж: 11 от 15
"продава Тристаен апартамент, 100 м2",Unique Estates има удоволствието да Ви представи чудесен тристаен апартамент в един от най-желаните и престижни райони в София. Имотът е част от нов стилен и елегантен жилищен...,,,False,продава,тристаен,София, Изгрев,,ЮНИК ЕСТЕЙТС,,https://www.imoti.net/bg/obiava/prodava--v-stroej/sofia/sofija-izgrev/tristaen/5980735/?sid=gFM8jD&page=13,9.0,2025-01-21 18:02:56.700756,https://www.imoti.net/bg/obiavi/r/prodava/sofia/?page=1&sid=gFM8jD,imoti.net,393,2025-01-21,,,, 100 м2,Етаж: 8 от 15
"продава Тристаен апартамент, 172 м2","Агенция за недвижими имоти ""First Estates"" с удоволствие представя тристаен апартамент в иновативна жилищна сграда, първата в България, която ще бъде сертифицирана по международния стандарт за...",,,False,продава,тристаен,София, Изгрев,,First Estates,,https://www.imoti.net/bg/obiava/prodava--v-stroej/sofia/sofija-izgrev/tristaen/5958472/?sid=gFM8jD&page=13,8.0,2025-01-21 18:02:56.701999,https://www.imoti.net/bg/obiavi/r/prodava/sofia/?page=1&sid=gFM8jD,imoti.net,393,2025-01-21,,,, 172 м2,Етаж: 7 от 8
"продава Многостаен апартамент, 248 м2","First Estates с удоволствие представя зашеметяващ пентхаус, стилен завършек на новострояща се луксозна сграда в кв. Изгрев.РАЗПРЕДЕЛЕНИЕ: просторно антре,дневна, трапезария с преход към...",,,False,продава,многостаен,София, Изгрев,,First Estates,,https://www.imoti.net/bg/obiava/prodava--v-stroej/sofia/sofija-izgrev/mnogostaen/5958474/?sid=gFM8jD&page=13,13.0,2025-01-21 18:02:56.703250,https://www.imoti.net/bg/obiavi/r/prodava/sofia/?page=1&sid=gFM8jD,imoti.net,393,2025-01-21,,,, 248 м2,Етаж: 8 от 8
"продава Двустаен апартамент, 87 м2","Unique Estates има удоволствието да Ви представи двустаен апартамент в стилен жилищен комплекс.Хармонично вписан в контекста на средата, в която е ситуиран,...",,,False,продава,двустаен,София, Изгрев,,ЮНИК ЕСТЕЙТС,,https://www.imoti.net/bg/obiava/prodava--v-stroej/sofia/sofija-izgrev/dvustaen/5851245/?sid=gFM8jD&page=13,6.0,2025-01-21 18:02:56.704375,https://www.imoti.net/bg/obiavi/r/prodava/sofia/?page=1&sid=gFM8jD,imoti.net,393,2025-01-21,,,, 87 м2,Етаж: 3 от 17
"продава Тристаен апартамент, 100 м2","Unique Estates има удоволствието да Ви представи красив тристаен апартамент в стилен жилищен комплекс.Хармонично вписан в контекста на средата, в която е ситуиран,...",,,False,продава,тристаен,София, Изгрев,,ЮНИК ЕСТЕЙТС,,https://www.imoti.net/bg/obiava/prodava--v-stroej/sofia/sofija-izgrev/tristaen/5851246/?sid=gFM8jD&page=13,5.0,2025-01-21 18:02:56.705507,https://www.imoti.net/bg/obiavi/r/prodava/sofia/?page=1&sid=gFM8jD,imoti.net,393,2025-01-21,,,, 100 м2,Етаж: 10 от 17
"продава Четиристаен апартамент, 122 м2","Unique Estates има удоволствието да Ви представи впечатляващ пентхаус в стилен жилищен комплекс.Хармонично вписан в контекста на средата, в която е ситуиран,...",,,False,продава,четиристаен,София, Изгрев,,ЮНИК ЕСТЕЙТС,,https://www.imoti.net/bg/obiava/prodava--v-stroej/sofia/sofija-izgrev/chetiristaen/5851247/?sid=gFM8jD&page=14,8.0,2025-01-21 18:02:59.539956,https://www.imoti.net/bg/obiavi/r/prodava/sofia/?page=1&sid=gFM8jD,imoti.net,393,2025-01-21,,,, 122 м2,Етаж: 15 от 17
"продава Четиристаен апартамент, 123 м2","Unique Estates представя просторен четиристаен апартамент в новостроящ се, изключително стилен и луксозен жилищен комплекс в кв. Изгрев. Комплексът ще предлага на своите...",,,False,продава,четиристаен,София, Изгрев,,ЮНИК ЕСТЕЙТС,,https://www.imoti.net/bg/obiava/prodava--v-stroej/sofia/sofija-izgrev/chetiristaen/5851248/?sid=gFM8jD&page=14,10.0,2025-01-21 18:02:59.541196,https://www.imoti.net/bg/obiavi/r/prodava/sofia/?page=1&sid=gFM8jD,imoti.net,393,2025-01-21,,,, 123 м2,Етаж: 13 от 16
"продава Четиристаен апартамент, 238 м2","Unique Estates представя на Вашето внимание един изключителен имот находящ се в нова и модерна сграда, в предпочитания от много хора район Изгрев, кв. Дианабад.Сградата...",,,False,продава,четиристаен,София, Дианабад,,ЮНИК ЕСТЕЙТС,,https://www.imoti.net/bg/obiava/prodava--v-stroej/sofia/dianabad/chetiristaen/5785542/?sid=gFM8jD&page=14,8.0,2025-01-21 18:02:59.542265,https://www.imoti.net/bg/obiavi/r/prodava/sofia/?page=1&sid=gFM8jD,imoti.net,393,2025-01-21,,,, 238 м2,Етаж: 11 от 15
