raw_title,raw_description,price,currency,without_dds,offer_type,property_type,city,neighborhood,contact_info,agency,agency_url,details_url,num_photos,date_time_added,search_url,site,total_offers,date,ref_no,time,price_per_m2,area,floor
"Тристаен, 105m²",Тухла,394000.0,EUR,False, продажба,тристаен,София,жк. Лозенец,,,,https://homes.bg/offer/apartament-za-prodazhba/tristaen-105m2-sofiya-zhk.-lozenec/as1611439,0.0,2025-02-11 06:03:19.612715,https://www.homes.bg/api/offers?currencyId=1&filterOrderBy=0&locationId=1&typeId=ApartmentSell&neighbourhoods%5B%5D=447,homes.bg,261,2025-02-11,1611439,днес,,,
"Едностаен, 24m²","Тухла, Обзаведен, ТЕЦ",80000.0,EUR,False, продажба,едностаен,София,жк. Лозенец,,,,https://homes.bg/offer/apartament-za-prodazhba/ednostaen-24m2-sofiya-zhk.-lozenec/as1611335,5.0,2025-02-11 06:03:19.612789,https://www.homes.bg/api/offers?currencyId=1&filterOrderBy=0&locationId=1&typeId=ApartmentSell&neighbourhoods%5B%5D=447,homes.bg,261,2025-02-11,1611335,вчера,,,
"Тристаен, 132m²","Тухла, Обзаведен, Локално отопление",460000.0,EUR,False, продажба,тристаен,София,жк. Лозенец,,,,https://homes.bg/offer/apartament-za-prodazhba/tristaen-132m2-sofiya-zhk.-lozenec/as1559301,10.0,2025-02-11 06:03:19.612831,https://www.homes.bg/api/offers?currencyId=1&filterOrderBy=0&locationId=1&typeId=ApartmentSell&neighbourhoods%5B%5D=447,homes.bg,261,2025-02-11,1559301,вчера,,,
"Тристаен, 91m²","Тухла, Полуобзаведен, Електричество",369000.0,EUR,False, продажба,тристаен,София,жк. Лозенец,,,,https://homes.bg/offer/apartament-za-prodazhba/tristaen-91m2-sofiya-zhk.-lozenec/as1596252,3.0,2025-02-11 06:03:19.612861,https://www.homes.bg/api/offers?currencyId=1&filterOrderBy=0&locationId=1&typeId=ApartmentSell&neighbourhoods%5B%5D=447,homes.bg,261,2025-02-11,1596252,вчера,,,
"Тристаен, 140m²","Тухла, Необзаведен, ТЕЦ",288880.0,EUR,False, продажба,тристаен,София,жк. Лозенец,,,,https://homes.bg/offer/apartament-za-prodazhba/tristaen-140m2-sofiya-zhk.-lozenec/as1567877,8.0,2025-02-11 06:03:19.612891,https://www.homes.bg/api/offers?currencyId=1&filterOrderBy=0&locationId=1&typeId=ApartmentSell&neighbourhoods%5B%5D=447,homes.bg,261,2025-02-11,1567877,вчера,,,
"Четиристаен, 150m²","Тухла, Полуобзаведен, Локално отопление",498000.0,EUR,False, продажба,четиристаен,София,жк. Лозенец,,,,https://homes.bg/offer/apartament-za-prodazhba/chetiristaen-150m2-sofiya-zhk.-lozenec/as1557683,10.0,2025-02-11 06:03:19.612929,https://www.homes.bg/api/offers?currencyId=1&filterOrderBy=0&locationId=1&typeId=ApartmentSell&neighbourhoods%5B%5D=447,homes.bg,261,2025-02-11,1557683,вчера,,,
"Тристаен, 117m²",Тухла,389004.0,EUR,False, продажба,тристаен,София,жк. Лозенец,,,,https://homes.bg/offer/apartament-za-prodazhba/tristaen-117m2-sofiya-zhk.-lozenec/as1431870,2.0,2025-02-11 06:03:19.612959,https://www.homes.bg/api/offers?currencyId=1&filterOrderBy=0&locationId=1&typeId=ApartmentSell&neighbourhoods%5B%5D=447,homes.bg,261,2025-02-11,1431870,вчера,,,
"Двустаен, 108m²","Тухла, ТЕЦ",303824.0,EUR,False, продажба,двустаен,София,жк. Лозенец,,,,https://homes.bg/offer/apartament-za-prodazhba/dvustaen-108m2-sofiya-zhk.-lozenec/as1521411,2.0,2025-02-11 06:03:19.612986,https://www.homes.bg/api/offers?currencyId=1&filterOrderBy=0&locationId=1&typeId=ApartmentSell&neighbourhoods%5B%5D=447,homes.bg,261,2025-02-11,1521411,вчера,,,
"Четиристаен, 208m²","Тухла, ТЕЦ",582472.0,EUR,False, продажба,четиристаен,София,жк. Лозенец,,,,https://homes.bg/offer/apartament-za-prodazhba/chetiristaen-208m2-sofiya-zhk.-lozenec/as1521408,2.0,2025-02-11 06:03:19.613011,https://www.homes.bg/api/offers?currencyId=1&filterOrderBy=0&locationId=1&typeId=ApartmentSell&neighbourhoods%5B%5D=447,homes.bg,261,2025-02-11,1521408,вчера,,,
"Тристаен, 221m²","Тухла, ТЕЦ",620633.0,EUR,False, продажба,тристаен,София,жк. Лозенец,,,,https://homes.bg/offer/apartament-za-prodazhba/tristaen-221m2-sofiya-zhk.-lozenec/as1521334,2.0,2025-02-11 06:03:19.613035,https://www.homes.bg/api/offers?currencyId=1&filterOrderBy=0&locationId=1&typeId=ApartmentSell&neighbourhoods%5B%5D=447,homes.bg,261,2025-02-11,1521334,вчера,,,
"Четиристаен, 253m²","Тухла, ТЕЦ",709020.0,EUR,False, продажба,четиристаен,София,жк. Лозенец,,,,https://homes.bg/offer/apartament-za-prodazhba/chetiristaen-253m2-sofiya-zhk.-lozenec/as1521333,2.0,2025-02-11 06:03:19.613059,https://www.homes.bg/api/offers?currencyId=1&filterOrderBy=0&locationId=1&typeId=ApartmentSell&neighbourhoods%5B%5D=447,homes.bg,261,2025-02-11,1521333,вчера,,,
"Четиристаен, 156m²","Тухла, Електричество",426000.0,EUR,False, продажба,четиристаен,София,жк. Лозенец,,,,https://homes.bg/offer/apartament-za-prodazhba/chetiristaen-156m2-sofiya-zhk.-lozenec/as1494924,8.0,2025-02-11 06:03:19.613088,https://www.homes.bg/api/offers?currencyId=1&filterOrderBy=0&locationId=1&typeId=ApartmentSell&neighbourhoods%5B%5D=447,homes.bg,261,2025-02-11,1494924,вчера,,,
"Гараж, 49m²","Тухла, Обзаведен, Прокарва се",95000.0,EUR,False, продажба,,София,жк. Лозенец,,,,https://homes.bg/offer/apartament-za-prodazhba/garazh-49m2-sofiya-zhk.-lozenec/as1600016,1.0,2025-02-11 06:03:19.613110,https://www.homes.bg/api/offers?currencyId=1&filterOrderBy=0&locationId=1&typeId=ApartmentSell&neighbourhoods%5B%5D=447,homes.bg,261,2025-02-11,1600016,вчера,,,
"Многостаен, 97m²","Тухла, ТЕЦ",342405.0,EUR,False, продажба,многостаен,София,жк. Лозенец,,,,https://homes.bg/offer/apartament-za-prodazhba/mnogostaen-97m2-sofiya-zhk.-lozenec/as1592164,1.0,2025-02-11 06:03:19.613126,https://www.homes.bg/api/offers?currencyId=1&filterOrderBy=0&locationId=1&typeId=ApartmentSell&neighbourhoods%5B%5D=447,homes.bg,261,2025-02-11,1592164,вчера,,,
"Четиристаен, 120m²","Тухла, Електричество",450000.0,EUR,False, продажба,четиристаен,София,жк. Лозенец,,,,https://homes.bg/offer/apartament-za-prodazhba/chetiristaen-120m2-sofiya-zhk.-lozenec/as1563368,10.0,2025-02-11 06:03:19.613181,https://www.homes.bg/api/offers?currencyId=1&filterOrderBy=0&locationId=1&typeId=ApartmentSell&neighbourhoods%5B%5D=447,homes.bg,261,2025-02-11,1563368,вчера,,,
"Четиристаен, 420m²",Тухла,1088400.0,EUR,False, продажба,четиристаен,София,жк. Лозенец,,,,https://homes.bg/offer/apartament-za-prodazhba/chetiristaen-420m2-sofiya-zhk.-lozenec/as1501158,10.0,2025-02-11 06:03:19.613216,https://www.homes.bg/api/offers?currencyId=1&filterOrderBy=0&locationId=1&typeId=ApartmentSell&neighbourhoods%5B%5D=447,homes.bg,261,2025-02-11,1501158,вчера,,,
"Двустаен, 79m²","Тухла, ТЕЦ",217775.0,EUR,False, продажба,двустаен,София,жк. Лозенец,,,,https://homes.bg/offer/apartament-za-prodazhba/dvustaen-79m2-sofiya-zhk.-lozenec/as1521335,2.0,2025-02-11 06:03:19.613232,https://www.homes.bg/api/offers?currencyId=1&filterOrderBy=0&locationId=1&typeId=ApartmentSell&neighbourhoods%5B%5D=447,homes.bg,261,2025-02-11,1521335,вчера,,,
"Двустаен, 74m²","Тухла, ТЕЦ",192760.0,EUR,False, продажба,двустаен,София,жк. Лозенец,,,,https://homes.bg/offer/apartament-za-prodazhba/dvustaen-74m2-sofiya-zhk.-lozenec/as1521330,2.0,2025-02-11 06:03:19.613248,https://www.homes.bg/api/offers?currencyId=1&filterOrderBy=0&locationId=1&typeId=ApartmentSell&neighbourhoods%5B%5D=447,homes.bg,261,2025-02-11,1521330,вчера,,,
"Тристаен, 81m²","Панел, Обзаведен, ТЕЦ",265000.0,EUR,False, продажба,тристаен,София,жк. Лозенец,,,,https://homes.bg/offer/apartament-za-prodazhba/tristaen-81m2-sofiya-zhk.-lozenec/as1611119,10.0,2025-02-11 06:03:19.613269,https://www.homes.bg/api/offers?currencyId=1&filterOrderBy=0&locationId=1&typeId=ApartmentSell&neighbourhoods%5B%5D=447,homes.bg,261,2025-02-11,1611119,вчера,,,
"Тристаен, 89m²","Тухла, ТЕЦ",314685.0,EUR,False, продажба,тристаен,София,жк. Лозенец,,,,https://homes.bg/offer/apartament-za-prodazhba/tristaen-89m2-sofiya-zhk.-lozenec/as1602852,1.0,2025-02-11 06:03:19.613285,https://www.homes.bg/api/offers?currencyId=1&filterOrderBy=0&locationId=1&typeId=ApartmentSell&neighbourhoods%5B%5D=447,homes.bg,261,2025-02-11,1602852,вчера,,,
"Двустаен, 72m²","Тухла, Необзаведен, ТЕЦ",144000.0,EUR,False, продажба,двустаен,София,жк. Лозенец,,,,https://homes.bg/offer/apartament-za-prodazhba/dvustaen-72m2-sofiya-zhk.-lozenec/as1439020,3.0,2025-02-11 06:03:19.613301,https://www.homes.bg/api/offers?currencyId=1&filterOrderBy=0&locationId=1&typeId=ApartmentSell&neighbourhoods%5B%5D=447,homes.bg,261,2025-02-11,1439020,вчера,,,
"Четиристаен, 156m²",Тухла,398400.0,EUR,False, продажба,четиристаен,София,жк. Лозенец,,,,https://homes.bg/offer/apartament-za-prodazhba/chetiristaen-156m2-sofiya-zhk.-lozenec/as1501249,10.0,2025-02-11 06:03:19.613321,https://www.homes.bg/api/offers?currencyId=1&filterOrderBy=0&locationId=1&typeId=ApartmentSell&neighbourhoods%5B%5D=447,homes.bg,261,2025-02-11,1501249,вчера,,,
"Четиристаен, 180m²",Тухла,879360.0,EUR,False, продажба,четиристаен,София,жк. Лозенец,,,,https://homes.bg/offer/apartament-za-prodazhba/chetiristaen-180m2-sofiya-zhk.-lozenec/as1501157,10.0,2025-02-11 06:03:19.613340,https://www.homes.bg/api/offers?currencyId=1&filterOrderBy=0&locationId=1&typeId=ApartmentSell&neighbourhoods%5B%5D=447,homes.bg,261,2025-02-11,1501157,вчера,,,
"Четиристаен, 258m²",Тухла,674300.0,EUR,False, продажба,четиристаен,София,жк. Лозенец,,,,https://homes.bg/offer/apartament-za-prodazhba/chetiristaen-258m2-sofiya-zhk.-lozenec/as1501156,10.0,2025-02-11 06:03:19.613360,https://www.homes.bg/api/offers?currencyId=1&filterOrderBy=0&locationId=1&typeId=ApartmentSell&neighbourhoods%5B%5D=447,homes.bg,261,2025-02-11,1501156,вчера,,,
"Тристаен, 173m²","Тухла, ТЕЦ",485275.0,EUR,False, продажба,тристаен,София,жк. Лозенец,,,,https://homes.bg/offer/apartament-za-prodazhba/tristaen-173m2-sofiya-zhk.-lozenec/as1521410,2.0,2025-02-11 06:03:19.613376,https://www.homes.bg/api/offers?currencyId=1&filterOrderBy=0&locationId=1&typeId=ApartmentSell&neighbourhoods%5B%5D=447,homes.bg,261,2025-02-11,1521410,вчера,,,
"Тристаен, 154m²",Тухла,431708.0,EUR,False, продажба,тристаен,София,жк. Лозенец,,,,https://homes.bg/offer/apartament-za-prodazhba/tristaen-154m2-sofiya-zhk.-lozenec/as1521409,2.0,2025-02-11 06:03:19.613391,https://www.homes.bg/api/offers?currencyId=1&filterOrderBy=0&locationId=1&typeId=ApartmentSell&neighbourhoods%5B%5D=447,homes.bg,261,2025-02-11,1521409,вчера,,,
"Тристаен, 222m²","Тухла, ТЕЦ",620633.0,EUR,False, продажба,тристаен,София,жк. Лозенец,,,,https://homes.bg/offer/apartament-za-prodazhba/tristaen-222m2-sofiya-zhk.-lozenec/as1521332,2.0,2025-02-11 06:03:19.613406,https://www.homes.bg/api/offers?currencyId=1&filterOrderBy=0&locationId=1&typeId=ApartmentSell&neighbourhoods%5B%5D=447,homes.bg,261,2025-02-11,1521332,вчера,,,
"Мезонет, 156m²","Тухла, Обзаведен, ТЕЦ",400000.0,EUR,False, продажба,мезонет,София,жк. Лозенец,,,,https://homes.bg/offer/apartament-za-prodazhba/mezonet-156m2-sofiya-zhk.-lozenec/as1508627,7.0,2025-02-11 06:03:19.613424,https://www.homes.bg/api/offers?currencyId=1&filterOrderBy=0&locationId=1&typeId=ApartmentSell&neighbourhoods%5B%5D=447,homes.bg,261,2025-02-11,1508627,вчера,,,
"Двустаен, 68m²","Тухла, ТЕЦ",260000.0,EUR,False, продажба,двустаен,София,жк. Лозенец,,,,https://homes.bg/offer/apartament-za-prodazhba/dvustaen-68m2-sofiya-zhk.-lozenec/as1508434,10.0,2025-02-11 06:03:19.613453,https://www.homes.bg/api/offers?currencyId=1&filterOrderBy=0&locationId=1&typeId=ApartmentSell&neighbourhoods%5B%5D=447,homes.bg,261,2025-02-11,1508434,вчера,,,
"Тристаен, 106m²","Тухла, Електричество",380000.0,EUR,False, продажба,тристаен,София,жк. Лозенец,,,,https://homes.bg/offer/apartament-za-prodazhba/tristaen-106m2-sofiya-zhk.-lozenec/as1598612,10.0,2025-02-11 06:03:19.613473,https://www.homes.bg/api/offers?currencyId=1&filterOrderBy=0&locationId=1&typeId=ApartmentSell&neighbourhoods%5B%5D=447,homes.bg,261,2025-02-11,1598612,вчера,,,
"Двустаен, 65m²",,223093.0,EUR,False, продажба,двустаен,София,жк. Лозенец,,,,https://homes.bg/offer/apartament-za-prodazhba/dvustaen-65m2-sofiya-zhk.-lozenec/as1594624,1.0,2025-02-11 06:03:19.613488,https://www.homes.bg/api/offers?currencyId=1&filterOrderBy=0&locationId=1&typeId=ApartmentSell&neighbourhoods%5B%5D=447,homes.bg,261,2025-02-11,1594624,вчера,,,
"Тристаен, 132m²","Тухла, ТЕЦ",369707.0,EUR,False, продажба,тристаен,София,жк. Лозенец,,,,https://homes.bg/offer/apartament-za-prodazhba/tristaen-132m2-sofiya-zhk.-lozenec/as1521412,2.0,2025-02-11 06:03:19.613502,https://www.homes.bg/api/offers?currencyId=1&filterOrderBy=0&locationId=1&typeId=ApartmentSell&neighbourhoods%5B%5D=447,homes.bg,261,2025-02-11,1521412,вчера,,,
"Многостаен, 168m²","Тухла, Електричество",530000.0,EUR,False, продажба,многостаен,София,жк. Лозенец,,,,https://homes.bg/offer/apartament-za-prodazhba/mnogostaen-168m2-sofiya-zhk.-lozenec/as1508436,10.0,2025-02-11 06:03:19.613521,https://www.homes.bg/api/offers?currencyId=1&filterOrderBy=0&locationId=1&typeId=ApartmentSell&neighbourhoods%5B%5D=447,homes.bg,261,2025-02-11,1508436,вчера,,,
"Четиристаен, 168m²","Тухла, ТЕЦ",530000.0,EUR,False, продажба,четиристаен,София,жк. Лозенец,,,,https://homes.bg/offer/apartament-za-prodazhba/chetiristaen-168m2-sofiya-zhk.-lozenec/as1508435,10.0,2025-02-11 06:03:19.613541,https://www.homes.bg/api/offers?currencyId=1&filterOrderBy=0&locationId=1&typeId=ApartmentSell&neighbourhoods%5B%5D=447,homes.bg,261,2025-02-11,1508435,вчера,,,
"Тристаен, 128m²",Тухла,282000.0,EUR,False, продажба,тристаен,София,жк. Лозенец,,,,https://homes.bg/offer/apartament-za-prodazhba/tristaen-128m2-sofiya-zhk.-lozenec/as1501251,10.0,2025-02-11 06:03:19.613560,https://www.homes.bg/api/offers?currencyId=1&filterOrderBy=0&locationId=1&typeId=ApartmentSell&neighbourhoods%5B%5D=447,homes.bg,261,2025-02-11,1501251,вчера,,,
"Многостаен, 286m²",Тухла,733700.0,EUR,False, продажба,многостаен,София,жк. Лозенец,,,,https://homes.bg/offer/apartament-za-prodazhba/mnogostaen-286m2-sofiya-zhk.-lozenec/as1501160,10.0,2025-02-11 06:03:19.613577,https://www.homes.bg/api/offers?currencyId=1&filterOrderBy=0&locationId=1&typeId=ApartmentSell&neighbourhoods%5B%5D=447,homes.bg,261,2025-02-11,1501160,вчера,,,
"Многостаен, 258m²","Тухла, Електричество",657400.0,EUR,False, продажба,многостаен,София,жк. Лозенец,,,,https://homes.bg/offer/apartament-za-prodazhba/mnogostaen-258m2-sofiya-zhk.-lozenec/as1494922,10.0,2025-02-11 06:03:19.613593,https://www.homes.bg/api/offers?currencyId=1&filterOrderBy=0&locationId=1&typeId=ApartmentSell&neighbourhoods%5B%5D=447,homes.bg,261,2025-02-11,1494922,вчера,,,
"Тристаен, 90m²","Тухла, Обзаведен, Прокарва се",299000.0,EUR,False, продажба,тристаен,София,жк. Лозенец,,,,https://homes.bg/offer/apartament-za-prodazhba/tristaen-90m2-sofiya-zhk.-lozenec/as1604051,9.0,2025-02-11 06:03:19.613611,https://www.homes.bg/api/offers?currencyId=1&filterOrderBy=0&locationId=1&typeId=ApartmentSell&neighbourhoods%5B%5D=447,homes.bg,261,2025-02-11,1604051,вчера,,,
"Тристаен, 152m²","Тухла, Необзаведен, ТЕЦ",550000.0,EUR,False, продажба,тристаен,София,жк. Лозенец,,,,https://homes.bg/offer/apartament-za-prodazhba/tristaen-152m2-sofiya-zhk.-lozenec/as1610425,10.0,2025-02-11 06:03:19.613628,https://www.homes.bg/api/offers?currencyId=1&filterOrderBy=0&locationId=1&typeId=ApartmentSell&neighbourhoods%5B%5D=447,homes.bg,261,2025-02-11,1610425,,,,
"Тристаен, 91m²",Тухла,291000.0,EUR,False, продажба,тристаен,София,жк. Лозенец,,,,https://homes.bg/offer/apartament-za-prodazhba/tristaen-91m2-sofiya-zhk.-lozenec/as1603034,10.0,2025-02-11 06:03:19.613646,https://www.homes.bg/api/offers?currencyId=1&filterOrderBy=0&locationId=1&typeId=ApartmentSell&neighbourhoods%5B%5D=447,homes.bg,261,2025-02-11,1603034,,,,
"Тристаен, 86m²","Тухла, Необзаведен, Електричество",260000.0,EUR,False, продажба,тристаен,София,жк. Лозенец,,,,https://homes.bg/offer/apartament-za-prodazhba/tristaen-86m2-sofiya-zhk.-lozenec/as1597450,7.0,2025-02-11 06:03:19.613661,https://www.homes.bg/api/offers?currencyId=1&filterOrderBy=0&locationId=1&typeId=ApartmentSell&neighbourhoods%5B%5D=447,homes.bg,261,2025-02-11,1597450,,,,
"Тристаен, 189m²","Тухла, Необзаведен, ТЕЦ",566790.0,EUR,False, продажба,тристаен,София,жк. Лозенец,,,,https://homes.bg/offer/apartament-za-prodazhba/tristaen-189m2-sofiya-zhk.-lozenec/as1610654,10.0,2025-02-11 06:03:19.613680,https://www.homes.bg/api/offers?currencyId=1&filterOrderBy=0&locationId=1&typeId=ApartmentSell&neighbourhoods%5B%5D=447,homes.bg,261,2025-02-11,1610654,,,,
"Многостаен, 300m²","Тухла, Обзаведен, ТЕЦ",1350000.0,EUR,False, продажба,многостаен,София,жк. Лозенец,,,,https://homes.bg/offer/apartament-za-prodazhba/mnogostaen-300m2-sofiya-zhk.-lozenec/as1600820,9.0,2025-02-11 06:03:19.613696,https://www.homes.bg/api/offers?currencyId=1&filterOrderBy=0&locationId=1&typeId=ApartmentSell&neighbourhoods%5B%5D=447,homes.bg,261,2025-02-11,1600820,,,,
"Гараж, 25m²","Тухла, Необзаведен, Електричество",73000.0,EUR,False, продажба,,София,жк. Лозенец,,,,https://homes.bg/offer/apartament-za-prodazhba/garazh-25m2-sofiya-zhk.-lozenec/as1605363,2.0,2025-02-11 06:03:19.613721,https://www.homes.bg/api/offers?currencyId=1&filterOrderBy=0&locationId=1&typeId=ApartmentSell&neighbourhoods%5B%5D=447,homes.bg,261,2025-02-11,1605363,,,,
"Четиристаен, 156m²",Обзаведен,465000.0,EUR,False, продажба,четиристаен,София,жк. Лозенец,,,,https://homes.bg/offer/apartament-za-prodazhba/chetiristaen-156m2-sofiya-zhk.-lozenec/as1610505,1.0,2025-02-11 06:03:19.613734,https://www.homes.bg/api/offers?currencyId=1&filterOrderBy=0&locationId=1&typeId=ApartmentSell&neighbourhoods%5B%5D=447,homes.bg,261,2025-02-11,1610505,,,,
"Гараж, 25m²","Тухла, Необзаведен, Електричество",73000.0,EUR,False, продажба,,София,жк. Лозенец,,,,https://homes.bg/offer/apartament-za-prodazhba/garazh-25m2-sofiya-zhk.-lozenec/as1605670,2.0,2025-02-11 06:03:19.613746,https://www.homes.bg/api/offers?currencyId=1&filterOrderBy=0&locationId=1&typeId=ApartmentSell&neighbourhoods%5B%5D=447,homes.bg,261,2025-02-11,1605670,,,,
"Двустаен, 98m²","Тухла, ТЕЦ",267000.0,EUR,False, продажба,двустаен,София,жк. Лозенец,,,,https://homes.bg/offer/apartament-za-prodazhba/dvustaen-98m2-sofiya-zhk.-lozenec/as1601566,7.0,2025-02-11 06:03:19.613763,https://www.homes.bg/api/offers?currencyId=1&filterOrderBy=0&locationId=1&typeId=ApartmentSell&neighbourhoods%5B%5D=447,homes.bg,261,2025-02-11,1601566,,,,
"Тристаен, 143m²","Тухла, ТЕЦ",345000.0,EUR,False, продажба,тристаен,София,жк. Лозенец,,,,https://homes.bg/offer/apartament-za-prodazhba/tristaen-143m2-sofiya-zhk.-lozenec/as1575622,10.0,2025-02-11 06:03:19.613780,https://www.homes.bg/api/offers?currencyId=1&filterOrderBy=0&locationId=1&typeId=ApartmentSell&neighbourhoods%5B%5D=447,homes.bg,261,2025-02-11,1575622,,,,
"Тристаен, 128m²","Тухла, Необзаведен, Локално отопление",306600.0,EUR,False, продажба,тристаен,София,жк. Лозенец,,,,https://homes.bg/offer/apartament-za-prodazhba/tristaen-128m2-sofiya-zhk.-lozenec/as1428992,9.0,2025-02-11 06:03:19.613796,https://www.homes.bg/api/offers?currencyId=1&filterOrderBy=0&locationId=1&typeId=ApartmentSell&neighbourhoods%5B%5D=447,homes.bg,261,2025-02-11,1428992,,,,
"Тристаен, 130m²","Тухла, Необзаведен, Локално отопление",272600.0,EUR,False, продажба,тристаен,София,жк. Лозенец,,,,https://homes.bg/offer/apartament-za-prodazhba/tristaen-130m2-sofiya-zhk.-lozenec/as1428987,10.0,2025-02-11 06:03:19.613813,https://www.homes.bg/api/offers?currencyId=1&filterOrderBy=0&locationId=1&typeId=ApartmentSell&neighbourhoods%5B%5D=447,homes.bg,261,2025-02-11,1428987,,,,
"Тристаен, 90m²","Тухла, Обзаведен, Прокарва се",299000.0,EUR,False, продажба,тристаен,София,жк. Лозенец,,,,https://homes.bg/offer/apartament-za-prodazhba/tristaen-90m2-sofiya-zhk.-lozenec/as1601347,6.0,2025-02-11 06:03:19.613828,https://www.homes.bg/api/offers?currencyId=1&filterOrderBy=0&locationId=1&typeId=ApartmentSell&neighbourhoods%5B%5D=447,homes.bg,261,2025-02-11,1601347,,,,
"Двустаен, 75m²","Тухла, Необзаведен, ТЕЦ",249447.0,EUR,False, продажба,двустаен,София,жк. Лозенец,,,,https://homes.bg/offer/apartament-za-prodazhba/dvustaen-75m2-sofiya-zhk.-lozenec/as1604147,10.0,2025-02-11 06:03:19.613845,https://www.homes.bg/api/offers?currencyId=1&filterOrderBy=0&locationId=1&typeId=ApartmentSell&neighbourhoods%5B%5D=447,homes.bg,261,2025-02-11,1604147,,,,
"Тристаен, 127m²","Тухла, Обзаведен, ТЕЦ",380000.0,EUR,False, продажба,тристаен,София,жк. Лозенец,,,,https://homes.bg/offer/apartament-za-prodazhba/tristaen-127m2-sofiya-zhk.-lozenec/as1593342,10.0,2025-02-11 06:03:19.613862,https://www.homes.bg/api/offers?currencyId=1&filterOrderBy=0&locationId=1&typeId=ApartmentSell&neighbourhoods%5B%5D=447,homes.bg,261,2025-02-11,1593342,,,,
"Многостаен, 306m²","Тухла, ТЕЦ",818000.0,EUR,False, продажба,многостаен,София,жк. Лозенец,,,,https://homes.bg/offer/apartament-za-prodazhba/mnogostaen-306m2-sofiya-zhk.-lozenec/as1559737,10.0,2025-02-11 06:03:19.613879,https://www.homes.bg/api/offers?currencyId=1&filterOrderBy=0&locationId=1&typeId=ApartmentSell&neighbourhoods%5B%5D=447,homes.bg,261,2025-02-11,1559737,,,,
"Четиристаен, 246m²","Тухла, Обзаведен, Локално отопление",0.0,EUR,False, продажба,четиристаен,София,жк. Лозенец,,,,https://homes.bg/offer/apartament-za-prodazhba/chetiristaen-246m2-sofiya-zhk.-lozenec/as853844,10.0,2025-02-11 06:03:19.613897,https://www.homes.bg/api/offers?currencyId=1&filterOrderBy=0&locationId=1&typeId=ApartmentSell&neighbourhoods%5B%5D=447,homes.bg,261,2025-02-11,853844,,,,
"Тристаен, 115m²","Тухла, Обзаведен, ТЕЦ",354000.0,EUR,False, продажба,тристаен,София,жк. Лозенец,,,,https://homes.bg/offer/apartament-za-prodazhba/tristaen-115m2-sofiya-zhk.-lozenec/as1610458,4.0,2025-02-11 06:03:19.613911,https://www.homes.bg/api/offers?currencyId=1&filterOrderBy=0&locationId=1&typeId=ApartmentSell&neighbourhoods%5B%5D=447,homes.bg,261,2025-02-11,1610458,,,,
"Гараж, 17m²",Тухла,55000.0,EUR,False, продажба,,София,жк. Лозенец,,,,https://homes.bg/offer/apartament-za-prodazhba/garazh-17m2-sofiya-zhk.-lozenec/as1610126,2.0,2025-02-11 06:03:19.613923,https://www.homes.bg/api/offers?currencyId=1&filterOrderBy=0&locationId=1&typeId=ApartmentSell&neighbourhoods%5B%5D=447,homes.bg,261,2025-02-11,1610126,,,,
"Тристаен, 110m²","Тухла, Полуобзаведен, ТЕЦ",350000.0,EUR,False, продажба,тристаен,София,жк. Лозенец,,,,https://homes.bg/offer/apartament-za-prodazhba/tristaen-110m2-sofiya-zhk.-lozenec/as1518654,10.0,2025-02-11 06:03:19.613938,https://www.homes.bg/api/offers?currencyId=1&filterOrderBy=0&locationId=1&typeId=ApartmentSell&neighbourhoods%5B%5D=447,homes.bg,261,2025-02-11,1518654,,,,
"Тристаен, 113m²","Тухла, Обзаведен, Прокарва се",335000.0,EUR,False, продажба,тристаен,София,жк. Лозенец,,,,https://homes.bg/offer/apartament-za-prodazhba/tristaen-113m2-sofiya-zhk.-lozenec/as1590851,10.0,2025-02-11 06:03:19.613954,https://www.homes.bg/api/offers?currencyId=1&filterOrderBy=0&locationId=1&typeId=ApartmentSell&neighbourhoods%5B%5D=447,homes.bg,261,2025-02-11,1590851,,,,
"Тристаен, 106m²","Тухла, ТЕЦ",295000.0,EUR,False, продажба,тристаен,София,жк. Лозенец,,,,https://homes.bg/offer/apartament-za-prodazhba/tristaen-106m2-sofiya-zhk.-lozenec/as1607475,10.0,2025-02-11 06:03:19.613971,https://www.homes.bg/api/offers?currencyId=1&filterOrderBy=0&locationId=1&typeId=ApartmentSell&neighbourhoods%5B%5D=447,homes.bg,261,2025-02-11,1607475,,,,
"Тристаен, 104m²","Тухла, ТЕЦ",629500.0,EUR,False, продажба,тристаен,София,жк. Лозенец,,,,https://homes.bg/offer/apartament-za-prodazhba/tristaen-104m2-sofiya-zhk.-lozenec/as1609448,10.0,2025-02-11 06:03:19.613988,https://www.homes.bg/api/offers?currencyId=1&filterOrderBy=0&locationId=1&typeId=ApartmentSell&neighbourhoods%5B%5D=447,homes.bg,261,2025-02-11,1609448,,,,
"Двустаен, 70m²",Тухла,242000.0,EUR,False, продажба,двустаен,София,жк. Лозенец,,,,https://homes.bg/offer/apartament-za-prodazhba/dvustaen-70m2-sofiya-zhk.-lozenec/as1607739,10.0,2025-02-11 06:03:19.614005,https://www.homes.bg/api/offers?currencyId=1&filterOrderBy=0&locationId=1&typeId=ApartmentSell&neighbourhoods%5B%5D=447,homes.bg,261,2025-02-11,1607739,,,,
"Едностаен, 30m²",Обзаведен,115000.0,EUR,False, продажба,едностаен,София,жк. Лозенец,,,,https://homes.bg/offer/apartament-za-prodazhba/ednostaen-30m2-sofiya-zhk.-lozenec/as1567003,5.0,2025-02-11 06:03:19.614019,https://www.homes.bg/api/offers?currencyId=1&filterOrderBy=0&locationId=1&typeId=ApartmentSell&neighbourhoods%5B%5D=447,homes.bg,261,2025-02-11,1567003,,,,
"Тристаен, 201m²","Тухла, ТЕЦ",723888.0,EUR,False, продажба,тристаен,София,жк. Лозенец,,,,https://homes.bg/offer/apartament-za-prodazhba/tristaen-201m2-sofiya-zhk.-lozenec/as1610248,7.0,2025-02-11 06:03:19.614035,https://www.homes.bg/api/offers?currencyId=1&filterOrderBy=0&locationId=1&typeId=ApartmentSell&neighbourhoods%5B%5D=447,homes.bg,261,2025-02-11,1610248,,,,
"Тристаен, 189m²","Тухла, ТЕЦ",680148.0,EUR,False, продажба,тристаен,София,жк. Лозенец,,,,https://homes.bg/offer/apartament-za-prodazhba/tristaen-189m2-sofiya-zhk.-lozenec/as1610246,9.0,2025-02-11 06:03:19.614050,https://www.homes.bg/api/offers?currencyId=1&filterOrderBy=0&locationId=1&typeId=ApartmentSell&neighbourhoods%5B%5D=447,homes.bg,261,2025-02-11,1610246,,,,
"Двустаен, 79m²","Тухла, Обзаведен, ТЕЦ",250000.0,EUR,False, продажба,двустаен,София,жк. Лозенец,,,,https://homes.bg/offer/apartament-za-prodazhba/dvustaen-79m2-sofiya-zhk.-lozenec/as1606929,10.0,2025-02-11 06:03:19.614067,https://www.homes.bg/api/offers?currencyId=1&filterOrderBy=0&locationId=1&typeId=ApartmentSell&neighbourhoods%5B%5D=447,homes.bg,261,2025-02-11,1606929,,,,
"Четиристаен, 178m²","Тухла, Обзаведен, Локално отопление",765000.0,EUR,False, продажба,четиристаен,София,жк. Лозенец,,,,https://homes.bg/offer/apartament-za-prodazhba/chetiristaen-178m2-sofiya-zhk.-lozenec/as1609723,10.0,2025-02-11 06:03:19.614083,https://www.homes.bg/api/offers?currencyId=1&filterOrderBy=0&locationId=1&typeId=ApartmentSell&neighbourhoods%5B%5D=447,homes.bg,261,2025-02-11,1609723,,,,
"Тристаен, 83m²","Тухла, Обзаведен, Електричество",252000.0,EUR,False, продажба,тристаен,София,жк. Лозенец,,,,https://homes.bg/offer/apartament-za-prodazhba/tristaen-83m2-sofiya-zhk.-lozenec/as1592201,10.0,2025-02-11 06:03:19.614099,https://www.homes.bg/api/offers?currencyId=1&filterOrderBy=0&locationId=1&typeId=ApartmentSell&neighbourhoods%5B%5D=447,homes.bg,261,2025-02-11,1592201,,,,
"Тристаен, 127m²","Тухла, Обзаведен, ТЕЦ",380000.0,EUR,False, продажба,тристаен,София,жк. Лозенец,,,,https://homes.bg/offer/apartament-za-prodazhba/tristaen-127m2-sofiya-zhk.-lozenec/as1553662,10.0,2025-02-11 06:03:19.614115,https://www.homes.bg/api/offers?currencyId=1&filterOrderBy=0&locationId=1&typeId=ApartmentSell&neighbourhoods%5B%5D=447,homes.bg,261,2025-02-11,1553662,,,,
"Четиристаен, 333m²","Тухла, Обзаведен, ТЕЦ",2300000.0,EUR,False, продажба,четиристаен,София,жк. Лозенец,,,,https://homes.bg/offer/apartament-za-prodazhba/chetiristaen-333m2-sofiya-zhk.-lozenec/as1533423,10.0,2025-02-11 06:03:19.614131,https://www.homes.bg/api/offers?currencyId=1&filterOrderBy=0&locationId=1&typeId=ApartmentSell&neighbourhoods%5B%5D=447,homes.bg,261,2025-02-11,1533423,,,,
"Тристаен, 162m²",Тухла,340200.0,EUR,False, продажба,тристаен,София,жк. Лозенец,,,,https://homes.bg/offer/apartament-za-prodazhba/tristaen-162m2-sofiya-zhk.-lozenec/as1553441,6.0,2025-02-11 06:03:19.614227,https://www.homes.bg/api/offers?currencyId=1&filterOrderBy=0&locationId=1&typeId=ApartmentSell&neighbourhoods%5B%5D=447,homes.bg,261,2025-02-11,1553441,,,,
"Тристаен, 84m²","Тухла, Полуобзаведен, Електричество",265000.0,EUR,False, продажба,тристаен,София,жк. Лозенец,,,,https://homes.bg/offer/apartament-za-prodazhba/tristaen-84m2-sofiya-zhk.-lozenec/as1608829,10.0,2025-02-11 06:03:19.614247,https://www.homes.bg/api/offers?currencyId=1&filterOrderBy=0&locationId=1&typeId=ApartmentSell&neighbourhoods%5B%5D=447,homes.bg,261,2025-02-11,1608829,,,,
"Двустаен, 30m²","Тухла, Обзаведен, Локално отопление",115000.0,EUR,False, продажба,двустаен,София,жк. Лозенец,,,,https://homes.bg/offer/apartament-za-prodazhba/dvustaen-30m2-sofiya-zhk.-lozenec/as1609526,7.0,2025-02-11 06:03:19.614261,https://www.homes.bg/api/offers?currencyId=1&filterOrderBy=0&locationId=1&typeId=ApartmentSell&neighbourhoods%5B%5D=447,homes.bg,261,2025-02-11,1609526,,,,
"Четиристаен, 201m²","Тухла, Необзаведен, ТЕЦ",723888.0,EUR,False, продажба,четиристаен,София,жк. Лозенец,,,,https://homes.bg/offer/apartament-za-prodazhba/chetiristaen-201m2-sofiya-zhk.-lozenec/as1604148,10.0,2025-02-11 06:03:19.614275,https://www.homes.bg/api/offers?currencyId=1&filterOrderBy=0&locationId=1&typeId=ApartmentSell&neighbourhoods%5B%5D=447,homes.bg,261,2025-02-11,1604148,,,,
"Четиристаен, 208m²","Тухла, Необзаведен, ТЕЦ",715276.0,EUR,False, продажба,четиристаен,София,жк. Лозенец,,,,https://homes.bg/offer/apartament-za-prodazhba/chetiristaen-208m2-sofiya-zhk.-lozenec/as1609622,10.0,2025-02-11 06:03:19.614289,https://www.homes.bg/api/offers?currencyId=1&filterOrderBy=0&locationId=1&typeId=ApartmentSell&neighbourhoods%5B%5D=447,homes.bg,261,2025-02-11,1609622,,,,
"Четиристаен, 253m²","Тухла, Необзаведен, ТЕЦ",870677.0,EUR,False, продажба,четиристаен,София,жк. Лозенец,,,,https://homes.bg/offer/apartament-za-prodazhba/chetiristaen-253m2-sofiya-zhk.-lozenec/as1609621,10.0,2025-02-11 06:03:19.614303,https://www.homes.bg/api/offers?currencyId=1&filterOrderBy=0&locationId=1&typeId=ApartmentSell&neighbourhoods%5B%5D=447,homes.bg,261,2025-02-11,1609621,,,,
"Тристаен, 173m²","Тухла, Необзаведен, ТЕЦ",595918.0,EUR,False, продажба,тристаен,София,жк. Лозенец,,,,https://homes.bg/offer/apartament-za-prodazhba/tristaen-173m2-sofiya-zhk.-lozenec/as1609620,10.0,2025-02-11 06:03:19.614317,https://www.homes.bg/api/offers?currencyId=1&filterOrderBy=0&locationId=1&typeId=ApartmentSell&neighbourhoods%5B%5D=447,homes.bg,261,2025-02-11,1609620,,,,
"Тристаен, 132m²","Тухла, Необзаведен, ТЕЦ",437953.0,EUR,False, продажба,тристаен,София,жк. Лозенец,,,,https://homes.bg/offer/apartament-za-prodazhba/tristaen-132m2-sofiya-zhk.-lozenec/as1609619,10.0,2025-02-11 06:03:19.614332,https://www.homes.bg/api/offers?currencyId=1&filterOrderBy=0&locationId=1&typeId=ApartmentSell&neighbourhoods%5B%5D=447,homes.bg,261,2025-02-11,1609619,,,,
"Тристаен, 222m²","Тухла, Необзаведен, ТЕЦ",762137.0,EUR,False, продажба,тристаен,София,жк. Лозенец,,,,https://homes.bg/offer/apartament-za-prodazhba/tristaen-222m2-sofiya-zhk.-lozenec/as1609618,10.0,2025-02-11 06:03:19.614346,https://www.homes.bg/api/offers?currencyId=1&filterOrderBy=0&locationId=1&typeId=ApartmentSell&neighbourhoods%5B%5D=447,homes.bg,261,2025-02-11,1609618,,,,
"Тристаен, 154m²","Тухла, Необзаведен, ТЕЦ",530138.0,EUR,False, продажба,тристаен,София,жк. Лозенец,,,,https://homes.bg/offer/apartament-za-prodazhba/tristaen-154m2-sofiya-zhk.-lozenec/as1609617,10.0,2025-02-11 06:03:19.614360,https://www.homes.bg/api/offers?currencyId=1&filterOrderBy=0&locationId=1&typeId=ApartmentSell&neighbourhoods%5B%5D=447,homes.bg,261,2025-02-11,1609617,,,,
"Тристаен, 88m²","Тухла, Обзаведен, ТЕЦ",400000.0,EUR,False, продажба,тристаен,София,жк. Лозенец,,,,https://homes.bg/offer/apartament-za-prodazhba/tristaen-88m2-sofiya-zhk.-lozenec/as1609027,10.0,2025-02-11 06:03:19.614374,https://www.homes.bg/api/offers?currencyId=1&filterOrderBy=0&locationId=1&typeId=ApartmentSell&neighbourhoods%5B%5D=447,homes.bg,261,2025-02-11,1609027,,,,
"Четиристаен, 168m²","Тухла, ТЕЦ",580000.0,EUR,False, продажба,четиристаен,София,жк. Лозенец,,,,https://homes.bg/offer/apartament-za-prodazhba/chetiristaen-168m2-sofiya-zhk.-lozenec/as1604215,7.0,2025-02-11 06:03:19.614387,https://www.homes.bg/api/offers?currencyId=1&filterOrderBy=0&locationId=1&typeId=ApartmentSell&neighbourhoods%5B%5D=447,homes.bg,261,2025-02-11,1604215,,,,
"Тристаен, 84m²","Панел, Обзаведен, ТЕЦ",225000.0,EUR,False, продажба,тристаен,София,жк. Лозенец,,,,https://homes.bg/offer/apartament-za-prodazhba/tristaen-84m2-sofiya-zhk.-lozenec/as1597035,10.0,2025-02-11 06:03:19.614402,https://www.homes.bg/api/offers?currencyId=1&filterOrderBy=0&locationId=1&typeId=ApartmentSell&neighbourhoods%5B%5D=447,homes.bg,261,2025-02-11,1597035,,,,
"Многостаен, 208m²","Тухла, ТЕЦ",715276.0,EUR,False, продажба,многостаен,София,жк. Лозенец,,,,https://homes.bg/offer/apartament-za-prodazhba/mnogostaen-208m2-sofiya-zhk.-lozenec/as1525042,4.0,2025-02-11 06:03:19.614414,https://www.homes.bg/api/offers?currencyId=1&filterOrderBy=0&locationId=1&typeId=ApartmentSell&neighbourhoods%5B%5D=447,homes.bg,261,2025-02-11,1525042,,,,
"Многостаен, 253m²","Тухла, ТЕЦ",870677.0,EUR,False, продажба,многостаен,София,жк. Лозенец,,,,https://homes.bg/offer/apartament-za-prodazhba/mnogostaen-253m2-sofiya-zhk.-lozenec/as1525039,4.0,2025-02-11 06:03:19.614427,https://www.homes.bg/api/offers?currencyId=1&filterOrderBy=0&locationId=1&typeId=ApartmentSell&neighbourhoods%5B%5D=447,homes.bg,261,2025-02-11,1525039,,,,
"Тристаен, 173m²","Тухла, ТЕЦ",595918.0,EUR,False, продажба,тристаен,София,жк. Лозенец,,,,https://homes.bg/offer/apartament-za-prodazhba/tristaen-173m2-sofiya-zhk.-lozenec/as1525043,4.0,2025-02-11 06:03:19.614439,https://www.homes.bg/api/offers?currencyId=1&filterOrderBy=0&locationId=1&typeId=ApartmentSell&neighbourhoods%5B%5D=447,homes.bg,261,2025-02-11,1525043,,,,
"Тристаен, 132m²","Тухла, ТЕЦ",437953.0,EUR,False, продажба,тристаен,София,жк. Лозенец,,,,https://homes.bg/offer/apartament-za-prodazhba/tristaen-132m2-sofiya-zhk.-lozenec/as1525045,4.0,2025-02-11 06:03:19.614451,https://www.homes.bg/api/offers?currencyId=1&filterOrderBy=0&locationId=1&typeId=ApartmentSell&neighbourhoods%5B%5D=447,homes.bg,261,2025-02-11,1525045,,,,
"Тристаен, 222m²","Тухла, ТЕЦ",762137.0,EUR,False, продажба,тристаен,София,жк. Лозенец,,,,https://homes.bg/offer/apartament-za-prodazhba/tristaen-222m2-sofiya-zhk.-lozenec/as1525047,4.0,2025-02-11 06:03:19.614463,https://www.homes.bg/api/offers?currencyId=1&filterOrderBy=0&locationId=1&typeId=ApartmentSell&neighbourhoods%5B%5D=447,homes.bg,261,2025-02-11,1525047,,,,
"Тристаен, 154m²","Тухла, ТЕЦ",530138.0,EUR,False, продажба,тристаен,София,жк. Лозенец,,,,https://homes.bg/offer/apartament-za-prodazhba/tristaen-154m2-sofiya-zhk.-lozenec/as1531084,3.0,2025-02-11 06:03:19.614474,https://www.homes.bg/api/offers?currencyId=1&filterOrderBy=0&locationId=1&typeId=ApartmentSell&neighbourhoods%5B%5D=447,homes.bg,261,2025-02-11,1531084,,,,
"Четиристаен, 85m²","Тухла, Полуобзаведен",385000.0,EUR,False, продажба,четиристаен,София,жк. Лозенец,,,,https://homes.bg/offer/apartament-za-prodazhba/chetiristaen-85m2-sofiya-zhk.-lozenec/as1609067,8.0,2025-02-11 06:03:19.614487,https://www.homes.bg/api/offers?currencyId=1&filterOrderBy=0&locationId=1&typeId=ApartmentSell&neighbourhoods%5B%5D=447,homes.bg,261,2025-02-11,1609067,,,,
"Тристаен, 189m²","Тухла, Необзаведен, ТЕЦ",680148.0,EUR,False, продажба,тристаен,София,жк. Лозенец,,,,https://homes.bg/offer/apartament-za-prodazhba/tristaen-189m2-sofiya-zhk.-lozenec/as1604146,10.0,2025-02-11 06:03:19.614502,https://www.homes.bg/api/offers?currencyId=1&filterOrderBy=0&locationId=1&typeId=ApartmentSell&neighbourhoods%5B%5D=447,homes.bg,261,2025-02-11,1604146,,,,
"Двустаен, 67m²","Тухла, Обзаведен, ТЕЦ",225000.0,EUR,False, продажба,двустаен,София,жк. Лозенец,,,,https://homes.bg/offer/apartament-za-prodazhba/dvustaen-67m2-sofiya-zhk.-lozenec/as1609230,10.0,2025-02-11 06:03:19.614517,https://www.homes.bg/api/offers?currencyId=1&filterOrderBy=0&locationId=1&typeId=ApartmentSell&neighbourhoods%5B%5D=447,homes.bg,261,2025-02-11,1609230,,,,
"Четиристаен, 428m²","Тухла, Необзаведен, ТЕЦ",0.0,EUR,False, продажба,четиристаен,София,жк. Лозенец,,,,https://homes.bg/offer/apartament-za-prodazhba/chetiristaen-428m2-sofiya-zhk.-lozenec/as1282833,5.0,2025-02-11 06:03:19.614529,https://www.homes.bg/api/offers?currencyId=1&filterOrderBy=0&locationId=1&typeId=ApartmentSell&neighbourhoods%5B%5D=447,homes.bg,261,2025-02-11,1282833,,,,
"Четиристаен, 143m²","Тухла, Необзаведен, ТЕЦ",615000.0,EUR,False, продажба,четиристаен,София,жк. Лозенец,,,,https://homes.bg/offer/apartament-za-prodazhba/chetiristaen-143m2-sofiya-zhk.-lozenec/as1607821,10.0,2025-02-11 06:03:19.614544,https://www.homes.bg/api/offers?currencyId=1&filterOrderBy=0&locationId=1&typeId=ApartmentSell&neighbourhoods%5B%5D=447,homes.bg,261,2025-02-11,1607821,,,,
"Тристаен, 132m²","Тухла, Необзаведен, ТЕЦ",394680.0,EUR,False, продажба,тристаен,София,жк. Лозенец,,,,https://homes.bg/offer/apartament-za-prodazhba/tristaen-132m2-sofiya-zhk.-lozenec/as1586216,10.0,2025-02-11 06:03:19.614559,https://www.homes.bg/api/offers?currencyId=1&filterOrderBy=0&locationId=1&typeId=ApartmentSell&neighbourhoods%5B%5D=447,homes.bg,261,2025-02-11,1586216,,,,
"Многостаен, 253m²","Тухла, ТЕЦ",870677.0,EUR,False, продажба,многостаен,София,жк. Лозенец,,,,https://homes.bg/offer/apartament-za-prodazhba/mnogostaen-253m2-sofiya-zhk.-lozenec/as1525046,4.0,2025-02-11 06:03:19.614571,https://www.homes.bg/api/offers?currencyId=1&filterOrderBy=0&locationId=1&typeId=ApartmentSell&neighbourhoods%5B%5D=447,homes.bg,261,2025-02-11,1525046,,,,
"Тристаен, 222m²","Тухла, ТЕЦ",762137.0,EUR,False, продажба,тристаен,София,жк. Лозенец,,,,https://homes.bg/offer/apartament-za-prodazhba/tristaen-222m2-sofiya-zhk.-lozenec/as1525040,4.0,2025-02-11 06:03:19.614583,https://www.homes.bg/api/offers?currencyId=1&filterOrderBy=0&locationId=1&typeId=ApartmentSell&neighbourhoods%5B%5D=447,homes.bg,261,2025-02-11,1525040,,,,
"Тристаен, 221m²","Тухла, ТЕЦ",762137.0,EUR,False, продажба,тристаен,София,жк. Лозенец,,,,https://homes.bg/offer/apartament-za-prodazhba/tristaen-221m2-sofiya-zhk.-lozenec/as1586366,4.0,2025-02-11 06:03:19.614596,https://www.homes.bg/api/offers?currencyId=1&filterOrderBy=0&locationId=1&typeId=ApartmentSell&neighbourhoods%5B%5D=447,homes.bg,261,2025-02-11,1586366,,,,
"Тристаен, 132m²","Тухла, Обзаведен, Локално отопление",444000.0,EUR,False, продажба,тристаен,София,жк. Лозенец,,,,https://homes.bg/offer/apartament-za-prodazhba/tristaen-132m2-sofiya-zhk.-lozenec/as1325778,10.0,2025-02-11 06:03:19.614610,https://www.homes.bg/api/offers?currencyId=1&filterOrderBy=0&locationId=1&typeId=ApartmentSell&neighbourhoods%5B%5D=447,homes.bg,261,2025-02-11,1325778,,,,
"Многостаен, 367m²",Обзаведен,1500000.0,EUR,False, продажба,многостаен,София,жк. Лозенец,,,,https://homes.bg/offer/apartament-za-prodazhba/mnogostaen-367m2-sofiya-zhk.-lozenec/as1608923,10.0,2025-02-11 06:03:19.614627,https://www.homes.bg/api/offers?currencyId=1&filterOrderBy=0&locationId=1&typeId=ApartmentSell&neighbourhoods%5B%5D=447,homes.bg,261,2025-02-11,1608923,,,,
"Мезонет, 367m²",Обзаведен,1500000.0,EUR,False, продажба,мезонет,София,жк. Лозенец,,,,https://homes.bg/offer/apartament-za-prodazhba/mezonet-367m2-sofiya-zhk.-lozenec/as1608924,10.0,2025-02-11 06:03:22.993695,https://www.homes.bg/api/offers?currencyId=1&filterOrderBy=0&locationId=1&typeId=ApartmentSell&neighbourhoods%5B%5D=447,homes.bg,261,2025-02-11,1608924,,,,
"Тристаен, 95m²","Тухла, Полуобзаведен, ТЕЦ",350000.0,EUR,False, продажба,тристаен,София,жк. Лозенец,,,,https://homes.bg/offer/apartament-za-prodazhba/tristaen-95m2-sofiya-zhk.-lozenec/as1598389,10.0,2025-02-11 06:03:22.993779,https://www.homes.bg/api/offers?currencyId=1&filterOrderBy=0&locationId=1&typeId=ApartmentSell&neighbourhoods%5B%5D=447,homes.bg,261,2025-02-11,1598389,,,,
"Тристаен, 105m²","Тухла, Необзаведен, ТЕЦ",348990.0,EUR,False, продажба,тристаен,София,жк. Лозенец,,,,https://homes.bg/offer/apartament-za-prodazhba/tristaen-105m2-sofiya-zhk.-lozenec/as1593093,8.0,2025-02-11 06:03:22.993804,https://www.homes.bg/api/offers?currencyId=1&filterOrderBy=0&locationId=1&typeId=ApartmentSell&neighbourhoods%5B%5D=447,homes.bg,261,2025-02-11,1593093,,,,
"Четиристаен, 253m²",Необзаведен,870677.0,EUR,False, продажба,четиристаен,София,жк. Лозенец,,,,https://homes.bg/offer/apartament-za-prodazhba/chetiristaen-253m2-sofiya-zhk.-lozenec/as1451342,1.0,2025-02-11 06:03:22.993820,https://www.homes.bg/api/offers?currencyId=1&filterOrderBy=0&locationId=1&typeId=ApartmentSell&neighbourhoods%5B%5D=447,homes.bg,261,2025-02-11,1451342,,,,
"Тристаен, 222m²",Необзаведен,762137.0,EUR,False, продажба,тристаен,София,жк. Лозенец,,,,https://homes.bg/offer/apartament-za-prodazhba/tristaen-222m2-sofiya-zhk.-lozenec/as1451339,1.0,2025-02-11 06:03:22.993834,https://www.homes.bg/api/offers?currencyId=1&filterOrderBy=0&locationId=1&typeId=ApartmentSell&neighbourhoods%5B%5D=447,homes.bg,261,2025-02-11,1451339,,,,
"Четиристаен, 253m²",Необзаведен,870677.0,EUR,False, продажба,четиристаен,София,жк. Лозенец,,,,https://homes.bg/offer/apartament-za-prodazhba/chetiristaen-253m2-sofiya-zhk.-lozenec/as1451340,1.0,2025-02-11 06:03:22.993850,https://www.homes.bg/api/offers?currencyId=1&filterOrderBy=0&locationId=1&typeId=ApartmentSell&neighbourhoods%5B%5D=447,homes.bg,261,2025-02-11,1451340,,,,
"Четиристаен, 208m²",Необзаведен,715276.0,EUR,False, продажба,четиристаен,София,жк. Лозенец,,,,https://homes.bg/offer/apartament-za-prodazhba/chetiristaen-208m2-sofiya-zhk.-lozenec/as1451335,1.0,2025-02-11 06:03:22.993864,https://www.homes.bg/api/offers?currencyId=1&filterOrderBy=0&locationId=1&typeId=ApartmentSell&neighbourhoods%5B%5D=447,homes.bg,261,2025-02-11,1451335,,,,
"Тристаен, 222m²",Необзаведен,762137.0,EUR,False, продажба,тристаен,София,жк. Лозенец,,,,https://homes.bg/offer/apartament-za-prodazhba/tristaen-222m2-sofiya-zhk.-lozenec/as1451328,1.0,2025-02-11 06:03:22.993878,https://www.homes.bg/api/offers?currencyId=1&filterOrderBy=0&locationId=1&typeId=ApartmentSell&neighbourhoods%5B%5D=447,homes.bg,261,2025-02-11,1451328,,,,
"Тристаен, 222m²",Необзаведен,762137.0,EUR,False, продажба,тристаен,София,жк. Лозенец,,,,https://homes.bg/offer/apartament-za-prodazhba/tristaen-222m2-sofiya-zhk.-lozenec/as1451341,1.0,2025-02-11 06:03:22.993891,https://www.homes.bg/api/offers?currencyId=1&filterOrderBy=0&locationId=1&typeId=ApartmentSell&neighbourhoods%5B%5D=447,homes.bg,261,2025-02-11,1451341,,,,
"Тристаен, 123m²",Необзаведен,437953.0,EUR,False, продажба,тристаен,София,жк. Лозенец,,,,https://homes.bg/offer/apartament-za-prodazhba/tristaen-123m2-sofiya-zhk.-lozenec/as1451330,1.0,2025-02-11 06:03:22.993902,https://www.homes.bg/api/offers?currencyId=1&filterOrderBy=0&locationId=1&typeId=ApartmentSell&neighbourhoods%5B%5D=447,homes.bg,261,2025-02-11,1451330,,,,
"Тристаен, 173m²",Необзаведен,595918.0,EUR,False, продажба,тристаен,София,жк. Лозенец,,,,https://homes.bg/offer/apartament-za-prodazhba/tristaen-173m2-sofiya-zhk.-lozenec/as1451333,1.0,2025-02-11 06:03:22.993913,https://www.homes.bg/api/offers?currencyId=1&filterOrderBy=0&locationId=1&typeId=ApartmentSell&neighbourhoods%5B%5D=447,homes.bg,261,2025-02-11,1451333,,,,
"Тристаен, 154m²",Необзаведен,530138.0,EUR,False, продажба,тристаен,София,жк. Лозенец,,,,https://homes.bg/offer/apartament-za-prodazhba/tristaen-154m2-sofiya-zhk.-lozenec/as1451334,1.0,2025-02-11 06:03:22.993924,https://www.homes.bg/api/offers?currencyId=1&filterOrderBy=0&locationId=1&typeId=ApartmentSell&neighbourhoods%5B%5D=447,homes.bg,261,2025-02-11,1451334,,,,
"Многостаен, 140m²","Тухла, Обзаведен, Прокарва се",429000.0,EUR,False, продажба,многостаен,София,жк. Лозенец,,,,https://homes.bg/offer/apartament-za-prodazhba/mnogostaen-140m2-sofiya-zhk.-lozenec/as1607656,8.0,2025-02-11 06:03:22.993940,https://www.homes.bg/api/offers?currencyId=1&filterOrderBy=0&locationId=1&typeId=ApartmentSell&neighbourhoods%5B%5D=447,homes.bg,261,2025-02-11,1607656,,,,
"Тристаен, 111m²","Тухла, Прокарва се",530832.0,EUR,False, продажба,тристаен,София,жк. Лозенец,,,,https://homes.bg/offer/apartament-za-prodazhba/tristaen-111m2-sofiya-zhk.-lozenec/as1499029,2.0,2025-02-11 06:03:22.993952,https://www.homes.bg/api/offers?currencyId=1&filterOrderBy=0&locationId=1&typeId=ApartmentSell&neighbourhoods%5B%5D=447,homes.bg,261,2025-02-11,1499029,,,,
"Многостаен, 124m²","Тухла, Прокарва се",598656.0,EUR,False, продажба,многостаен,София,жк. Лозенец,,,,https://homes.bg/offer/apartament-za-prodazhba/mnogostaen-124m2-sofiya-zhk.-lozenec/as1499031,2.0,2025-02-11 06:03:22.993963,https://www.homes.bg/api/offers?currencyId=1&filterOrderBy=0&locationId=1&typeId=ApartmentSell&neighbourhoods%5B%5D=447,homes.bg,261,2025-02-11,1499031,,,,
"Едностаен, 36m²","Тухла, Полуобзаведен, ТЕЦ",160000.0,EUR,False, продажба,едностаен,София,жк. Лозенец,,,,https://homes.bg/offer/apartament-za-prodazhba/ednostaen-36m2-sofiya-zhk.-lozenec/as1607884,3.0,2025-02-11 06:03:22.993975,https://www.homes.bg/api/offers?currencyId=1&filterOrderBy=0&locationId=1&typeId=ApartmentSell&neighbourhoods%5B%5D=447,homes.bg,261,2025-02-11,1607884,,,,
"Гараж, 20m²","ЕПК, Необзаведен, Без отопление",40000.0,EUR,False, продажба,,София,жк. Лозенец,,,,https://homes.bg/offer/apartament-za-prodazhba/garazh-20m2-sofiya-zhk.-lozenec/as1592860,1.0,2025-02-11 06:03:22.993986,https://www.homes.bg/api/offers?currencyId=1&filterOrderBy=0&locationId=1&typeId=ApartmentSell&neighbourhoods%5B%5D=447,homes.bg,261,2025-02-11,1592860,,,,
"Многостаен, 168m²","Тухла, Обзаведен, ТЕЦ",580000.0,EUR,False, продажба,многостаен,София,жк. Лозенец,,,,https://homes.bg/offer/apartament-za-prodazhba/mnogostaen-168m2-sofiya-zhk.-lozenec/as1606711,10.0,2025-02-11 06:03:22.994002,https://www.homes.bg/api/offers?currencyId=1&filterOrderBy=0&locationId=1&typeId=ApartmentSell&neighbourhoods%5B%5D=447,homes.bg,261,2025-02-11,1606711,,,,
"Тристаен, 168m²","Тухла, Полуобзаведен, Локално отопление",550000.0,EUR,False, продажба,тристаен,София,жк. Лозенец,,,,https://homes.bg/offer/apartament-za-prodazhba/tristaen-168m2-sofiya-zhk.-lozenec/as829710,10.0,2025-02-11 06:03:22.994019,https://www.homes.bg/api/offers?currencyId=1&filterOrderBy=0&locationId=1&typeId=ApartmentSell&neighbourhoods%5B%5D=447,homes.bg,261,2025-02-11,829710,,,,
"Четиристаен, 168m²","Тухла, Обзаведен, ТЕЦ",505000.0,EUR,False, продажба,четиристаен,София,жк. Лозенец,,,,https://homes.bg/offer/apartament-za-prodazhba/chetiristaen-168m2-sofiya-zhk.-lozenec/as1540401,10.0,2025-02-11 06:03:22.994035,https://www.homes.bg/api/offers?currencyId=1&filterOrderBy=0&locationId=1&typeId=ApartmentSell&neighbourhoods%5B%5D=447,homes.bg,261,2025-02-11,1540401,,,,
"Четиристаен, 260m²","Тухла, Необзаведен, ТЕЦ",0.0,EUR,False, продажба,четиристаен,София,жк. Лозенец,,,,https://homes.bg/offer/apartament-za-prodazhba/chetiristaen-260m2-sofiya-zhk.-lozenec/as1089183,1.0,2025-02-11 06:03:22.994046,https://www.homes.bg/api/offers?currencyId=1&filterOrderBy=0&locationId=1&typeId=ApartmentSell&neighbourhoods%5B%5D=447,homes.bg,261,2025-02-11,1089183,,,,
"Двустаен, 79m²","Тухла, Полуобзаведен, ТЕЦ",249000.0,EUR,False, продажба,двустаен,София,жк. Лозенец,,,,https://homes.bg/offer/apartament-za-prodazhba/dvustaen-79m2-sofiya-zhk.-lozenec/as1531442,10.0,2025-02-11 06:03:22.994061,https://www.homes.bg/api/offers?currencyId=1&filterOrderBy=0&locationId=1&typeId=ApartmentSell&neighbourhoods%5B%5D=447,homes.bg,261,2025-02-11,1531442,,,,
"Многостаен, 233m²",Тухла,532740.0,EUR,False, продажба,многостаен,София,жк. Лозенец,,,,https://homes.bg/offer/apartament-za-prodazhba/mnogostaen-233m2-sofiya-zhk.-lozenec/as1606821,2.0,2025-02-11 06:03:22.994073,https://www.homes.bg/api/offers?currencyId=1&filterOrderBy=0&locationId=1&typeId=ApartmentSell&neighbourhoods%5B%5D=447,homes.bg,261,2025-02-11,1606821,,,,
"Четиристаен, 230m²",Тухла,477492.0,EUR,False, продажба,четиристаен,София,жк. Лозенец,,,,https://homes.bg/offer/apartament-za-prodazhba/chetiristaen-230m2-sofiya-zhk.-lozenec/as1595775,4.0,2025-02-11 06:03:22.994086,https://www.homes.bg/api/offers?currencyId=1&filterOrderBy=0&locationId=1&typeId=ApartmentSell&neighbourhoods%5B%5D=447,homes.bg,261,2025-02-11,1595775,,,,
"Четиристаен, 138m²","Тухла, Обзаведен, ТЕЦ",465000.0,EUR,False, продажба,четиристаен,София,жк. Лозенец,,,,https://homes.bg/offer/apartament-za-prodazhba/chetiristaen-138m2-sofiya-zhk.-lozenec/as1606647,10.0,2025-02-11 06:03:22.994102,https://www.homes.bg/api/offers?currencyId=1&filterOrderBy=0&locationId=1&typeId=ApartmentSell&neighbourhoods%5B%5D=447,homes.bg,261,2025-02-11,1606647,,,,
"Тристаен, 138m²","Тухла, Обзаведен, ТЕЦ",465000.0,EUR,False, продажба,тристаен,София,жк. Лозенец,,,,https://homes.bg/offer/apartament-za-prodazhba/tristaen-138m2-sofiya-zhk.-lozenec/as1573195,10.0,2025-02-11 06:03:22.994118,https://www.homes.bg/api/offers?currencyId=1&filterOrderBy=0&locationId=1&typeId=ApartmentSell&neighbourhoods%5B%5D=447,homes.bg,261,2025-02-11,1573195,,,,
"Двустаен, 30m²","Тухла, Обзаведен, Електричество",115000.0,EUR,False, продажба,двустаен,София,жк. Лозенец,,,,https://homes.bg/offer/apartament-za-prodazhba/dvustaen-30m2-sofiya-zhk.-lozenec/as1578087,10.0,2025-02-11 06:03:22.994132,https://www.homes.bg/api/offers?currencyId=1&filterOrderBy=0&locationId=1&typeId=ApartmentSell&neighbourhoods%5B%5D=447,homes.bg,261,2025-02-11,1578087,,,,
"Двустаен, 91m²","Тухла, Полуобзаведен, ТЕЦ",328500.0,EUR,False, продажба,двустаен,София,жк. Лозенец,,,,https://homes.bg/offer/apartament-za-prodazhba/dvustaen-91m2-sofiya-zhk.-lozenec/as1606644,10.0,2025-02-11 06:03:22.994173,https://www.homes.bg/api/offers?currencyId=1&filterOrderBy=0&locationId=1&typeId=ApartmentSell&neighbourhoods%5B%5D=447,homes.bg,261,2025-02-11,1606644,,,,
"Тристаен, 96m²","Тухла, Обзаведен",330000.0,EUR,False, продажба,тристаен,София,жк. Лозенец,,,,https://homes.bg/offer/apartament-za-prodazhba/tristaen-96m2-sofiya-zhk.-lozenec/as1604649,7.0,2025-02-11 06:03:22.994193,https://www.homes.bg/api/offers?currencyId=1&filterOrderBy=0&locationId=1&typeId=ApartmentSell&neighbourhoods%5B%5D=447,homes.bg,261,2025-02-11,1604649,,,,
"Четиристаен, 191m²","Тухла, Необзаведен, ТЕЦ",750000.0,EUR,False, продажба,четиристаен,София,жк. Лозенец,,,,https://homes.bg/offer/apartament-za-prodazhba/chetiristaen-191m2-sofiya-zhk.-lozenec/as1591505,10.0,2025-02-11 06:03:22.994208,https://www.homes.bg/api/offers?currencyId=1&filterOrderBy=0&locationId=1&typeId=ApartmentSell&neighbourhoods%5B%5D=447,homes.bg,261,2025-02-11,1591505,,,,
"Четиристаен, 253m²",Обзаведен,555000.0,EUR,False, продажба,четиристаен,София,жк. Лозенец,,,,https://homes.bg/offer/apartament-za-prodazhba/chetiristaen-253m2-sofiya-zhk.-lozenec/as1563983,10.0,2025-02-11 06:03:22.994222,https://www.homes.bg/api/offers?currencyId=1&filterOrderBy=0&locationId=1&typeId=ApartmentSell&neighbourhoods%5B%5D=447,homes.bg,261,2025-02-11,1563983,,,,
"Гараж, 16m²",Тухла,43500.0,EUR,False, продажба,,София,жк. Лозенец,,,,https://homes.bg/offer/apartament-za-prodazhba/garazh-16m2-sofiya-zhk.-lozenec/as1551493,4.0,2025-02-11 06:03:22.994236,https://www.homes.bg/api/offers?currencyId=1&filterOrderBy=0&locationId=1&typeId=ApartmentSell&neighbourhoods%5B%5D=447,homes.bg,261,2025-02-11,1551493,,,,
"Многостаен, 168m²","Тухла, Обзаведен, ТЕЦ",580000.0,EUR,False, продажба,многостаен,София,жк. Лозенец,,,,https://homes.bg/offer/apartament-za-prodazhba/mnogostaen-168m2-sofiya-zhk.-lozenec/as1540078,10.0,2025-02-11 06:03:22.994252,https://www.homes.bg/api/offers?currencyId=1&filterOrderBy=0&locationId=1&typeId=ApartmentSell&neighbourhoods%5B%5D=447,homes.bg,261,2025-02-11,1540078,,,,
"Тристаен, 130m²","Тухла, Необзаведен, ТЕЦ",275000.0,EUR,False, продажба,тристаен,София,жк. Лозенец,,,,https://homes.bg/offer/apartament-za-prodazhba/tristaen-130m2-sofiya-zhk.-lozenec/as1259875,10.0,2025-02-11 06:03:22.994267,https://www.homes.bg/api/offers?currencyId=1&filterOrderBy=0&locationId=1&typeId=ApartmentSell&neighbourhoods%5B%5D=447,homes.bg,261,2025-02-11,1259875,,,,
"Четиристаен, 240m²","Тухла, Обзаведен, ТЕЦ",615000.0,EUR,False, продажба,четиристаен,София,жк. Лозенец,,,,https://homes.bg/offer/apartament-za-prodazhba/chetiristaen-240m2-sofiya-zhk.-lozenec/as1563572,10.0,2025-02-11 06:03:22.994283,https://www.homes.bg/api/offers?currencyId=1&filterOrderBy=0&locationId=1&typeId=ApartmentSell&neighbourhoods%5B%5D=447,homes.bg,261,2025-02-11,1563572,,,,
"Четиристаен, 200m²","Тухла, ТЕЦ",1500000.0,EUR,False, продажба,четиристаен,София,жк. Лозенец,,,,https://homes.bg/offer/apartament-za-prodazhba/chetiristaen-200m2-sofiya-zhk.-lozenec/as1605743,10.0,2025-02-11 06:03:22.994298,https://www.homes.bg/api/offers?currencyId=1&filterOrderBy=0&locationId=1&typeId=ApartmentSell&neighbourhoods%5B%5D=447,homes.bg,261,2025-02-11,1605743,,,,
"Тристаен, 180m²","Тухла, Обзаведен",550000.0,EUR,False, продажба,тристаен,София,жк. Лозенец,,,,https://homes.bg/offer/apartament-za-prodazhba/tristaen-180m2-sofiya-zhk.-lozenec/as1605847,7.0,2025-02-11 06:03:22.994311,https://www.homes.bg/api/offers?currencyId=1&filterOrderBy=0&locationId=1&typeId=ApartmentSell&neighbourhoods%5B%5D=447,homes.bg,261,2025-02-11,1605847,,,,
"Тристаен, 129m²",Обзаведен,270700.0,EUR,False, продажба,тристаен,София,жк. Лозенец,,,,https://homes.bg/offer/apartament-za-prodazhba/tristaen-129m2-sofiya-zhk.-lozenec/as1565860,10.0,2025-02-11 06:03:22.994325,https://www.homes.bg/api/offers?currencyId=1&filterOrderBy=0&locationId=1&typeId=ApartmentSell&neighbourhoods%5B%5D=447,homes.bg,261,2025-02-11,1565860,,,,
"Гараж, 16m²",Тухла,29000.0,EUR,False, продажба,,София,жк. Лозенец,,,,https://homes.bg/offer/apartament-za-prodazhba/garazh-16m2-sofiya-zhk.-lozenec/as1585046,1.0,2025-02-11 06:03:22.994336,https://www.homes.bg/api/offers?currencyId=1&filterOrderBy=0&locationId=1&typeId=ApartmentSell&neighbourhoods%5B%5D=447,homes.bg,261,2025-02-11,1585046,,,,
"Тристаен, 115m²","Тухла, Необзаведен",251108.0,EUR,False, продажба,тристаен,София,жк. Лозенец,,,,https://homes.bg/offer/apartament-za-prodazhba/tristaen-115m2-sofiya-zhk.-lozenec/as1595773,4.0,2025-02-11 06:03:22.994347,https://www.homes.bg/api/offers?currencyId=1&filterOrderBy=0&locationId=1&typeId=ApartmentSell&neighbourhoods%5B%5D=447,homes.bg,261,2025-02-11,1595773,,,,
"Тристаен, 125m²","Тухла, Полуобзаведен, Електричество",375000.0,EUR,False, продажба,тристаен,София,жк. Лозенец,,,,https://homes.bg/offer/apartament-za-prodazhba/tristaen-125m2-sofiya-zhk.-lozenec/as1605405,0.0,2025-02-11 06:03:22.994359,https://www.homes.bg/api/offers?currencyId=1&filterOrderBy=0&locationId=1&typeId=ApartmentSell&neighbourhoods%5B%5D=447,homes.bg,261,2025-02-11,1605405,,,,
"Четиристаен, 112m²","Тухла, Необзаведен, Електричество",370000.0,EUR,False, продажба,четиристаен,София,жк. Лозенец,,,,https://homes.bg/offer/apartament-za-prodazhba/chetiristaen-112m2-sofiya-zhk.-lozenec/as1605404,0.0,2025-02-11 06:03:22.994370,https://www.homes.bg/api/offers?currencyId=1&filterOrderBy=0&locationId=1&typeId=ApartmentSell&neighbourhoods%5B%5D=447,homes.bg,261,2025-02-11,1605404,,,,
"Тристаен, 112m²","Тухла, Необзаведен, Електричество",530832.0,EUR,False, продажба,тристаен,София,жк. Лозенец,,,,https://homes.bg/offer/apartament-za-prodazhba/tristaen-112m2-sofiya-zhk.-lozenec/as1540279,10.0,2025-02-11 06:03:22.994383,https://www.homes.bg/api/offers?currencyId=1&filterOrderBy=0&locationId=1&typeId=ApartmentSell&neighbourhoods%5B%5D=447,homes.bg,261,2025-02-11,1540279,,,,
"Тристаен, 132m²","Тухла, Необзаведен, Електричество",450000.0,EUR,False, продажба,тристаен,София,жк. Лозенец,,,,https://homes.bg/offer/apartament-za-prodazhba/tristaen-132m2-sofiya-zhk.-lozenec/as1561404,10.0,2025-02-11 06:03:22.994398,https://www.homes.bg/api/offers?currencyId=1&filterOrderBy=0&locationId=1&typeId=ApartmentSell&neighbourhoods%5B%5D=447,homes.bg,261,2025-02-11,1561404,,,,
"Тристаен, 136m²","Тухла, Необзаведен, Локално отопление",369000.0,EUR,False, продажба,тристаен,София,жк. Лозенец,,,,https://homes.bg/offer/apartament-za-prodazhba/tristaen-136m2-sofiya-zhk.-lozenec/as1605109,9.0,2025-02-11 06:03:22.994411,https://www.homes.bg/api/offers?currencyId=1&filterOrderBy=0&locationId=1&typeId=ApartmentSell&neighbourhoods%5B%5D=447,homes.bg,261,2025-02-11,1605109,,,,
"Тристаен, 133m²","Тухла, Обзаведен, Локално отопление",532000.0,EUR,False, продажба,тристаен,София,жк. Лозенец,,,,https://homes.bg/offer/apartament-za-prodazhba/tristaen-133m2-sofiya-zhk.-lozenec/as1431151,10.0,2025-02-11 06:03:22.994425,https://www.homes.bg/api/offers?currencyId=1&filterOrderBy=0&locationId=1&typeId=ApartmentSell&neighbourhoods%5B%5D=447,homes.bg,261,2025-02-11,1431151,,,,
"Тристаен, 70m²","Тухла, Обзаведен, Електричество",240000.0,EUR,False, продажба,тристаен,София,жк. Лозенец,,,,https://homes.bg/offer/apartament-za-prodazhba/tristaen-70m2-sofiya-zhk.-lozenec/as1596442,10.0,2025-02-11 06:03:22.994440,https://www.homes.bg/api/offers?currencyId=1&filterOrderBy=0&locationId=1&typeId=ApartmentSell&neighbourhoods%5B%5D=447,homes.bg,261,2025-02-11,1596442,,,,
"Едностаен, 41m²","Тухла, Обзаведен, Локално отопление",148000.0,EUR,False, продажба,едностаен,София,жк. Лозенец,,,,https://homes.bg/offer/apartament-za-prodazhba/ednostaen-41m2-sofiya-zhk.-lozenec/as1604767,10.0,2025-02-11 06:03:22.994455,https://www.homes.bg/api/offers?currencyId=1&filterOrderBy=0&locationId=1&typeId=ApartmentSell&neighbourhoods%5B%5D=447,homes.bg,261,2025-02-11,1604767,,,,
"Четиристаен, 140m²","Тухла, Обзаведен, Локално отопление",580000.0,EUR,False, продажба,четиристаен,София,жк. Лозенец,,,,https://homes.bg/offer/apartament-za-prodazhba/chetiristaen-140m2-sofiya-zhk.-lozenec/as1418232,9.0,2025-02-11 06:03:22.994468,https://www.homes.bg/api/offers?currencyId=1&filterOrderBy=0&locationId=1&typeId=ApartmentSell&neighbourhoods%5B%5D=447,homes.bg,261,2025-02-11,1418232,,,,
"Четиристаен, 300m²","Тухла, Необзаведен, ТЕЦ",550000.0,EUR,False, продажба,четиристаен,София,жк. Лозенец,,,,https://homes.bg/offer/apartament-za-prodazhba/chetiristaen-300m2-sofiya-zhk.-lozenec/as858943,0.0,2025-02-11 06:03:22.994478,https://www.homes.bg/api/offers?currencyId=1&filterOrderBy=0&locationId=1&typeId=ApartmentSell&neighbourhoods%5B%5D=447,homes.bg,261,2025-02-11,858943,,,,
"Четиристаен, 136m²","Тухла, Обзаведен, Електричество",419000.0,EUR,False, продажба,четиристаен,София,жк. Лозенец,,,,https://homes.bg/offer/apartament-za-prodazhba/chetiristaen-136m2-sofiya-zhk.-lozenec/as1559813,9.0,2025-02-11 06:03:22.994490,https://www.homes.bg/api/offers?currencyId=1&filterOrderBy=0&locationId=1&typeId=ApartmentSell&neighbourhoods%5B%5D=447,homes.bg,261,2025-02-11,1559813,,,,
"Четиристаен, 150m²",Тухла,0.0,EUR,False, продажба,четиристаен,София,жк. Лозенец,,,,https://homes.bg/offer/apartament-za-prodazhba/chetiristaen-150m2-sofiya-zhk.-lozenec/as1604629,10.0,2025-02-11 06:03:22.994504,https://www.homes.bg/api/offers?currencyId=1&filterOrderBy=0&locationId=1&typeId=ApartmentSell&neighbourhoods%5B%5D=447,homes.bg,261,2025-02-11,1604629,,,,
"Тристаен, 80m²","Тухла, Полуобзаведен, ТЕЦ",249000.0,EUR,False, продажба,тристаен,София,жк. Лозенец,,,,https://homes.bg/offer/apartament-za-prodazhba/tristaen-80m2-sofiya-zhk.-lozenec/as1604240,10.0,2025-02-11 06:03:22.994518,https://www.homes.bg/api/offers?currencyId=1&filterOrderBy=0&locationId=1&typeId=ApartmentSell&neighbourhoods%5B%5D=447,homes.bg,261,2025-02-11,1604240,,,,
"Двустаен, 80m²","Тухла, Полуобзаведен, ТЕЦ",249000.0,EUR,False, продажба,двустаен,София,жк. Лозенец,,,,https://homes.bg/offer/apartament-za-prodazhba/dvustaen-80m2-sofiya-zhk.-lozenec/as1604238,9.0,2025-02-11 06:03:22.994533,https://www.homes.bg/api/offers?currencyId=1&filterOrderBy=0&locationId=1&typeId=ApartmentSell&neighbourhoods%5B%5D=447,homes.bg,261,2025-02-11,1604238,,,,
"Тристаен, 136m²","Тухла, Необзаведен, ТЕЦ",349000.0,EUR,False, продажба,тристаен,София,жк. Лозенец,,,,https://homes.bg/offer/apartament-za-prodazhba/tristaen-136m2-sofiya-zhk.-lozenec/as853828,0.0,2025-02-11 06:03:22.994543,https://www.homes.bg/api/offers?currencyId=1&filterOrderBy=0&locationId=1&typeId=ApartmentSell&neighbourhoods%5B%5D=447,homes.bg,261,2025-02-11,853828,,,,
"Мезонет, 250m²","Тухла, Полуобзаведен, ТЕЦ",500000.0,EUR,False, продажба,мезонет,София,жк. Лозенец,,,,https://homes.bg/offer/apartament-za-prodazhba/mezonet-250m2-sofiya-zhk.-lozenec/as1298842,9.0,2025-02-11 06:03:22.994556,https://www.homes.bg/api/offers?currencyId=1&filterOrderBy=0&locationId=1&typeId=ApartmentSell&neighbourhoods%5B%5D=447,homes.bg,261,2025-02-11,1298842,,,,
"Тристаен, 127m²","Тухла, Обзаведен, Локално отопление",382000.0,EUR,False, продажба,тристаен,София,жк. Лозенец,,,,https://homes.bg/offer/apartament-za-prodazhba/tristaen-127m2-sofiya-zhk.-lozenec/as1603567,10.0,2025-02-11 06:03:22.994569,https://www.homes.bg/api/offers?currencyId=1&filterOrderBy=0&locationId=1&typeId=ApartmentSell&neighbourhoods%5B%5D=447,homes.bg,261,2025-02-11,1603567,,,,
"Мезонет, 255m²","Тухла, Полуобзаведен, ТЕЦ",0.0,EUR,False, продажба,мезонет,София,жк. Лозенец,,,,https://homes.bg/offer/apartament-za-prodazhba/mezonet-255m2-sofiya-zhk.-lozenec/as829713,10.0,2025-02-11 06:03:22.994584,https://www.homes.bg/api/offers?currencyId=1&filterOrderBy=0&locationId=1&typeId=ApartmentSell&neighbourhoods%5B%5D=447,homes.bg,261,2025-02-11,829713,,,,
"Многостаен, 460m²","Тухла, Полуобзаведен, ТЕЦ",950000.0,EUR,False, продажба,многостаен,София,жк. Лозенец,,,,https://homes.bg/offer/apartament-za-prodazhba/mnogostaen-460m2-sofiya-zhk.-lozenec/as829711,4.0,2025-02-11 06:03:22.994596,https://www.homes.bg/api/offers?currencyId=1&filterOrderBy=0&locationId=1&typeId=ApartmentSell&neighbourhoods%5B%5D=447,homes.bg,261,2025-02-11,829711,,,,
"Тристаен, 110m²","Тухла, Необзаведен",310000.0,EUR,False, продажба,тристаен,София,жк. Лозенец,,,,https://homes.bg/offer/apartament-za-prodazhba/tristaen-110m2-sofiya-zhk.-lozenec/as1587995,10.0,2025-02-11 06:03:22.994610,https://www.homes.bg/api/offers?currencyId=1&filterOrderBy=0&locationId=1&typeId=ApartmentSell&neighbourhoods%5B%5D=447,homes.bg,261,2025-02-11,1587995,,,,
"Тристаен, 122m²",Тухла,420000.0,EUR,False, продажба,тристаен,София,жк. Лозенец,,,,https://homes.bg/offer/apartament-za-prodazhba/tristaen-122m2-sofiya-zhk.-lozenec/as1594864,2.0,2025-02-11 06:03:22.994620,https://www.homes.bg/api/offers?currencyId=1&filterOrderBy=0&locationId=1&typeId=ApartmentSell&neighbourhoods%5B%5D=447,homes.bg,261,2025-02-11,1594864,,,,
"Двустаен, 67m²","Тухла, Обзаведен, ТЕЦ",295000.0,EUR,False, продажба,двустаен,София,жк. Лозенец,,,,https://homes.bg/offer/apartament-za-prodazhba/dvustaen-67m2-sofiya-zhk.-lozenec/as1602898,10.0,2025-02-11 06:03:22.994633,https://www.homes.bg/api/offers?currencyId=1&filterOrderBy=0&locationId=1&typeId=ApartmentSell&neighbourhoods%5B%5D=447,homes.bg,261,2025-02-11,1602898,,,,
"Тристаен, 112m²","Тухла, Прокарва се",447969.0,EUR,False, продажба,тристаен,София,жк. Лозенец,,,,https://homes.bg/offer/apartament-za-prodazhba/tristaen-112m2-sofiya-zhk.-lozenec/as1497811,2.0,2025-02-11 06:03:22.994643,https://www.homes.bg/api/offers?currencyId=1&filterOrderBy=0&locationId=1&typeId=ApartmentSell&neighbourhoods%5B%5D=447,homes.bg,261,2025-02-11,1497811,,,,
"Тристаен, 80m²","Тухла, Полуобзаведен, ТЕЦ",249000.0,EUR,False, продажба,тристаен,София,жк. Лозенец,,,,https://homes.bg/offer/apartament-za-prodazhba/tristaen-80m2-sofiya-zhk.-lozenec/as1492619,10.0,2025-02-11 06:03:22.994656,https://www.homes.bg/api/offers?currencyId=1&filterOrderBy=0&locationId=1&typeId=ApartmentSell&neighbourhoods%5B%5D=447,homes.bg,261,2025-02-11,1492619,,,,
"Тристаен, 97m²","Тухла, Обзаведен, ТЕЦ",349500.0,EUR,False, продажба,тристаен,София,жк. Лозенец,,,,https://homes.bg/offer/apartament-za-prodazhba/tristaen-97m2-sofiya-zhk.-lozenec/as1599999,6.0,2025-02-11 06:03:22.994668,https://www.homes.bg/api/offers?currencyId=1&filterOrderBy=0&locationId=1&typeId=ApartmentSell&neighbourhoods%5B%5D=447,homes.bg,261,2025-02-11,1599999,,,,
"Многостаен, 167m²","Тухла, Необзаведен, Електричество",477492.0,EUR,False, продажба,многостаен,София,жк. Лозенец,,,,https://homes.bg/offer/apartament-za-prodazhba/mnogostaen-167m2-sofiya-zhk.-lozenec/as1599865,5.0,2025-02-11 06:03:22.994681,https://www.homes.bg/api/offers?currencyId=1&filterOrderBy=0&locationId=1&typeId=ApartmentSell&neighbourhoods%5B%5D=447,homes.bg,261,2025-02-11,1599865,,,,
"Тристаен, 74m²","Тухла, Обзаведен, ТЕЦ",349500.0,EUR,False, продажба,тристаен,София,жк. Лозенец,,,,https://homes.bg/offer/apartament-za-prodazhba/tristaen-74m2-sofiya-zhk.-lozenec/as1599182,7.0,2025-02-11 06:03:22.994694,https://www.homes.bg/api/offers?currencyId=1&filterOrderBy=0&locationId=1&typeId=ApartmentSell&neighbourhoods%5B%5D=447,homes.bg,261,2025-02-11,1599182,,,,
"Тристаен, 83m²","ЕПК, Обзаведен, ТЕЦ",320000.0,EUR,False, продажба,тристаен,София,жк. Лозенец,,,,https://homes.bg/offer/apartament-za-prodazhba/tristaen-83m2-sofiya-zhk.-lozenec/as1598922,10.0,2025-02-11 06:03:22.994708,https://www.homes.bg/api/offers?currencyId=1&filterOrderBy=0&locationId=1&typeId=ApartmentSell&neighbourhoods%5B%5D=447,homes.bg,261,2025-02-11,1598922,,,,
"Тристаен, 82m²","ЕПК, Обзаведен, ТЕЦ",320000.0,EUR,False, продажба,тристаен,София,жк. Лозенец,,,,https://homes.bg/offer/apartament-za-prodazhba/tristaen-82m2-sofiya-zhk.-lozenec/as1598744,10.0,2025-02-11 06:03:22.994722,https://www.homes.bg/api/offers?currencyId=1&filterOrderBy=0&locationId=1&typeId=ApartmentSell&neighbourhoods%5B%5D=447,homes.bg,261,2025-02-11,1598744,,,,
"Тристаен, 82m²","ЕПК, Обзаведен, ТЕЦ",320000.0,EUR,False, продажба,тристаен,София,жк. Лозенец,,,,https://homes.bg/offer/apartament-za-prodazhba/tristaen-82m2-sofiya-zhk.-lozenec/as1598588,10.0,2025-02-11 06:03:22.994735,https://www.homes.bg/api/offers?currencyId=1&filterOrderBy=0&locationId=1&typeId=ApartmentSell&neighbourhoods%5B%5D=447,homes.bg,261,2025-02-11,1598588,,,,
"Тристаен, 82m²","ЕПК, Обзаведен, ТЕЦ",320000.0,EUR,False, продажба,тристаен,София,жк. Лозенец,,,,https://homes.bg/offer/apartament-za-prodazhba/tristaen-82m2-sofiya-zhk.-lozenec/as1598716,10.0,2025-02-11 06:03:22.994751,https://www.homes.bg/api/offers?currencyId=1&filterOrderBy=0&locationId=1&typeId=ApartmentSell&neighbourhoods%5B%5D=447,homes.bg,261,2025-02-11,1598716,,,,
"Многостаен, 168m²","Тухла, Обзаведен, ТЕЦ",580000.0,EUR,False, продажба,многостаен,София,жк. Лозенец,,,,https://homes.bg/offer/apartament-za-prodazhba/mnogostaen-168m2-sofiya-zhk.-lozenec/as1590377,10.0,2025-02-11 06:03:22.994766,https://www.homes.bg/api/offers?currencyId=1&filterOrderBy=0&locationId=1&typeId=ApartmentSell&neighbourhoods%5B%5D=447,homes.bg,261,2025-02-11,1590377,,,,
"Двустаен, 72m²","Тухла, Необзаведен, Локално отопление",205000.0,EUR,False, продажба,двустаен,София,жк. Лозенец,,,,https://homes.bg/offer/apartament-za-prodazhba/dvustaen-72m2-sofiya-zhk.-lozenec/as1592941,9.0,2025-02-11 06:03:22.994780,https://www.homes.bg/api/offers?currencyId=1&filterOrderBy=0&locationId=1&typeId=ApartmentSell&neighbourhoods%5B%5D=447,homes.bg,261,2025-02-11,1592941,,,,
"Тристаен, 136m²","Тухла, Обзаведен, Електричество",408000.0,EUR,False, продажба,тристаен,София,жк. Лозенец,,,,https://homes.bg/offer/apartament-za-prodazhba/tristaen-136m2-sofiya-zhk.-lozenec/as1484872,10.0,2025-02-11 06:03:22.994793,https://www.homes.bg/api/offers?currencyId=1&filterOrderBy=0&locationId=1&typeId=ApartmentSell&neighbourhoods%5B%5D=447,homes.bg,261,2025-02-11,1484872,,,,
"Четиристаен, 191m²","Необзаведен, ТЕЦ",750000.0,EUR,False, продажба,четиристаен,София,жк. Лозенец,,,,https://homes.bg/offer/apartament-za-prodazhba/chetiristaen-191m2-sofiya-zhk.-lozenec/as1596059,10.0,2025-02-11 06:03:22.994806,https://www.homes.bg/api/offers?currencyId=1&filterOrderBy=0&locationId=1&typeId=ApartmentSell&neighbourhoods%5B%5D=447,homes.bg,261,2025-02-11,1596059,,,,
"Тристаен, 136m²","Тухла, Необзаведен, ТЕЦ",399000.0,EUR,False, продажба,тристаен,София,жк. Лозенец,,,,https://homes.bg/offer/apartament-za-prodazhba/tristaen-136m2-sofiya-zhk.-lozenec/as1527840,10.0,2025-02-11 06:03:22.994819,https://www.homes.bg/api/offers?currencyId=1&filterOrderBy=0&locationId=1&typeId=ApartmentSell&neighbourhoods%5B%5D=447,homes.bg,261,2025-02-11,1527840,,,,
"Четиристаен, 324m²",Тухла,476562.0,EUR,False, продажба,четиристаен,София,жк. Лозенец,,,,https://homes.bg/offer/apartament-za-prodazhba/chetiristaen-324m2-sofiya-zhk.-lozenec/as1595774,4.0,2025-02-11 06:03:22.994829,https://www.homes.bg/api/offers?currencyId=1&filterOrderBy=0&locationId=1&typeId=ApartmentSell&neighbourhoods%5B%5D=447,homes.bg,261,2025-02-11,1595774,,,,
"Тристаен, 134m²","Тухла, Обзаведен, ТЕЦ",382000.0,EUR,False, продажба,тристаен,София,жк. Лозенец,,,,https://homes.bg/offer/apartament-za-prodazhba/tristaen-134m2-sofiya-zhk.-lozenec/as1589917,10.0,2025-02-11 06:03:22.994842,https://www.homes.bg/api/offers?currencyId=1&filterOrderBy=0&locationId=1&typeId=ApartmentSell&neighbourhoods%5B%5D=447,homes.bg,261,2025-02-11,1589917,,,,
"Тристаен, 110m²",Тухла,363000.0,EUR,False, продажба,тристаен,София,жк. Лозенец,,,,https://homes.bg/offer/apartament-za-prodazhba/tristaen-110m2-sofiya-zhk.-lozenec/as1594339,10.0,2025-02-11 06:03:22.994855,https://www.homes.bg/api/offers?currencyId=1&filterOrderBy=0&locationId=1&typeId=ApartmentSell&neighbourhoods%5B%5D=447,homes.bg,261,2025-02-11,1594339,,,,
"Тристаен, 128m²",Тухла,512000.0,EUR,False, продажба,тристаен,София,жк. Лозенец,,,,https://homes.bg/offer/apartament-za-prodazhba/tristaen-128m2-sofiya-zhk.-lozenec/as1594582,10.0,2025-02-11 06:03:22.994868,https://www.homes.bg/api/offers?currencyId=1&filterOrderBy=0&locationId=1&typeId=ApartmentSell&neighbourhoods%5B%5D=447,homes.bg,261,2025-02-11,1594582,,,,
"Четиристаен, 125m²",Тухла,492210.0,EUR,False, продажба,четиристаен,София,жк. Лозенец,,,,https://homes.bg/offer/apartament-za-prodazhba/chetiristaen-125m2-sofiya-zhk.-lozenec/as1589572,5.0,2025-02-11 06:03:22.994879,https://www.homes.bg/api/offers?currencyId=1&filterOrderBy=0&locationId=1&typeId=ApartmentSell&neighbourhoods%5B%5D=447,homes.bg,261,2025-02-11,1589572,,,,
"Тристаен, 110m²","Необзаведен, Електричество",299990.0,EUR,False, продажба,тристаен,София,жк. Лозенец,,,,https://homes.bg/offer/apartament-za-prodazhba/tristaen-110m2-sofiya-zhk.-lozenec/as1593361,10.0,2025-02-11 06:03:22.994892,https://www.homes.bg/api/offers?currencyId=1&filterOrderBy=0&locationId=1&typeId=ApartmentSell&neighbourhoods%5B%5D=447,homes.bg,261,2025-02-11,1593361,,,,
"Тристаен, 107m²","Тухла, Обзаведен",329999.0,EUR,False, продажба,тристаен,София,жк. Лозенец,,,,https://homes.bg/offer/apartament-za-prodazhba/tristaen-107m2-sofiya-zhk.-lozenec/as1593092,10.0,2025-02-11 06:03:22.994904,https://www.homes.bg/api/offers?currencyId=1&filterOrderBy=0&locationId=1&typeId=ApartmentSell&neighbourhoods%5B%5D=447,homes.bg,261,2025-02-11,1593092,,,,
"Тристаен, 127m²","Тухла, Обзаведен, ТЕЦ",382000.0,EUR,False, продажба,тристаен,София,жк. Лозенец,,,,https://homes.bg/offer/apartament-za-prodazhba/tristaen-127m2-sofiya-zhk.-lozenec/as1583316,7.0,2025-02-11 06:03:22.994915,https://www.homes.bg/api/offers?currencyId=1&filterOrderBy=0&locationId=1&typeId=ApartmentSell&neighbourhoods%5B%5D=447,homes.bg,261,2025-02-11,1583316,,,,
"Многостаен, 306m²",Тухла,819000.0,EUR,False, продажба,многостаен,София,жк. Лозенец,,,,https://homes.bg/offer/apartament-za-prodazhba/mnogostaen-306m2-sofiya-zhk.-lozenec/as1564582,3.0,2025-02-11 06:03:22.994926,https://www.homes.bg/api/offers?currencyId=1&filterOrderBy=0&locationId=1&typeId=ApartmentSell&neighbourhoods%5B%5D=447,homes.bg,261,2025-02-11,1564582,,,,
"Четиристаен, 168m²","Тухла, Обзаведен, ТЕЦ",520000.0,EUR,False, продажба,четиристаен,София,жк. Лозенец,,,,https://homes.bg/offer/apartament-za-prodazhba/chetiristaen-168m2-sofiya-zhk.-lozenec/as1513606,10.0,2025-02-11 06:03:22.994937,https://www.homes.bg/api/offers?currencyId=1&filterOrderBy=0&locationId=1&typeId=ApartmentSell&neighbourhoods%5B%5D=447,homes.bg,261,2025-02-11,1513606,,,,
"Тристаен, 316m²","Тухла, Полуобзаведен, ТЕЦ",1100000.0,EUR,False, продажба,тристаен,София,жк. Лозенец,,,,https://homes.bg/offer/apartament-za-prodazhba/tristaen-316m2-sofiya-zhk.-lozenec/as1455166,8.0,2025-02-11 06:03:22.994948,https://www.homes.bg/api/offers?currencyId=1&filterOrderBy=0&locationId=1&typeId=ApartmentSell&neighbourhoods%5B%5D=447,homes.bg,261,2025-02-11,1455166,,,,
"Четиристаен, 132m²","Тухла, Обзаведен, Локално отопление",500000.0,EUR,False, продажба,четиристаен,София,жк. Лозенец,,,,https://homes.bg/offer/apartament-za-prodazhba/chetiristaen-132m2-sofiya-zhk.-lozenec/as1222330,0.0,2025-02-11 06:03:22.994958,https://www.homes.bg/api/offers?currencyId=1&filterOrderBy=0&locationId=1&typeId=ApartmentSell&neighbourhoods%5B%5D=447,homes.bg,261,2025-02-11,1222330,,,,
"Тристаен, 253m²",Тухла,709020.0,EUR,False, продажба,тристаен,София,жк. Лозенец,,,,https://homes.bg/offer/apartament-za-prodazhba/tristaen-253m2-sofiya-zhk.-lozenec/as1465271,2.0,2025-02-11 06:03:22.994968,https://www.homes.bg/api/offers?currencyId=1&filterOrderBy=0&locationId=1&typeId=ApartmentSell&neighbourhoods%5B%5D=447,homes.bg,261,2025-02-11,1465271,,,,
"Тристаен, 132m²","Тухла, Необзаведен",369707.0,EUR,False, продажба,тристаен,София,жк. Лозенец,,,,https://homes.bg/offer/apartament-za-prodazhba/tristaen-132m2-sofiya-zhk.-lozenec/as1540486,1.0,2025-02-11 06:03:22.994978,https://www.homes.bg/api/offers?currencyId=1&filterOrderBy=0&locationId=1&typeId=ApartmentSell&neighbourhoods%5B%5D=447,homes.bg,261,2025-02-11,1540486,,,,
"Тристаен, 221m²",Тухла,620633.0,EUR,False, продажба,тристаен,София,жк. Лозенец,,,,https://homes.bg/offer/apartament-za-prodazhba/tristaen-221m2-sofiya-zhk.-lozenec/as1465272,2.0,2025-02-11 06:03:22.994988,https://www.homes.bg/api/offers?currencyId=1&filterOrderBy=0&locationId=1&typeId=ApartmentSell&neighbourhoods%5B%5D=447,homes.bg,261,2025-02-11,1465272,,,,
"Тристаен, 154m²",Тухла,431708.0,EUR,False, продажба,тристаен,София,жк. Лозенец,,,,https://homes.bg/offer/apartament-za-prodazhba/tristaen-154m2-sofiya-zhk.-lozenec/as1465276,2.0,2025-02-11 06:03:22.994997,https://www.homes.bg/api/offers?currencyId=1&filterOrderBy=0&locationId=1&typeId=ApartmentSell&neighbourhoods%5B%5D=447,homes.bg,261,2025-02-11,1465276,,,,
"Тристаен, 173m²",Тухла,485275.0,EUR,False, продажба,тристаен,София,жк. Лозенец,,,,https://homes.bg/offer/apartament-za-prodazhba/tristaen-173m2-sofiya-zhk.-lozenec/as1465277,2.0,2025-02-11 06:03:22.995007,https://www.homes.bg/api/offers?currencyId=1&filterOrderBy=0&locationId=1&typeId=ApartmentSell&neighbourhoods%5B%5D=447,homes.bg,261,2025-02-11,1465277,,,,
"Двустаен, 253m²",Тухла,709020.0,EUR,False, продажба,двустаен,София,жк. Лозенец,,,,https://homes.bg/offer/apartament-za-prodazhba/dvustaen-253m2-sofiya-zhk.-lozenec/as1464974,2.0,2025-02-11 06:03:22.995017,https://www.homes.bg/api/offers?currencyId=1&filterOrderBy=0&locationId=1&typeId=ApartmentSell&neighbourhoods%5B%5D=447,homes.bg,261,2025-02-11,1464974,,,,
"Тристаен, 221m²",Тухла,620633.0,EUR,False, продажба,тристаен,София,жк. Лозенец,,,,https://homes.bg/offer/apartament-za-prodazhba/tristaen-221m2-sofiya-zhk.-lozenec/as1464975,2.0,2025-02-11 06:03:22.995028,https://www.homes.bg/api/offers?currencyId=1&filterOrderBy=0&locationId=1&typeId=ApartmentSell&neighbourhoods%5B%5D=447,homes.bg,261,2025-02-11,1464975,,,,
"Тристаен, 221m²",Тухла,620633.0,EUR,False, продажба,тристаен,София,жк. Лозенец,,,,https://homes.bg/offer/apartament-za-prodazhba/tristaen-221m2-sofiya-zhk.-lozenec/as1465274,2.0,2025-02-11 06:03:22.995038,https://www.homes.bg/api/offers?currencyId=1&filterOrderBy=0&locationId=1&typeId=ApartmentSell&neighbourhoods%5B%5D=447,homes.bg,261,2025-02-11,1465274,,,,
"Четиристаен, 121m²","Тухла, Необзаведен, ТЕЦ",433000.0,EUR,False, продажба,четиристаен,София,жк. Лозенец,,,,https://homes.bg/offer/apartament-za-prodazhba/chetiristaen-121m2-sofiya-zhk.-lozenec/as1577914,6.0,2025-02-11 06:03:22.995051,https://www.homes.bg/api/offers?currencyId=1&filterOrderBy=0&locationId=1&typeId=ApartmentSell&neighbourhoods%5B%5D=447,homes.bg,261,2025-02-11,1577914,,,,
"Тристаен, 155m²","Тухла, Необзаведен, ТЕЦ",530138.0,EUR,False, продажба,тристаен,София,жк. Лозенец,,,,https://homes.bg/offer/apartament-za-prodazhba/tristaen-155m2-sofiya-zhk.-lozenec/as1460744,6.0,2025-02-11 06:03:22.995062,https://www.homes.bg/api/offers?currencyId=1&filterOrderBy=0&locationId=1&typeId=ApartmentSell&neighbourhoods%5B%5D=447,homes.bg,261,2025-02-11,1460744,,,,
"Четиристаен, 208m²","Тухла, Необзаведен, ТЕЦ",715276.0,EUR,False, продажба,четиристаен,София,жк. Лозенец,,,,https://homes.bg/offer/apartament-za-prodazhba/chetiristaen-208m2-sofiya-zhk.-lozenec/as1460743,5.0,2025-02-11 06:03:22.995074,https://www.homes.bg/api/offers?currencyId=1&filterOrderBy=0&locationId=1&typeId=ApartmentSell&neighbourhoods%5B%5D=447,homes.bg,261,2025-02-11,1460743,,,,
"Четиристаен, 170m²","Тухла, Обзаведен, Електричество",486000.0,EUR,False, продажба,четиристаен,София,жк. Лозенец,,,,https://homes.bg/offer/apartament-za-prodazhba/chetiristaen-170m2-sofiya-zhk.-lozenec/as1587467,10.0,2025-02-11 06:03:22.995087,https://www.homes.bg/api/offers?currencyId=1&filterOrderBy=0&locationId=1&typeId=ApartmentSell&neighbourhoods%5B%5D=447,homes.bg,261,2025-02-11,1587467,,,,
"Тристаен, 83m²",Обзаведен,400000.0,EUR,False, продажба,тристаен,София,жк. Лозенец,,,,https://homes.bg/offer/apartament-za-prodazhba/tristaen-83m2-sofiya-zhk.-lozenec/as1365856,7.0,2025-02-11 06:03:25.753327,https://www.homes.bg/api/offers?currencyId=1&filterOrderBy=0&locationId=1&typeId=ApartmentSell&neighbourhoods%5B%5D=447,homes.bg,261,2025-02-11,1365856,,,,
"Гараж, 24m²","Тухла, Необзаведен, ТЕЦ",58000.0,EUR,False, продажба,,София,жк. Лозенец,,,,https://homes.bg/offer/apartament-za-prodazhba/garazh-24m2-sofiya-zhk.-lozenec/as1586385,1.0,2025-02-11 06:03:25.753405,https://www.homes.bg/api/offers?currencyId=1&filterOrderBy=0&locationId=1&typeId=ApartmentSell&neighbourhoods%5B%5D=447,homes.bg,261,2025-02-11,1586385,,,,
"Ателие/Таван, 33m²","Тухла, Обзаведен, Електричество",80000.0,EUR,False, продажба,,София,жк. Лозенец,,,,https://homes.bg/offer/apartament-za-prodazhba/atelie/tavan-33m2-sofiya-zhk.-lozenec/as1584622,10.0,2025-02-11 06:03:25.753431,https://www.homes.bg/api/offers?currencyId=1&filterOrderBy=0&locationId=1&typeId=ApartmentSell&neighbourhoods%5B%5D=447,homes.bg,261,2025-02-11,1584622,,,,
"Четиристаен, 253m²",Необзаведен,709000.0,EUR,False, продажба,четиристаен,София,жк. Лозенец,,,,https://homes.bg/offer/apartament-za-prodazhba/chetiristaen-253m2-sofiya-zhk.-lozenec/as1583599,10.0,2025-02-11 06:03:25.753453,https://www.homes.bg/api/offers?currencyId=1&filterOrderBy=0&locationId=1&typeId=ApartmentSell&neighbourhoods%5B%5D=447,homes.bg,261,2025-02-11,1583599,,,,
"Четиристаен, 156m²","Необзаведен, Електричество",495400.0,EUR,False, продажба,четиристаен,София,жк. Лозенец,,,,https://homes.bg/offer/apartament-za-prodazhba/chetiristaen-156m2-sofiya-zhk.-lozenec/as1582039,10.0,2025-02-11 06:03:25.753472,https://www.homes.bg/api/offers?currencyId=1&filterOrderBy=0&locationId=1&typeId=ApartmentSell&neighbourhoods%5B%5D=447,homes.bg,261,2025-02-11,1582039,,,,
"Тристаен, 128m²","Необзаведен, Електричество",374700.0,EUR,False, продажба,тристаен,София,жк. Лозенец,,,,https://homes.bg/offer/apartament-za-prodazhba/tristaen-128m2-sofiya-zhk.-lozenec/as1581841,10.0,2025-02-11 06:03:25.753489,https://www.homes.bg/api/offers?currencyId=1&filterOrderBy=0&locationId=1&typeId=ApartmentSell&neighbourhoods%5B%5D=447,homes.bg,261,2025-02-11,1581841,,,,
"Четиристаен, 181m²","Необзаведен, Електричество",998640.0,EUR,False, продажба,четиристаен,София,жк. Лозенец,,,,https://homes.bg/offer/apartament-za-prodazhba/chetiristaen-181m2-sofiya-zhk.-lozenec/as1513254,10.0,2025-02-11 06:03:25.753506,https://www.homes.bg/api/offers?currencyId=1&filterOrderBy=0&locationId=1&typeId=ApartmentSell&neighbourhoods%5B%5D=447,homes.bg,261,2025-02-11,1513254,,,,
"Мезонет, 460m²",Тухла,1680000.0,EUR,False, продажба,мезонет,София,жк. Лозенец,,,,https://homes.bg/offer/apartament-za-prodazhba/mezonet-460m2-sofiya-zhk.-lozenec/as1580153,10.0,2025-02-11 06:03:25.753524,https://www.homes.bg/api/offers?currencyId=1&filterOrderBy=0&locationId=1&typeId=ApartmentSell&neighbourhoods%5B%5D=447,homes.bg,261,2025-02-11,1580153,,,,
"Многостаен, 265m²","Тухла, ТЕЦ",790000.0,EUR,False, продажба,многостаен,София,жк. Лозенец,,,,https://homes.bg/offer/apartament-za-prodazhba/mnogostaen-265m2-sofiya-zhk.-lozenec/as1485022,10.0,2025-02-11 06:03:25.753541,https://www.homes.bg/api/offers?currencyId=1&filterOrderBy=0&locationId=1&typeId=ApartmentSell&neighbourhoods%5B%5D=447,homes.bg,261,2025-02-11,1485022,,,,
"Тристаен, 115m²","Тухла, Необзаведен, Прокарва се",382000.0,EUR,False, продажба,тристаен,София,жк. Лозенец,,,,https://homes.bg/offer/apartament-za-prodazhba/tristaen-115m2-sofiya-zhk.-lozenec/as1578704,10.0,2025-02-11 06:03:25.753561,https://www.homes.bg/api/offers?currencyId=1&filterOrderBy=0&locationId=1&typeId=ApartmentSell&neighbourhoods%5B%5D=447,homes.bg,261,2025-02-11,1578704,,,,
"Тристаен, 92m²","Тухла, Необзаведен, Прокарва се",308000.0,EUR,False, продажба,тристаен,София,жк. Лозенец,,,,https://homes.bg/offer/apartament-za-prodazhba/tristaen-92m2-sofiya-zhk.-lozenec/as1578705,10.0,2025-02-11 06:03:25.753581,https://www.homes.bg/api/offers?currencyId=1&filterOrderBy=0&locationId=1&typeId=ApartmentSell&neighbourhoods%5B%5D=447,homes.bg,261,2025-02-11,1578705,,,,
"Двустаен, 67m²","Тухла, Необзаведен, Прокарва се",222600.0,EUR,False, продажба,двустаен,София,жк. Лозенец,,,,https://homes.bg/offer/apartament-za-prodazhba/dvustaen-67m2-sofiya-zhk.-lozenec/as1578703,10.0,2025-02-11 06:03:25.753599,https://www.homes.bg/api/offers?currencyId=1&filterOrderBy=0&locationId=1&typeId=ApartmentSell&neighbourhoods%5B%5D=447,homes.bg,261,2025-02-11,1578703,,,,
"Многостаен, 182m²","Тухла, Необзаведен, Прокарва се",730000.0,EUR,False, продажба,многостаен,София,жк. Лозенец,,,,https://homes.bg/offer/apartament-za-prodazhba/mnogostaen-182m2-sofiya-zhk.-lozenec/as1578707,10.0,2025-02-11 06:03:25.753619,https://www.homes.bg/api/offers?currencyId=1&filterOrderBy=0&locationId=1&typeId=ApartmentSell&neighbourhoods%5B%5D=447,homes.bg,261,2025-02-11,1578707,,,,
"Многостаен, 196m²","Тухла, Необзаведен, Прокарва се",785000.0,EUR,False, продажба,многостаен,София,жк. Лозенец,,,,https://homes.bg/offer/apartament-za-prodazhba/mnogostaen-196m2-sofiya-zhk.-lozenec/as1578706,10.0,2025-02-11 06:03:25.753639,https://www.homes.bg/api/offers?currencyId=1&filterOrderBy=0&locationId=1&typeId=ApartmentSell&neighbourhoods%5B%5D=447,homes.bg,261,2025-02-11,1578706,,,,
"Многостаен, 381m²","Тухла, Необзаведен, Прокарва се",1.0,EUR,False, продажба,многостаен,София,жк. Лозенец,,,,https://homes.bg/offer/apartament-za-prodazhba/mnogostaen-381m2-sofiya-zhk.-lozenec/as1578708,10.0,2025-02-11 06:03:25.753657,https://www.homes.bg/api/offers?currencyId=1&filterOrderBy=0&locationId=1&typeId=ApartmentSell&neighbourhoods%5B%5D=447,homes.bg,261,2025-02-11,1578708,,,,
"Тристаен, 163m²",Обзаведен,345000.0,EUR,False, продажба,тристаен,София,жк. Лозенец,,,,https://homes.bg/offer/apartament-za-prodazhba/tristaen-163m2-sofiya-zhk.-lozenec/as1511915,6.0,2025-02-11 06:03:25.753673,https://www.homes.bg/api/offers?currencyId=1&filterOrderBy=0&locationId=1&typeId=ApartmentSell&neighbourhoods%5B%5D=447,homes.bg,261,2025-02-11,1511915,,,,
"Многостаен, 140m²","Тухла, Обзаведен, Локално отопление",580000.0,EUR,False, продажба,многостаен,София,жк. Лозенец,,,,https://homes.bg/offer/apartament-za-prodazhba/mnogostaen-140m2-sofiya-zhk.-lozenec/as1441366,10.0,2025-02-11 06:03:25.753692,https://www.homes.bg/api/offers?currencyId=1&filterOrderBy=0&locationId=1&typeId=ApartmentSell&neighbourhoods%5B%5D=447,homes.bg,261,2025-02-11,1441366,,,,
"Четиристаен, 100m²","Тухла, Необзаведен, Локално отопление",482000.0,EUR,False, продажба,четиристаен,София,жк. Лозенец,,,,https://homes.bg/offer/apartament-za-prodazhba/chetiristaen-100m2-sofiya-zhk.-lozenec/as1359018,1.0,2025-02-11 06:03:25.753706,https://www.homes.bg/api/offers?currencyId=1&filterOrderBy=0&locationId=1&typeId=ApartmentSell&neighbourhoods%5B%5D=447,homes.bg,261,2025-02-11,1359018,,,,
"Тристаен, 139m²","Тухла, Полуобзаведен",552960.0,EUR,False, продажба,тристаен,София,жк. Лозенец,,,,https://homes.bg/offer/apartament-za-prodazhba/tristaen-139m2-sofiya-zhk.-lozenec/as1569746,7.0,2025-02-11 06:03:25.753723,https://www.homes.bg/api/offers?currencyId=1&filterOrderBy=0&locationId=1&typeId=ApartmentSell&neighbourhoods%5B%5D=447,homes.bg,261,2025-02-11,1569746,,,,
"Многостаен, 124m²","Тухла, Прокарва се",492210.0,EUR,False, продажба,многостаен,София,жк. Лозенец,,,,https://homes.bg/offer/apartament-za-prodazhba/mnogostaen-124m2-sofiya-zhk.-lozenec/as1497813,2.0,2025-02-11 06:03:25.753737,https://www.homes.bg/api/offers?currencyId=1&filterOrderBy=0&locationId=1&typeId=ApartmentSell&neighbourhoods%5B%5D=447,homes.bg,261,2025-02-11,1497813,,,,
"Тристаен, 113m²","Тухла, Необзаведен, Локално отопление",282500.0,EUR,False, продажба,тристаен,София,жк. Лозенец,,,,https://homes.bg/offer/apartament-za-prodazhba/tristaen-113m2-sofiya-zhk.-lozenec/as1563943,3.0,2025-02-11 06:03:25.753752,https://www.homes.bg/api/offers?currencyId=1&filterOrderBy=0&locationId=1&typeId=ApartmentSell&neighbourhoods%5B%5D=447,homes.bg,261,2025-02-11,1563943,,,,
"Тристаен, 96m²","Тухла, Обзаведен, Прокарва се",294000.0,EUR,False, продажба,тристаен,София,жк. Лозенец,,,,https://homes.bg/offer/apartament-za-prodazhba/tristaen-96m2-sofiya-zhk.-lozenec/as1515516,5.0,2025-02-11 06:03:25.753767,https://www.homes.bg/api/offers?currencyId=1&filterOrderBy=0&locationId=1&typeId=ApartmentSell&neighbourhoods%5B%5D=447,homes.bg,261,2025-02-11,1515516,,,,
"Мезонет, 194m²","Тухла, Обзаведен, Електричество",495000.0,EUR,False, продажба,мезонет,София,жк. Лозенец,,,,https://homes.bg/offer/apartament-za-prodazhba/mezonet-194m2-sofiya-zhk.-lozenec/as1524503,10.0,2025-02-11 06:03:25.753787,https://www.homes.bg/api/offers?currencyId=1&filterOrderBy=0&locationId=1&typeId=ApartmentSell&neighbourhoods%5B%5D=447,homes.bg,261,2025-02-11,1524503,,,,
"Двустаен, 46m²","Панел, Необзаведен, ТЕЦ",125000.0,EUR,False, продажба,двустаен,София,жк. Лозенец,,,,https://homes.bg/offer/apartament-za-prodazhba/dvustaen-46m2-sofiya-zhk.-lozenec/as1555971,4.0,2025-02-11 06:03:25.753802,https://www.homes.bg/api/offers?currencyId=1&filterOrderBy=0&locationId=1&typeId=ApartmentSell&neighbourhoods%5B%5D=447,homes.bg,261,2025-02-11,1555971,,,,
"Тристаен, 131m²","Тухла, Обзаведен, Локално отопление",297000.0,EUR,False, продажба,тристаен,София,жк. Лозенец,,,,https://homes.bg/offer/apartament-za-prodazhba/tristaen-131m2-sofiya-zhk.-lozenec/as1451046,7.0,2025-02-11 06:03:25.753818,https://www.homes.bg/api/offers?currencyId=1&filterOrderBy=0&locationId=1&typeId=ApartmentSell&neighbourhoods%5B%5D=447,homes.bg,261,2025-02-11,1451046,,,,
"Тристаен, 133m²","Тухла, Необзаведен, Локално отопление",367000.0,EUR,False, продажба,тристаен,София,жк. Лозенец,,,,https://homes.bg/offer/apartament-za-prodazhba/tristaen-133m2-sofiya-zhk.-lozenec/as1555417,2.0,2025-02-11 06:03:25.753832,https://www.homes.bg/api/offers?currencyId=1&filterOrderBy=0&locationId=1&typeId=ApartmentSell&neighbourhoods%5B%5D=447,homes.bg,261,2025-02-11,1555417,,,,
"Двустаен, 80m²","Тухла, Обзаведен, Без отопление",248500.0,EUR,False, продажба,двустаен,София,жк. Лозенец,,,,https://homes.bg/offer/apartament-za-prodazhba/dvustaen-80m2-sofiya-zhk.-lozenec/as1555420,10.0,2025-02-11 06:03:25.753850,https://www.homes.bg/api/offers?currencyId=1&filterOrderBy=0&locationId=1&typeId=ApartmentSell&neighbourhoods%5B%5D=447,homes.bg,261,2025-02-11,1555420,,,,
"Тристаен, 76m²","Тухла, Обзаведен, ТЕЦ",250000.0,EUR,False, продажба,тристаен,София,жк. Лозенец,,,,https://homes.bg/offer/apartament-za-prodazhba/tristaen-76m2-sofiya-zhk.-lozenec/as1446721,3.0,2025-02-11 06:03:25.753865,https://www.homes.bg/api/offers?currencyId=1&filterOrderBy=0&locationId=1&typeId=ApartmentSell&neighbourhoods%5B%5D=447,homes.bg,261,2025-02-11,1446721,,,,
"Двустаен, 70m²","Тухла, Обзаведен, Електричество",280000.0,EUR,False, продажба,двустаен,София,жк. Лозенец,,,,https://homes.bg/offer/apartament-za-prodazhba/dvustaen-70m2-sofiya-zhk.-lozenec/as1553349,10.0,2025-02-11 06:03:25.753884,https://www.homes.bg/api/offers?currencyId=1&filterOrderBy=0&locationId=1&typeId=ApartmentSell&neighbourhoods%5B%5D=447,homes.bg,261,2025-02-11,1553349,,,,
"Двустаен, 106m²","Тухла, Обзаведен, ТЕЦ",334900.0,EUR,False, продажба,двустаен,София,жк. Лозенец,,,,https://homes.bg/offer/apartament-za-prodazhba/dvustaen-106m2-sofiya-zhk.-lozenec/as1541074,10.0,2025-02-11 06:03:25.753903,https://www.homes.bg/api/offers?currencyId=1&filterOrderBy=0&locationId=1&typeId=ApartmentSell&neighbourhoods%5B%5D=447,homes.bg,261,2025-02-11,1541074,,,,
"Четиристаен, 183m²",Тухла,317000.0,EUR,False, продажба,четиристаен,София,жк. Лозенец,,,,https://homes.bg/offer/apartament-za-prodazhba/chetiristaen-183m2-sofiya-zhk.-lozenec/as1412179,4.0,2025-02-11 06:03:25.753918,https://www.homes.bg/api/offers?currencyId=1&filterOrderBy=0&locationId=1&typeId=ApartmentSell&neighbourhoods%5B%5D=447,homes.bg,261,2025-02-11,1412179,,,,
"Мезонет, 143m²","Обзаведен, ТЕЦ",375000.0,EUR,False, продажба,мезонет,София,жк. Лозенец,,,,https://homes.bg/offer/apartament-za-prodazhba/mezonet-143m2-sofiya-zhk.-lozenec/as1509058,10.0,2025-02-11 06:03:25.753935,https://www.homes.bg/api/offers?currencyId=1&filterOrderBy=0&locationId=1&typeId=ApartmentSell&neighbourhoods%5B%5D=447,homes.bg,261,2025-02-11,1509058,,,,
"Тристаен, 95m²","Тухла, Обзаведен, Локално отопление",220000.0,EUR,False, продажба,тристаен,София,жк. Лозенец,,,,https://homes.bg/offer/apartament-za-prodazhba/tristaen-95m2-sofiya-zhk.-lozenec/as1482961,8.0,2025-02-11 06:03:25.753953,https://www.homes.bg/api/offers?currencyId=1&filterOrderBy=0&locationId=1&typeId=ApartmentSell&neighbourhoods%5B%5D=447,homes.bg,261,2025-02-11,1482961,,,,
"Тристаен, 125m²","Тухла, Необзаведен, Локално отопление",281100.0,EUR,False, продажба,тристаен,София,жк. Лозенец,,,,https://homes.bg/offer/apartament-za-prodazhba/tristaen-125m2-sofiya-zhk.-lozenec/as1520696,9.0,2025-02-11 06:03:25.753972,https://www.homes.bg/api/offers?currencyId=1&filterOrderBy=0&locationId=1&typeId=ApartmentSell&neighbourhoods%5B%5D=447,homes.bg,261,2025-02-11,1520696,,,,
"Гараж, 20m²",Тухла,29900.0,EUR,False, продажба,,София,жк. Лозенец,,,,https://homes.bg/offer/apartament-za-prodazhba/garazh-20m2-sofiya-zhk.-lozenec/as1516127,9.0,2025-02-11 06:03:25.753992,https://www.homes.bg/api/offers?currencyId=1&filterOrderBy=0&locationId=1&typeId=ApartmentSell&neighbourhoods%5B%5D=447,homes.bg,261,2025-02-11,1516127,,,,
"Тристаен, 100m²","Тухла, Необзаведен, ТЕЦ",345000.0,EUR,False, продажба,тристаен,София,жк. Лозенец,,,,https://homes.bg/offer/apartament-za-prodazhba/tristaen-100m2-sofiya-zhk.-lozenec/as1453174,7.0,2025-02-11 06:03:25.754011,https://www.homes.bg/api/offers?currencyId=1&filterOrderBy=0&locationId=1&typeId=ApartmentSell&neighbourhoods%5B%5D=447,homes.bg,261,2025-02-11,1453174,,,,
"Тристаен, 125m²",Тухла,248292.0,EUR,False, продажба,тристаен,София,жк. Лозенец,,,,https://homes.bg/offer/apartament-za-prodazhba/tristaen-125m2-sofiya-zhk.-lozenec/as1495064,10.0,2025-02-11 06:03:25.754032,https://www.homes.bg/api/offers?currencyId=1&filterOrderBy=0&locationId=1&typeId=ApartmentSell&neighbourhoods%5B%5D=447,homes.bg,261,2025-02-11,1495064,,,,
"Двустаен, 72m²","Тухла, Обзаведен",280000.0,EUR,False, продажба,двустаен,София,жк. Лозенец,,,,https://homes.bg/offer/apartament-za-prodazhba/dvustaen-72m2-sofiya-zhk.-lozenec/as1472586,10.0,2025-02-11 06:03:25.754048,https://www.homes.bg/api/offers?currencyId=1&filterOrderBy=0&locationId=1&typeId=ApartmentSell&neighbourhoods%5B%5D=447,homes.bg,261,2025-02-11,1472586,,,,
"Мезонет, 150m²","Тухла, Обзаведен, ТЕЦ",500000.0,EUR,False, продажба,мезонет,София,жк. Лозенец,,,,https://homes.bg/offer/apartament-za-prodazhba/mezonet-150m2-sofiya-zhk.-lozenec/as1222314,0.0,2025-02-11 06:03:25.754058,https://www.homes.bg/api/offers?currencyId=1&filterOrderBy=0&locationId=1&typeId=ApartmentSell&neighbourhoods%5B%5D=447,homes.bg,261,2025-02-11,1222314,,,,
"Тристаен, 100m²","ЕПК, Необзаведен, ТЕЦ",340000.0,EUR,False, продажба,тристаен,София,жк. Лозенец,,,,https://homes.bg/offer/apartament-za-prodazhba/tristaen-100m2-sofiya-zhk.-lozenec/as1454812,6.0,2025-02-11 06:03:25.754071,https://www.homes.bg/api/offers?currencyId=1&filterOrderBy=0&locationId=1&typeId=ApartmentSell&neighbourhoods%5B%5D=447,homes.bg,261,2025-02-11,1454812,,,,
"Тристаен, 88m²","ЕПК, Обзаведен, Електричество",263000.0,EUR,False, продажба,тристаен,София,жк. Лозенец,,,,https://homes.bg/offer/apartament-za-prodazhba/tristaen-88m2-sofiya-zhk.-lozenec/as1447048,10.0,2025-02-11 06:03:25.754086,https://www.homes.bg/api/offers?currencyId=1&filterOrderBy=0&locationId=1&typeId=ApartmentSell&neighbourhoods%5B%5D=447,homes.bg,261,2025-02-11,1447048,,,,
"Двустаен, 90m²","Тухла, Обзаведен",245000.0,EUR,False, продажба,двустаен,София,жк. Лозенец,,,,https://homes.bg/offer/apartament-za-prodazhba/dvustaen-90m2-sofiya-zhk.-lozenec/as1443019,10.0,2025-02-11 06:03:25.754102,https://www.homes.bg/api/offers?currencyId=1&filterOrderBy=0&locationId=1&typeId=ApartmentSell&neighbourhoods%5B%5D=447,homes.bg,261,2025-02-11,1443019,,,,
"Двустаен, 70m²","Тухла, Обзаведен, ТЕЦ",279500.0,EUR,False, продажба,двустаен,София,жк. Лозенец,,,,https://homes.bg/offer/apartament-za-prodazhba/dvustaen-70m2-sofiya-zhk.-lozenec/as1453460,10.0,2025-02-11 06:03:25.754116,https://www.homes.bg/api/offers?currencyId=1&filterOrderBy=0&locationId=1&typeId=ApartmentSell&neighbourhoods%5B%5D=447,homes.bg,261,2025-02-11,1453460,,,,
"Мезонет, 430m²",Тухла,728360.0,EUR,False, продажба,мезонет,София,жк. Лозенец,,,,https://homes.bg/offer/apartament-za-prodazhba/mezonet-430m2-sofiya-zhk.-lozenec/as1395368,1.0,2025-02-11 06:03:25.754126,https://www.homes.bg/api/offers?currencyId=1&filterOrderBy=0&locationId=1&typeId=ApartmentSell&neighbourhoods%5B%5D=447,homes.bg,261,2025-02-11,1395368,,,,
"Многостаен, 270m²","Тухла, Обзаведен, ТЕЦ",480000.0,EUR,False, продажба,многостаен,София,жк. Лозенец,,,,https://homes.bg/offer/apartament-za-prodazhba/mnogostaen-270m2-sofiya-zhk.-lozenec/as1271331,8.0,2025-02-11 06:03:25.754139,https://www.homes.bg/api/offers?currencyId=1&filterOrderBy=0&locationId=1&typeId=ApartmentSell&neighbourhoods%5B%5D=447,homes.bg,261,2025-02-11,1271331,,,,
"Мезонет, 145m²","Тухла, Необзаведен, ТЕЦ",398000.0,EUR,False, продажба,мезонет,София,жк. Лозенец,,,,https://homes.bg/offer/apartament-za-prodazhba/mezonet-145m2-sofiya-zhk.-lozenec/as1411262,6.0,2025-02-11 06:03:25.754166,https://www.homes.bg/api/offers?currencyId=1&filterOrderBy=0&locationId=1&typeId=ApartmentSell&neighbourhoods%5B%5D=447,homes.bg,261,2025-02-11,1411262,,,,
"Тристаен, 100m²","Тухла, Обзаведен",350000.0,EUR,False, продажба,тристаен,София,жк. Лозенец,,,,https://homes.bg/offer/apartament-za-prodazhba/tristaen-100m2-sofiya-zhk.-lozenec/as1481661,0.0,2025-02-11 06:03:25.754178,https://www.homes.bg/api/offers?currencyId=1&filterOrderBy=0&locationId=1&typeId=ApartmentSell&neighbourhoods%5B%5D=447,homes.bg,261,2025-02-11,1481661,,,,
"Тристаен, 116m²","Тухла, Обзаведен",334000.0,EUR,False, продажба,тристаен,София,жк. Лозенец,,,,https://homes.bg/offer/apartament-za-prodazhba/tristaen-116m2-sofiya-zhk.-lozenec/as1591401,7.0,2025-02-11 06:03:25.754192,https://www.homes.bg/api/offers?currencyId=1&filterOrderBy=0&locationId=1&typeId=ApartmentSell&neighbourhoods%5B%5D=447,homes.bg,261,2025-02-11,1591401,,,,
"Тристаен, 82m²","ЕПК, Обзаведен, ТЕЦ",320000.0,EUR,False, продажба,тристаен,София,жк. Лозенец,,,,https://homes.bg/offer/apartament-za-prodazhba/tristaen-82m2-sofiya-zhk.-lozenec/as1598706,8.0,2025-02-11 06:03:25.754207,https://www.homes.bg/api/offers?currencyId=1&filterOrderBy=0&locationId=1&typeId=ApartmentSell&neighbourhoods%5B%5D=447,homes.bg,261,2025-02-11,1598706,,,,
"Двустаен, 64m²","Тухла, Необзаведен",253000.0,EUR,False, продажба,двустаен,София,жк. Лозенец,,,,https://homes.bg/offer/apartament-za-prodazhba/dvustaen-64m2-sofiya-zhk.-lozenec/as1599839,6.0,2025-02-11 06:03:25.754221,https://www.homes.bg/api/offers?currencyId=1&filterOrderBy=0&locationId=1&typeId=ApartmentSell&neighbourhoods%5B%5D=447,homes.bg,261,2025-02-11,1599839,,,,
"Мезонет, 330m²","Тухла, Обзаведен, Локално отопление",700000.0,EUR,False, продажба,мезонет,София,жк. Лозенец,,,,https://homes.bg/offer/apartament-za-prodazhba/mezonet-330m2-sofiya-zhk.-lozenec/as977599,7.0,2025-02-11 06:03:25.754235,https://www.homes.bg/api/offers?currencyId=1&filterOrderBy=0&locationId=1&typeId=ApartmentSell&neighbourhoods%5B%5D=447,homes.bg,261,2025-02-11,977599,,,,
"Тристаен, 132m²","Тухла, Необзаведен, ТЕЦ",399000.0,EUR,False, продажба,тристаен,София,жк. Лозенец,,,,https://homes.bg/offer/apartament-za-prodazhba/tristaen-132m2-sofiya-zhk.-lozenec/as1571472,3.0,2025-02-11 06:03:25.754247,https://www.homes.bg/api/offers?currencyId=1&filterOrderBy=0&locationId=1&typeId=ApartmentSell&neighbourhoods%5B%5D=447,homes.bg,261,2025-02-11,1571472,,,,
"Мезонет, 143m²","Тухла, Обзаведен, ТЕЦ",345000.0,EUR,False, продажба,мезонет,София,жк. Лозенец,,,,https://homes.bg/offer/apartament-za-prodazhba/mezonet-143m2-sofiya-zhk.-lozenec/as1571713,8.0,2025-02-11 06:03:25.754261,https://www.homes.bg/api/offers?currencyId=1&filterOrderBy=0&locationId=1&typeId=ApartmentSell&neighbourhoods%5B%5D=447,homes.bg,261,2025-02-11,1571713,,,,
"Тристаен, 180m²","Тухла, Обзаведен",450000.0,EUR,False, продажба,тристаен,София,жк. Лозенец,,,,https://homes.bg/offer/apartament-za-prodazhba/tristaen-180m2-sofiya-zhk.-lozenec/as1410071,7.0,2025-02-11 06:03:25.754276,https://www.homes.bg/api/offers?currencyId=1&filterOrderBy=0&locationId=1&typeId=ApartmentSell&neighbourhoods%5B%5D=447,homes.bg,261,2025-02-11,1410071,,,,
"Многостаен, 136m²","Тухла, Обзаведен",419000.0,EUR,False, продажба,многостаен,София,жк. Лозенец,,,,https://homes.bg/offer/apartament-za-prodazhba/mnogostaen-136m2-sofiya-zhk.-lozenec/as1568954,7.0,2025-02-11 06:03:25.754291,https://www.homes.bg/api/offers?currencyId=1&filterOrderBy=0&locationId=1&typeId=ApartmentSell&neighbourhoods%5B%5D=447,homes.bg,261,2025-02-11,1568954,,,,
"Четиристаен, 160m²","Тухла, Необзаведен",375000.0,EUR,False, продажба,четиристаен,София,жк. Лозенец,,,,https://homes.bg/offer/apartament-za-prodazhba/chetiristaen-160m2-sofiya-zhk.-lozenec/as1602866,0.0,2025-02-11 06:03:25.754302,https://www.homes.bg/api/offers?currencyId=1&filterOrderBy=0&locationId=1&typeId=ApartmentSell&neighbourhoods%5B%5D=447,homes.bg,261,2025-02-11,1602866,,,,
"Ателие/Таван, 36m²","Тухла, Необзаведен",77000.0,EUR,False, продажба,,София,жк. Лозенец,,,,https://homes.bg/offer/apartament-za-prodazhba/atelie/tavan-36m2-sofiya-zhk.-lozenec/as1571887,0.0,2025-02-11 06:03:25.754312,https://www.homes.bg/api/offers?currencyId=1&filterOrderBy=0&locationId=1&typeId=ApartmentSell&neighbourhoods%5B%5D=447,homes.bg,261,2025-02-11,1571887,,,,
"Тристаен, 85m²","Тухла, Необзаведен",252000.0,EUR,False, продажба,тристаен,София,жк. Лозенец,,,,https://homes.bg/offer/apartament-za-prodazhba/tristaen-85m2-sofiya-zhk.-lozenec/as1578492,7.0,2025-02-11 06:03:25.754327,https://www.homes.bg/api/offers?currencyId=1&filterOrderBy=0&locationId=1&typeId=ApartmentSell&neighbourhoods%5B%5D=447,homes.bg,261,2025-02-11,1578492,,,,
"Четиристаен, 121m²","Тухла, Необзаведен, ТЕЦ",450000.0,EUR,False, продажба,четиристаен,София,жк. Лозенец,,,,https://homes.bg/offer/apartament-za-prodazhba/chetiristaen-121m2-sofiya-zhk.-lozenec/as1597300,3.0,2025-02-11 06:03:25.754339,https://www.homes.bg/api/offers?currencyId=1&filterOrderBy=0&locationId=1&typeId=ApartmentSell&neighbourhoods%5B%5D=447,homes.bg,261,2025-02-11,1597300,,,,
"Тристаен, 97m²","Тухла, Обзаведен, ТЕЦ",383250.0,EUR,False, продажба,тристаен,София,жк. Лозенец,,,,https://homes.bg/offer/apartament-za-prodazhba/tristaen-97m2-sofiya-zhk.-lozenec/as1599840,6.0,2025-02-11 06:03:25.754353,https://www.homes.bg/api/offers?currencyId=1&filterOrderBy=0&locationId=1&typeId=ApartmentSell&neighbourhoods%5B%5D=447,homes.bg,261,2025-02-11,1599840,,,,
"Тристаен, 150m²","Тухла, Необзаведен",375000.0,EUR,False, продажба,тристаен,София,жк. Лозенец,,,,https://homes.bg/offer/apartament-za-prodazhba/tristaen-150m2-sofiya-zhk.-lozenec/as1602865,5.0,2025-02-11 06:03:25.754366,https://www.homes.bg/api/offers?currencyId=1&filterOrderBy=0&locationId=1&typeId=ApartmentSell&neighbourhoods%5B%5D=447,homes.bg,261,2025-02-11,1602865,,,,
