raw_title,raw_description,price,currency,without_dds,offer_type,property_type,city,neighborhood,contact_info,agency,agency_url,details_url,num_photos,date_time_added,search_url,site,total_offers,date,ref_no,time,price_per_m2,area,floor
"Тристаен, 123m²",Необзаведен,352736.0,EUR,False, продажба,тристаен,София,жк. Стрелбище,,,,https://homes.bg/offer/apartament-za-prodazhba/tristaen-123m2-sofiya-zhk.-strelbishte/as1613018,2.0,2025-02-19 18:02:44.029610,https://www.homes.bg/api/offers?currencyId=1&filterOrderBy=0&locationId=1&typeId=ApartmentSell&neighbourhoods%5B%5D=515,homes.bg,84,2025-02-19,1613018,днес,,,
"Двустаен, 76m²",Необзаведен,218526.0,EUR,False, продажба,двустаен,София,жк. Стрелбище,,,,https://homes.bg/offer/apartament-za-prodazhba/dvustaen-76m2-sofiya-zhk.-strelbishte/as1613016,2.0,2025-02-19 18:02:44.029684,https://www.homes.bg/api/offers?currencyId=1&filterOrderBy=0&locationId=1&typeId=ApartmentSell&neighbourhoods%5B%5D=515,homes.bg,84,2025-02-19,1613016,днес,,,
"Едностаен, 32m²","Тухла, ТЕЦ",121255.0,EUR,False, продажба,едностаен,София,жк. Стрелбище,,,,https://homes.bg/offer/apartament-za-prodazhba/ednostaen-32m2-sofiya-zhk.-strelbishte/as1591701,2.0,2025-02-19 18:02:44.029723,https://www.homes.bg/api/offers?currencyId=1&filterOrderBy=0&locationId=1&typeId=ApartmentSell&neighbourhoods%5B%5D=515,homes.bg,84,2025-02-19,1591701,днес,,,
"Двустаен, 65m²","Тухла, ТЕЦ",242400.0,EUR,False, продажба,двустаен,София,жк. Стрелбище,,,,https://homes.bg/offer/apartament-za-prodazhba/dvustaen-65m2-sofiya-zhk.-strelbishte/as1591702,1.0,2025-02-19 18:02:44.029755,https://www.homes.bg/api/offers?currencyId=1&filterOrderBy=0&locationId=1&typeId=ApartmentSell&neighbourhoods%5B%5D=515,homes.bg,84,2025-02-19,1591702,днес,,,
"Тристаен, 84m²","Тухла, ТЕЦ",242399.0,EUR,False, продажба,тристаен,София,жк. Стрелбище,,,,https://homes.bg/offer/apartament-za-prodazhba/tristaen-84m2-sofiya-zhk.-strelbishte/as1598605,1.0,2025-02-19 18:02:44.029786,https://www.homes.bg/api/offers?currencyId=1&filterOrderBy=0&locationId=1&typeId=ApartmentSell&neighbourhoods%5B%5D=515,homes.bg,84,2025-02-19,1598605,днес,,,
"Едностаен, 50m²","Тухла, Електричество",148000.0,EUR,False, продажба,едностаен,София,жк. Стрелбище,,,,https://homes.bg/offer/apartament-za-prodazhba/ednostaen-50m2-sofiya-zhk.-strelbishte/as1612260,4.0,2025-02-19 18:02:44.029821,https://www.homes.bg/api/offers?currencyId=1&filterOrderBy=0&locationId=1&typeId=ApartmentSell&neighbourhoods%5B%5D=515,homes.bg,84,2025-02-19,1612260,днес,,,
"Едностаен, 50m²",Тухла,148000.0,EUR,False, продажба,едностаен,София,жк. Стрелбище,,,,https://homes.bg/offer/apartament-za-prodazhba/ednostaen-50m2-sofiya-zhk.-strelbishte/as1611982,5.0,2025-02-19 18:02:44.029844,https://www.homes.bg/api/offers?currencyId=1&filterOrderBy=0&locationId=1&typeId=ApartmentSell&neighbourhoods%5B%5D=515,homes.bg,84,2025-02-19,1611982,днес,,,
"Тристаен, 89m²","Панел, ТЕЦ",229000.0,EUR,False, продажба,тристаен,София,жк. Стрелбище,,,,https://homes.bg/offer/apartament-za-prodazhba/tristaen-89m2-sofiya-zhk.-strelbishte/as1611133,10.0,2025-02-19 18:02:44.029869,https://www.homes.bg/api/offers?currencyId=1&filterOrderBy=0&locationId=1&typeId=ApartmentSell&neighbourhoods%5B%5D=515,homes.bg,84,2025-02-19,1611133,днес,,,
"Тристаен, 108m²","ЕПК, Електричество",269000.0,EUR,False, продажба,тристаен,София,жк. Стрелбище,,,,https://homes.bg/offer/apartament-za-prodazhba/tristaen-108m2-sofiya-zhk.-strelbishte/as1611585,8.0,2025-02-19 18:02:44.029895,https://www.homes.bg/api/offers?currencyId=1&filterOrderBy=0&locationId=1&typeId=ApartmentSell&neighbourhoods%5B%5D=515,homes.bg,84,2025-02-19,1611585,днес,,,
"Едностаен, 21m²","Тухла, Обзаведен, Електричество",72000.0,EUR,False, продажба,едностаен,София,жк. Стрелбище,,,,https://homes.bg/offer/apartament-za-prodazhba/ednostaen-21m2-sofiya-zhk.-strelbishte/as1612756,8.0,2025-02-19 18:02:44.029919,https://www.homes.bg/api/offers?currencyId=1&filterOrderBy=0&locationId=1&typeId=ApartmentSell&neighbourhoods%5B%5D=515,homes.bg,84,2025-02-19,1612756,вчера,,,
"Тристаен, 89m²","Панел, Обзаведен, ТЕЦ",229000.0,EUR,False, продажба,тристаен,София,жк. Стрелбище,,,,https://homes.bg/offer/apartament-za-prodazhba/tristaen-89m2-sofiya-zhk.-strelbishte/as1612224,10.0,2025-02-19 18:02:44.029944,https://www.homes.bg/api/offers?currencyId=1&filterOrderBy=0&locationId=1&typeId=ApartmentSell&neighbourhoods%5B%5D=515,homes.bg,84,2025-02-19,1612224,,,,
"Тристаен, 100m²","Тухла, Обзаведен, Електричество",369999.0,EUR,False, продажба,тристаен,София,жк. Стрелбище,,,,https://homes.bg/offer/apartament-za-prodazhba/tristaen-100m2-sofiya-zhk.-strelbishte/as1612438,10.0,2025-02-19 18:02:44.029967,https://www.homes.bg/api/offers?currencyId=1&filterOrderBy=0&locationId=1&typeId=ApartmentSell&neighbourhoods%5B%5D=515,homes.bg,84,2025-02-19,1612438,,,,
"Многостаен, 114m²","Тухла, Полуобзаведен, ТЕЦ",370000.0,EUR,False, продажба,многостаен,София,жк. Стрелбище,,,,https://homes.bg/offer/apartament-za-prodazhba/mnogostaen-114m2-sofiya-zhk.-strelbishte/as1599558,10.0,2025-02-19 18:02:44.030001,https://www.homes.bg/api/offers?currencyId=1&filterOrderBy=0&locationId=1&typeId=ApartmentSell&neighbourhoods%5B%5D=515,homes.bg,84,2025-02-19,1599558,,,,
"Двустаен, 74m²","Тухла, Обзаведен, Електричество",306600.0,EUR,False, продажба,двустаен,София,жк. Стрелбище,,,,https://homes.bg/offer/apartament-za-prodazhba/dvustaen-74m2-sofiya-zhk.-strelbishte/as1498935,10.0,2025-02-19 18:02:44.033699,https://www.homes.bg/api/offers?currencyId=1&filterOrderBy=0&locationId=1&typeId=ApartmentSell&neighbourhoods%5B%5D=515,homes.bg,84,2025-02-19,1498935,,,,
"Двустаен, 70m²","Тухла, Обзаведен, ТЕЦ",248000.0,EUR,False, продажба,двустаен,София,жк. Стрелбище,,,,https://homes.bg/offer/apartament-za-prodazhba/dvustaen-70m2-sofiya-zhk.-strelbishte/as1611551,8.0,2025-02-19 18:02:44.033744,https://www.homes.bg/api/offers?currencyId=1&filterOrderBy=0&locationId=1&typeId=ApartmentSell&neighbourhoods%5B%5D=515,homes.bg,84,2025-02-19,1611551,,,,
"Тристаен, 98m²","Тухла, Необзаведен, ТЕЦ",281078.0,EUR,False, продажба,тристаен,София,жк. Стрелбище,,,,https://homes.bg/offer/apartament-za-prodazhba/tristaen-98m2-sofiya-zhk.-strelbishte/as1612220,2.0,2025-02-19 18:02:44.033767,https://www.homes.bg/api/offers?currencyId=1&filterOrderBy=0&locationId=1&typeId=ApartmentSell&neighbourhoods%5B%5D=515,homes.bg,84,2025-02-19,1612220,,,,
"Тристаен, 133m²","Тухла, Необзаведен, ТЕЦ",347257.0,EUR,False, продажба,тристаен,София,жк. Стрелбище,,,,https://homes.bg/offer/apartament-za-prodazhba/tristaen-133m2-sofiya-zhk.-strelbishte/as1612218,2.0,2025-02-19 18:02:44.033780,https://www.homes.bg/api/offers?currencyId=1&filterOrderBy=0&locationId=1&typeId=ApartmentSell&neighbourhoods%5B%5D=515,homes.bg,84,2025-02-19,1612218,,,,
"Тристаен, 130m²","Тухла, Необзаведен, ТЕЦ",370465.0,EUR,False, продажба,тристаен,София,жк. Стрелбище,,,,https://homes.bg/offer/apartament-za-prodazhba/tristaen-130m2-sofiya-zhk.-strelbishte/as1612215,2.0,2025-02-19 18:02:44.033793,https://www.homes.bg/api/offers?currencyId=1&filterOrderBy=0&locationId=1&typeId=ApartmentSell&neighbourhoods%5B%5D=515,homes.bg,84,2025-02-19,1612215,,,,
"Тристаен, 123m²","Тухла, Необзаведен, ТЕЦ",352736.0,EUR,False, продажба,тристаен,София,жк. Стрелбище,,,,https://homes.bg/offer/apartament-za-prodazhba/tristaen-123m2-sofiya-zhk.-strelbishte/as1612213,2.0,2025-02-19 18:02:44.033805,https://www.homes.bg/api/offers?currencyId=1&filterOrderBy=0&locationId=1&typeId=ApartmentSell&neighbourhoods%5B%5D=515,homes.bg,84,2025-02-19,1612213,,,,
"Двустаен, 98m²","Тухла, Необзаведен, ТЕЦ",252467.0,EUR,False, продажба,двустаен,София,жк. Стрелбище,,,,https://homes.bg/offer/apartament-za-prodazhba/dvustaen-98m2-sofiya-zhk.-strelbishte/as1612211,2.0,2025-02-19 18:02:44.033817,https://www.homes.bg/api/offers?currencyId=1&filterOrderBy=0&locationId=1&typeId=ApartmentSell&neighbourhoods%5B%5D=515,homes.bg,84,2025-02-19,1612211,,,,
"Четиристаен, 122m²","ЕПК, ТЕЦ",349800.0,EUR,False, продажба,четиристаен,София,жк. Стрелбище,,,,https://homes.bg/offer/apartament-za-prodazhba/chetiristaen-122m2-sofiya-zhk.-strelbishte/as1609453,10.0,2025-02-19 18:02:44.033832,https://www.homes.bg/api/offers?currencyId=1&filterOrderBy=0&locationId=1&typeId=ApartmentSell&neighbourhoods%5B%5D=515,homes.bg,84,2025-02-19,1609453,,,,
"Тристаен, 89m²","Панел, ТЕЦ",229000.0,EUR,False, продажба,тристаен,София,жк. Стрелбище,,,,https://homes.bg/offer/apartament-za-prodazhba/tristaen-89m2-sofiya-zhk.-strelbishte/as1610820,8.0,2025-02-19 18:02:44.033845,https://www.homes.bg/api/offers?currencyId=1&filterOrderBy=0&locationId=1&typeId=ApartmentSell&neighbourhoods%5B%5D=515,homes.bg,84,2025-02-19,1610820,,,,
"Тристаен, 80m²","Панел, Обзаведен, ТЕЦ",185000.0,EUR,False, продажба,тристаен,София,жк. Стрелбище,,,,https://homes.bg/offer/apartament-za-prodazhba/tristaen-80m2-sofiya-zhk.-strelbishte/as1397574,6.0,2025-02-19 18:02:44.033859,https://www.homes.bg/api/offers?currencyId=1&filterOrderBy=0&locationId=1&typeId=ApartmentSell&neighbourhoods%5B%5D=515,homes.bg,84,2025-02-19,1397574,,,,
"Тристаен, 117m²","Тухла, Обзаведен, ТЕЦ",487000.0,EUR,False, продажба,тристаен,София,жк. Стрелбище,,,,https://homes.bg/offer/apartament-za-prodazhba/tristaen-117m2-sofiya-zhk.-strelbishte/as1492534,4.0,2025-02-19 18:02:44.033871,https://www.homes.bg/api/offers?currencyId=1&filterOrderBy=0&locationId=1&typeId=ApartmentSell&neighbourhoods%5B%5D=515,homes.bg,84,2025-02-19,1492534,,,,
"Двустаен, 79m²","Тухла, Необзаведен, ТЕЦ",227002.0,EUR,False, продажба,двустаен,София,жк. Стрелбище,,,,https://homes.bg/offer/apartament-za-prodazhba/dvustaen-79m2-sofiya-zhk.-strelbishte/as1610309,2.0,2025-02-19 18:02:44.033883,https://www.homes.bg/api/offers?currencyId=1&filterOrderBy=0&locationId=1&typeId=ApartmentSell&neighbourhoods%5B%5D=515,homes.bg,84,2025-02-19,1610309,,,,
"Двустаен, 85m²","Тухла, Необзаведен, ТЕЦ",242399.0,EUR,False, продажба,двустаен,София,жк. Стрелбище,,,,https://homes.bg/offer/apartament-za-prodazhba/dvustaen-85m2-sofiya-zhk.-strelbishte/as1610290,2.0,2025-02-19 18:02:44.033895,https://www.homes.bg/api/offers?currencyId=1&filterOrderBy=0&locationId=1&typeId=ApartmentSell&neighbourhoods%5B%5D=515,homes.bg,84,2025-02-19,1610290,,,,
"Двустаен, 76m²","Тухла, Необзаведен, ТЕЦ",218526.0,EUR,False, продажба,двустаен,София,жк. Стрелбище,,,,https://homes.bg/offer/apartament-za-prodazhba/dvustaen-76m2-sofiya-zhk.-strelbishte/as1610289,2.0,2025-02-19 18:02:44.033906,https://www.homes.bg/api/offers?currencyId=1&filterOrderBy=0&locationId=1&typeId=ApartmentSell&neighbourhoods%5B%5D=515,homes.bg,84,2025-02-19,1610289,,,,
"Двустаен, 73m²","Тухла, Необзаведен, ТЕЦ",192617.0,EUR,False, продажба,двустаен,София,жк. Стрелбище,,,,https://homes.bg/offer/apartament-za-prodazhba/dvustaen-73m2-sofiya-zhk.-strelbishte/as1610286,2.0,2025-02-19 18:02:44.033918,https://www.homes.bg/api/offers?currencyId=1&filterOrderBy=0&locationId=1&typeId=ApartmentSell&neighbourhoods%5B%5D=515,homes.bg,84,2025-02-19,1610286,,,,
"Едностаен, 123m²","Тухла, Необзаведен, ТЕЦ",272824.0,EUR,False, продажба,едностаен,София,жк. Стрелбище,,,,https://homes.bg/offer/apartament-za-prodazhba/ednostaen-123m2-sofiya-zhk.-strelbishte/as1610283,2.0,2025-02-19 18:02:44.033929,https://www.homes.bg/api/offers?currencyId=1&filterOrderBy=0&locationId=1&typeId=ApartmentSell&neighbourhoods%5B%5D=515,homes.bg,84,2025-02-19,1610283,,,,
"Двустаен, 74m²",Тухла,303600.0,EUR,False, продажба,двустаен,София,жк. Стрелбище,,,,https://homes.bg/offer/apartament-za-prodazhba/dvustaen-74m2-sofiya-zhk.-strelbishte/as1584629,10.0,2025-02-19 18:02:44.033943,https://www.homes.bg/api/offers?currencyId=1&filterOrderBy=0&locationId=1&typeId=ApartmentSell&neighbourhoods%5B%5D=515,homes.bg,84,2025-02-19,1584629,,,,
"Едностаен, 51m²","Тухла, Необзаведен, ТЕЦ",133377.0,EUR,False, продажба,едностаен,София,жк. Стрелбище,,,,https://homes.bg/offer/apartament-za-prodazhba/ednostaen-51m2-sofiya-zhk.-strelbishte/as1609750,2.0,2025-02-19 18:02:44.033956,https://www.homes.bg/api/offers?currencyId=1&filterOrderBy=0&locationId=1&typeId=ApartmentSell&neighbourhoods%5B%5D=515,homes.bg,84,2025-02-19,1609750,,,,
"Двустаен, 85m²","Тухла, ТЕЦ",242399.0,EUR,False, продажба,двустаен,София,жк. Стрелбище,,,,https://homes.bg/offer/apartament-za-prodazhba/dvustaen-85m2-sofiya-zhk.-strelbishte/as1598988,2.0,2025-02-19 18:02:44.033967,https://www.homes.bg/api/offers?currencyId=1&filterOrderBy=0&locationId=1&typeId=ApartmentSell&neighbourhoods%5B%5D=515,homes.bg,84,2025-02-19,1598988,,,,
"Тристаен, 132m²","Тухла, ТЕЦ",347257.0,EUR,False, продажба,тристаен,София,жк. Стрелбище,,,,https://homes.bg/offer/apartament-za-prodazhba/tristaen-132m2-sofiya-zhk.-strelbishte/as1589086,2.0,2025-02-19 18:02:44.033977,https://www.homes.bg/api/offers?currencyId=1&filterOrderBy=0&locationId=1&typeId=ApartmentSell&neighbourhoods%5B%5D=515,homes.bg,84,2025-02-19,1589086,,,,
"Тристаен, 130m²","Тухла, ТЕЦ",370465.0,EUR,False, продажба,тристаен,София,жк. Стрелбище,,,,https://homes.bg/offer/apartament-za-prodazhba/tristaen-130m2-sofiya-zhk.-strelbishte/as1589080,2.0,2025-02-19 18:02:44.033988,https://www.homes.bg/api/offers?currencyId=1&filterOrderBy=0&locationId=1&typeId=ApartmentSell&neighbourhoods%5B%5D=515,homes.bg,84,2025-02-19,1589080,,,,
"Тристаен, 123m²","Тухла, ТЕЦ",352736.0,EUR,False, продажба,тристаен,София,жк. Стрелбище,,,,https://homes.bg/offer/apartament-za-prodazhba/tristaen-123m2-sofiya-zhk.-strelbishte/as1589081,2.0,2025-02-19 18:02:44.033999,https://www.homes.bg/api/offers?currencyId=1&filterOrderBy=0&locationId=1&typeId=ApartmentSell&neighbourhoods%5B%5D=515,homes.bg,84,2025-02-19,1589081,,,,
"Двустаен, 76m²","Тухла, ТЕЦ",218526.0,EUR,False, продажба,двустаен,София,жк. Стрелбище,,,,https://homes.bg/offer/apartament-za-prodazhba/dvustaen-76m2-sofiya-zhk.-strelbishte/as1589082,2.0,2025-02-19 18:02:44.034009,https://www.homes.bg/api/offers?currencyId=1&filterOrderBy=0&locationId=1&typeId=ApartmentSell&neighbourhoods%5B%5D=515,homes.bg,84,2025-02-19,1589082,,,,
"Тристаен, 98m²","Тухла, ТЕЦ",281078.0,EUR,False, продажба,тристаен,София,жк. Стрелбище,,,,https://homes.bg/offer/apartament-za-prodazhba/tristaen-98m2-sofiya-zhk.-strelbishte/as1589088,2.0,2025-02-19 18:02:44.034020,https://www.homes.bg/api/offers?currencyId=1&filterOrderBy=0&locationId=1&typeId=ApartmentSell&neighbourhoods%5B%5D=515,homes.bg,84,2025-02-19,1589088,,,,
"Двустаен, 85m²","Тухла, ТЕЦ",242399.0,EUR,False, продажба,двустаен,София,жк. Стрелбище,,,,https://homes.bg/offer/apartament-za-prodazhba/dvustaen-85m2-sofiya-zhk.-strelbishte/as1598987,2.0,2025-02-19 18:02:44.034031,https://www.homes.bg/api/offers?currencyId=1&filterOrderBy=0&locationId=1&typeId=ApartmentSell&neighbourhoods%5B%5D=515,homes.bg,84,2025-02-19,1598987,,,,
"Едностаен, 50m²","Тухла, ТЕЦ",133377.0,EUR,False, продажба,едностаен,София,жк. Стрелбище,,,,https://homes.bg/offer/apartament-za-prodazhba/ednostaen-50m2-sofiya-zhk.-strelbishte/as1591852,2.0,2025-02-19 18:02:44.034042,https://www.homes.bg/api/offers?currencyId=1&filterOrderBy=0&locationId=1&typeId=ApartmentSell&neighbourhoods%5B%5D=515,homes.bg,84,2025-02-19,1591852,,,,
"Многостаен, 216m²","Тухла, Обзаведен, Прокарва се",790000.0,EUR,False, продажба,многостаен,София,жк. Стрелбище,,,,https://homes.bg/offer/apartament-za-prodazhba/mnogostaen-216m2-sofiya-zhk.-strelbishte/as1540353,10.0,2025-02-19 18:02:44.034055,https://www.homes.bg/api/offers?currencyId=1&filterOrderBy=0&locationId=1&typeId=ApartmentSell&neighbourhoods%5B%5D=515,homes.bg,84,2025-02-19,1540353,,,,
"Двустаен, 85m²","Тухла, ТЕЦ",242399.0,EUR,False, продажба,двустаен,София,жк. Стрелбище,,,,https://homes.bg/offer/apartament-za-prodazhba/dvustaen-85m2-sofiya-zhk.-strelbishte/as1589070,2.0,2025-02-19 18:02:44.034066,https://www.homes.bg/api/offers?currencyId=1&filterOrderBy=0&locationId=1&typeId=ApartmentSell&neighbourhoods%5B%5D=515,homes.bg,84,2025-02-19,1589070,,,,
"Двустаен, 72m²","Тухла, ТЕЦ",192616.0,EUR,False, продажба,двустаен,София,жк. Стрелбище,,,,https://homes.bg/offer/apartament-za-prodazhba/dvustaen-72m2-sofiya-zhk.-strelbishte/as1589084,2.0,2025-02-19 18:02:44.034077,https://www.homes.bg/api/offers?currencyId=1&filterOrderBy=0&locationId=1&typeId=ApartmentSell&neighbourhoods%5B%5D=515,homes.bg,84,2025-02-19,1589084,,,,
"Едностаен, 123m²","Тухла, ТЕЦ",272824.0,EUR,False, продажба,едностаен,София,жк. Стрелбище,,,,https://homes.bg/offer/apartament-za-prodazhba/ednostaen-123m2-sofiya-zhk.-strelbishte/as1589085,2.0,2025-02-19 18:02:44.034089,https://www.homes.bg/api/offers?currencyId=1&filterOrderBy=0&locationId=1&typeId=ApartmentSell&neighbourhoods%5B%5D=515,homes.bg,84,2025-02-19,1589085,,,,
"Двустаен, 98m²","Тухла, ТЕЦ",252467.0,EUR,False, продажба,двустаен,София,жк. Стрелбище,,,,https://homes.bg/offer/apartament-za-prodazhba/dvustaen-98m2-sofiya-zhk.-strelbishte/as1589089,2.0,2025-02-19 18:02:44.034100,https://www.homes.bg/api/offers?currencyId=1&filterOrderBy=0&locationId=1&typeId=ApartmentSell&neighbourhoods%5B%5D=515,homes.bg,84,2025-02-19,1589089,,,,
"Тристаен, 130m²","Тухла, ТЕЦ",370465.0,EUR,False, продажба,тристаен,София,жк. Стрелбище,,,,https://homes.bg/offer/apartament-za-prodazhba/tristaen-130m2-sofiya-zhk.-strelbishte/as1589079,2.0,2025-02-19 18:02:44.034110,https://www.homes.bg/api/offers?currencyId=1&filterOrderBy=0&locationId=1&typeId=ApartmentSell&neighbourhoods%5B%5D=515,homes.bg,84,2025-02-19,1589079,,,,
"Двустаен, 80m²","Тухла, ТЕЦ",227000.0,EUR,False, продажба,двустаен,София,жк. Стрелбище,,,,https://homes.bg/offer/apartament-za-prodazhba/dvustaen-80m2-sofiya-zhk.-strelbishte/as1591853,2.0,2025-02-19 18:02:44.034121,https://www.homes.bg/api/offers?currencyId=1&filterOrderBy=0&locationId=1&typeId=ApartmentSell&neighbourhoods%5B%5D=515,homes.bg,84,2025-02-19,1591853,,,,
"Тристаен, 89m²","Панел, Обзаведен, ТЕЦ",229000.0,EUR,False, продажба,тристаен,София,жк. Стрелбище,,,,https://homes.bg/offer/apartament-za-prodazhba/tristaen-89m2-sofiya-zhk.-strelbishte/as1609085,10.0,2025-02-19 18:02:44.034134,https://www.homes.bg/api/offers?currencyId=1&filterOrderBy=0&locationId=1&typeId=ApartmentSell&neighbourhoods%5B%5D=515,homes.bg,84,2025-02-19,1609085,,,,
"Тристаен, 96m²","Тухла, Необзаведен, ТЕЦ",340000.0,EUR,False, продажба,тристаен,София,жк. Стрелбище,,,,https://homes.bg/offer/apartament-za-prodazhba/tristaen-96m2-sofiya-zhk.-strelbishte/as1606451,10.0,2025-02-19 18:02:44.034147,https://www.homes.bg/api/offers?currencyId=1&filterOrderBy=0&locationId=1&typeId=ApartmentSell&neighbourhoods%5B%5D=515,homes.bg,84,2025-02-19,1606451,,,,
"Тристаен, 89m²","Панел, ТЕЦ",249000.0,EUR,False, продажба,тристаен,София,жк. Стрелбище,,,,https://homes.bg/offer/apartament-za-prodazhba/tristaen-89m2-sofiya-zhk.-strelbishte/as1605874,7.0,2025-02-19 18:02:44.034159,https://www.homes.bg/api/offers?currencyId=1&filterOrderBy=0&locationId=1&typeId=ApartmentSell&neighbourhoods%5B%5D=515,homes.bg,84,2025-02-19,1605874,,,,
"Тристаен, 73m²","ЕПК, Обзаведен",219990.0,EUR,False, продажба,тристаен,София,жк. Стрелбище,,,,https://homes.bg/offer/apartament-za-prodazhba/tristaen-73m2-sofiya-zhk.-strelbishte/as1605849,10.0,2025-02-19 18:02:44.034173,https://www.homes.bg/api/offers?currencyId=1&filterOrderBy=0&locationId=1&typeId=ApartmentSell&neighbourhoods%5B%5D=515,homes.bg,84,2025-02-19,1605849,,,,
"Тристаен, 89m²","Панел, Обзаведен, ТЕЦ",229000.0,EUR,False, продажба,тристаен,София,жк. Стрелбище,,,,https://homes.bg/offer/apartament-za-prodazhba/tristaen-89m2-sofiya-zhk.-strelbishte/as1608734,10.0,2025-02-19 18:02:44.034186,https://www.homes.bg/api/offers?currencyId=1&filterOrderBy=0&locationId=1&typeId=ApartmentSell&neighbourhoods%5B%5D=515,homes.bg,84,2025-02-19,1608734,,,,
"Тристаен, 84m²",Обзаведен,280000.0,EUR,False, продажба,тристаен,София,жк. Стрелбище,,,,https://homes.bg/offer/apartament-za-prodazhba/tristaen-84m2-sofiya-zhk.-strelbishte/as1468053,7.0,2025-02-19 18:02:44.034198,https://www.homes.bg/api/offers?currencyId=1&filterOrderBy=0&locationId=1&typeId=ApartmentSell&neighbourhoods%5B%5D=515,homes.bg,84,2025-02-19,1468053,,,,
"Двустаен, 85m²",Необзаведен,242399.0,EUR,False, продажба,двустаен,София,жк. Стрелбище,,,,https://homes.bg/offer/apartament-za-prodazhba/dvustaen-85m2-sofiya-zhk.-strelbishte/as1578430,2.0,2025-02-19 18:02:44.034209,https://www.homes.bg/api/offers?currencyId=1&filterOrderBy=0&locationId=1&typeId=ApartmentSell&neighbourhoods%5B%5D=515,homes.bg,84,2025-02-19,1578430,,,,
"Тристаен, 123m²",Необзаведен,352736.0,EUR,False, продажба,тристаен,София,жк. Стрелбище,,,,https://homes.bg/offer/apartament-za-prodazhba/tristaen-123m2-sofiya-zhk.-strelbishte/as1578440,2.0,2025-02-19 18:02:44.034220,https://www.homes.bg/api/offers?currencyId=1&filterOrderBy=0&locationId=1&typeId=ApartmentSell&neighbourhoods%5B%5D=515,homes.bg,84,2025-02-19,1578440,,,,
"Двустаен, 79m²",Необзаведен,227002.0,EUR,False, продажба,двустаен,София,жк. Стрелбище,,,,https://homes.bg/offer/apartament-za-prodazhba/dvustaen-79m2-sofiya-zhk.-strelbishte/as1578442,2.0,2025-02-19 18:02:44.034231,https://www.homes.bg/api/offers?currencyId=1&filterOrderBy=0&locationId=1&typeId=ApartmentSell&neighbourhoods%5B%5D=515,homes.bg,84,2025-02-19,1578442,,,,
"Едностаен, 123m²",Необзаведен,272824.0,EUR,False, продажба,едностаен,София,жк. Стрелбище,,,,https://homes.bg/offer/apartament-za-prodazhba/ednostaen-123m2-sofiya-zhk.-strelbishte/as1578426,2.0,2025-02-19 18:02:44.034241,https://www.homes.bg/api/offers?currencyId=1&filterOrderBy=0&locationId=1&typeId=ApartmentSell&neighbourhoods%5B%5D=515,homes.bg,84,2025-02-19,1578426,,,,
"Двустаен, 85m²",Необзаведен,242399.0,EUR,False, продажба,двустаен,София,жк. Стрелбище,,,,https://homes.bg/offer/apartament-za-prodazhba/dvustaen-85m2-sofiya-zhk.-strelbishte/as1578438,2.0,2025-02-19 18:02:44.034252,https://www.homes.bg/api/offers?currencyId=1&filterOrderBy=0&locationId=1&typeId=ApartmentSell&neighbourhoods%5B%5D=515,homes.bg,84,2025-02-19,1578438,,,,
"Тристаен, 130m²",Необзаведен,370465.0,EUR,False, продажба,тристаен,София,жк. Стрелбище,,,,https://homes.bg/offer/apartament-za-prodazhba/tristaen-130m2-sofiya-zhk.-strelbishte/as1578439,2.0,2025-02-19 18:02:44.034263,https://www.homes.bg/api/offers?currencyId=1&filterOrderBy=0&locationId=1&typeId=ApartmentSell&neighbourhoods%5B%5D=515,homes.bg,84,2025-02-19,1578439,,,,
"Тристаен, 98m²",Необзаведен,281078.0,EUR,False, продажба,тристаен,София,жк. Стрелбище,,,,https://homes.bg/offer/apartament-za-prodazhba/tristaen-98m2-sofiya-zhk.-strelbishte/as1578456,2.0,2025-02-19 18:02:44.034274,https://www.homes.bg/api/offers?currencyId=1&filterOrderBy=0&locationId=1&typeId=ApartmentSell&neighbourhoods%5B%5D=515,homes.bg,84,2025-02-19,1578456,,,,
"Двустаен, 73m²",Необзаведен,192616.0,EUR,False, продажба,двустаен,София,жк. Стрелбище,,,,https://homes.bg/offer/apartament-za-prodazhba/dvustaen-73m2-sofiya-zhk.-strelbishte/as1578457,2.0,2025-02-19 18:02:44.034292,https://www.homes.bg/api/offers?currencyId=1&filterOrderBy=0&locationId=1&typeId=ApartmentSell&neighbourhoods%5B%5D=515,homes.bg,84,2025-02-19,1578457,,,,
"Тристаен, 133m²",Необзаведен,347257.0,EUR,False, продажба,тристаен,София,жк. Стрелбище,,,,https://homes.bg/offer/apartament-za-prodazhba/tristaen-133m2-sofiya-zhk.-strelbishte/as1578425,2.0,2025-02-19 18:02:44.034302,https://www.homes.bg/api/offers?currencyId=1&filterOrderBy=0&locationId=1&typeId=ApartmentSell&neighbourhoods%5B%5D=515,homes.bg,84,2025-02-19,1578425,,,,
"Двустаен, 98m²",Необзаведен,252467.0,EUR,False, продажба,двустаен,София,жк. Стрелбище,,,,https://homes.bg/offer/apartament-za-prodazhba/dvustaen-98m2-sofiya-zhk.-strelbishte/as1578455,2.0,2025-02-19 18:02:44.034312,https://www.homes.bg/api/offers?currencyId=1&filterOrderBy=0&locationId=1&typeId=ApartmentSell&neighbourhoods%5B%5D=515,homes.bg,84,2025-02-19,1578455,,,,
"Тристаен, 130m²",Необзаведен,370456.0,EUR,False, продажба,тристаен,София,жк. Стрелбище,,,,https://homes.bg/offer/apartament-za-prodazhba/tristaen-130m2-sofiya-zhk.-strelbishte/as1582642,2.0,2025-02-19 18:02:44.034323,https://www.homes.bg/api/offers?currencyId=1&filterOrderBy=0&locationId=1&typeId=ApartmentSell&neighbourhoods%5B%5D=515,homes.bg,84,2025-02-19,1582642,,,,
"Тристаен, 89m²","Панел, Обзаведен, ТЕЦ",229000.0,EUR,False, продажба,тристаен,София,жк. Стрелбище,,,,https://homes.bg/offer/apartament-za-prodazhba/tristaen-89m2-sofiya-zhk.-strelbishte/as1608148,10.0,2025-02-19 18:02:44.034336,https://www.homes.bg/api/offers?currencyId=1&filterOrderBy=0&locationId=1&typeId=ApartmentSell&neighbourhoods%5B%5D=515,homes.bg,84,2025-02-19,1608148,,,,
"Тристаен, 110m²","Тухла, Полуобзаведен, ТЕЦ",340000.0,EUR,False, продажба,тристаен,София,жк. Стрелбище,,,,https://homes.bg/offer/apartament-za-prodazhba/tristaen-110m2-sofiya-zhk.-strelbishte/as1606170,4.0,2025-02-19 18:02:44.034359,https://www.homes.bg/api/offers?currencyId=1&filterOrderBy=0&locationId=1&typeId=ApartmentSell&neighbourhoods%5B%5D=515,homes.bg,84,2025-02-19,1606170,,,,
"Тристаен, 78m²","ЕПК, ТЕЦ",220000.0,EUR,False, продажба,тристаен,София,жк. Стрелбище,,,,https://homes.bg/offer/apartament-za-prodazhba/tristaen-78m2-sofiya-zhk.-strelbishte/as1603303,10.0,2025-02-19 18:02:44.034373,https://www.homes.bg/api/offers?currencyId=1&filterOrderBy=0&locationId=1&typeId=ApartmentSell&neighbourhoods%5B%5D=515,homes.bg,84,2025-02-19,1603303,,,,
"Многостаен, 190m²","Тухла, Обзаведен, Електричество",379999.0,EUR,False, продажба,многостаен,София,жк. Стрелбище,,,,https://homes.bg/offer/apartament-za-prodazhba/mnogostaen-190m2-sofiya-zhk.-strelbishte/as1596222,10.0,2025-02-19 18:02:44.034386,https://www.homes.bg/api/offers?currencyId=1&filterOrderBy=0&locationId=1&typeId=ApartmentSell&neighbourhoods%5B%5D=515,homes.bg,84,2025-02-19,1596222,,,,
"Многостаен, 166m²","Тухла, Обзаведен, ТЕЦ",450000.0,EUR,False, продажба,многостаен,София,жк. Стрелбище,,,,https://homes.bg/offer/apartament-za-prodazhba/mnogostaen-166m2-sofiya-zhk.-strelbishte/as1602242,10.0,2025-02-19 18:02:44.034400,https://www.homes.bg/api/offers?currencyId=1&filterOrderBy=0&locationId=1&typeId=ApartmentSell&neighbourhoods%5B%5D=515,homes.bg,84,2025-02-19,1602242,,,,
"Четиристаен, 146m²",Тухла,0.0,EUR,False, продажба,четиристаен,София,жк. Стрелбище,,,,https://homes.bg/offer/apartament-za-prodazhba/chetiristaen-146m2-sofiya-zhk.-strelbishte/as1600524,0.0,2025-02-19 18:02:44.034411,https://www.homes.bg/api/offers?currencyId=1&filterOrderBy=0&locationId=1&typeId=ApartmentSell&neighbourhoods%5B%5D=515,homes.bg,84,2025-02-19,1600524,,,,
"Едностаен, 67m²","Тухла, Необзаведен",193061.0,EUR,False, продажба,едностаен,София,жк. Стрелбище,,,,https://homes.bg/offer/apartament-za-prodazhba/ednostaen-67m2-sofiya-zhk.-strelbishte/as1599960,2.0,2025-02-19 18:02:44.034422,https://www.homes.bg/api/offers?currencyId=1&filterOrderBy=0&locationId=1&typeId=ApartmentSell&neighbourhoods%5B%5D=515,homes.bg,84,2025-02-19,1599960,,,,
"Тристаен, 110m²","Тухла, Необзаведен",315093.0,EUR,False, продажба,тристаен,София,жк. Стрелбище,,,,https://homes.bg/offer/apartament-za-prodazhba/tristaen-110m2-sofiya-zhk.-strelbishte/as1599959,2.0,2025-02-19 18:02:44.034433,https://www.homes.bg/api/offers?currencyId=1&filterOrderBy=0&locationId=1&typeId=ApartmentSell&neighbourhoods%5B%5D=515,homes.bg,84,2025-02-19,1599959,,,,
"Двустаен, 68m²","Панел, Полуобзаведен, ТЕЦ",130000.0,EUR,False, продажба,двустаен,София,жк. Стрелбище,,,,https://homes.bg/offer/apartament-za-prodazhba/dvustaen-68m2-sofiya-zhk.-strelbishte/as1595217,7.0,2025-02-19 18:02:44.034445,https://www.homes.bg/api/offers?currencyId=1&filterOrderBy=0&locationId=1&typeId=ApartmentSell&neighbourhoods%5B%5D=515,homes.bg,84,2025-02-19,1595217,,,,
"Двустаен, 62m²","Тухла, Необзаведен, Електричество",192617.0,EUR,False, продажба,двустаен,София,жк. Стрелбище,,,,https://homes.bg/offer/apartament-za-prodazhba/dvustaen-62m2-sofiya-zhk.-strelbishte/as1593124,2.0,2025-02-19 18:02:44.034456,https://www.homes.bg/api/offers?currencyId=1&filterOrderBy=0&locationId=1&typeId=ApartmentSell&neighbourhoods%5B%5D=515,homes.bg,84,2025-02-19,1593124,,,,
"Двустаен, 61m²","Панел, ТЕЦ",161000.0,EUR,False, продажба,двустаен,София,жк. Стрелбище,,,,https://homes.bg/offer/apartament-za-prodazhba/dvustaen-61m2-sofiya-zhk.-strelbishte/as1582946,10.0,2025-02-19 18:02:44.034469,https://www.homes.bg/api/offers?currencyId=1&filterOrderBy=0&locationId=1&typeId=ApartmentSell&neighbourhoods%5B%5D=515,homes.bg,84,2025-02-19,1582946,,,,
"Тристаен, 102m²",Тухла,345000.0,EUR,False, продажба,тристаен,София,жк. Стрелбище,,,,https://homes.bg/offer/apartament-za-prodazhba/tristaen-102m2-sofiya-zhk.-strelbishte/as1565478,1.0,2025-02-19 18:02:44.034479,https://www.homes.bg/api/offers?currencyId=1&filterOrderBy=0&locationId=1&typeId=ApartmentSell&neighbourhoods%5B%5D=515,homes.bg,84,2025-02-19,1565478,,,,
"Четиристаен, 120m²","Тухла, Обзаведен, Локално отопление",345000.0,EUR,False, продажба,четиристаен,София,жк. Стрелбище,,,,https://homes.bg/offer/apartament-za-prodazhba/chetiristaen-120m2-sofiya-zhk.-strelbishte/as1253061,0.0,2025-02-19 18:02:44.034490,https://www.homes.bg/api/offers?currencyId=1&filterOrderBy=0&locationId=1&typeId=ApartmentSell&neighbourhoods%5B%5D=515,homes.bg,84,2025-02-19,1253061,,,,
"Тристаен, 124m²","Тухла, ТЕЦ",352736.0,EUR,False, продажба,тристаен,София,жк. Стрелбище,,,,https://homes.bg/offer/apartament-za-prodazhba/tristaen-124m2-sofiya-zhk.-strelbishte/as1579538,2.0,2025-02-19 18:02:44.034500,https://www.homes.bg/api/offers?currencyId=1&filterOrderBy=0&locationId=1&typeId=ApartmentSell&neighbourhoods%5B%5D=515,homes.bg,84,2025-02-19,1579538,,,,
"Двустаен, 63m²","Тухла, Необзаведен, ТЕЦ",192617.0,EUR,False, продажба,двустаен,София,жк. Стрелбище,,,,https://homes.bg/offer/apartament-za-prodazhba/dvustaen-63m2-sofiya-zhk.-strelbishte/as1579535,2.0,2025-02-19 18:02:44.034511,https://www.homes.bg/api/offers?currencyId=1&filterOrderBy=0&locationId=1&typeId=ApartmentSell&neighbourhoods%5B%5D=515,homes.bg,84,2025-02-19,1579535,,,,
"Тристаен, 98m²","Тухла, Необзаведен, ТЕЦ",281078.0,EUR,False, продажба,тристаен,София,жк. Стрелбище,,,,https://homes.bg/offer/apartament-za-prodazhba/tristaen-98m2-sofiya-zhk.-strelbishte/as1579537,2.0,2025-02-19 18:02:44.034522,https://www.homes.bg/api/offers?currencyId=1&filterOrderBy=0&locationId=1&typeId=ApartmentSell&neighbourhoods%5B%5D=515,homes.bg,84,2025-02-19,1579537,,,,
"Многостаен, 200m²","Тухла, Обзаведен, Електричество",380000.0,EUR,False, продажба,многостаен,София,жк. Стрелбище,,,,https://homes.bg/offer/apartament-za-prodazhba/mnogostaen-200m2-sofiya-zhk.-strelbishte/as1411892,10.0,2025-02-19 18:02:44.034534,https://www.homes.bg/api/offers?currencyId=1&filterOrderBy=0&locationId=1&typeId=ApartmentSell&neighbourhoods%5B%5D=515,homes.bg,84,2025-02-19,1411892,,,,
"Едностаен, 48m²","Панел, Полуобзаведен, ТЕЦ",129000.0,EUR,False, продажба,едностаен,София,жк. Стрелбище,,,,https://homes.bg/offer/apartament-za-prodazhba/ednostaen-48m2-sofiya-zhk.-strelbishte/as1555094,7.0,2025-02-19 18:02:44.034547,https://www.homes.bg/api/offers?currencyId=1&filterOrderBy=0&locationId=1&typeId=ApartmentSell&neighbourhoods%5B%5D=515,homes.bg,84,2025-02-19,1555094,,,,
"Двустаен, 65m²","Панел, Обзаведен, ТЕЦ",169000.0,EUR,False, продажба,двустаен,София,жк. Стрелбище,,,,https://homes.bg/offer/apartament-za-prodazhba/dvustaen-65m2-sofiya-zhk.-strelbishte/as1553603,10.0,2025-02-19 18:02:44.034559,https://www.homes.bg/api/offers?currencyId=1&filterOrderBy=0&locationId=1&typeId=ApartmentSell&neighbourhoods%5B%5D=515,homes.bg,84,2025-02-19,1553603,,,,
"Двустаен, 46m²","ЕПК, Обзаведен, Електричество",110000.0,EUR,False, продажба,двустаен,София,жк. Стрелбище,,,,https://homes.bg/offer/apartament-za-prodazhba/dvustaen-46m2-sofiya-zhk.-strelbishte/as1455039,7.0,2025-02-19 18:02:44.034571,https://www.homes.bg/api/offers?currencyId=1&filterOrderBy=0&locationId=1&typeId=ApartmentSell&neighbourhoods%5B%5D=515,homes.bg,84,2025-02-19,1455039,,,,
"Тристаен, 80m²","Панел, Необзаведен, ТЕЦ",220000.0,EUR,False, продажба,тристаен,София,жк. Стрелбище,,,,https://homes.bg/offer/apartament-za-prodazhba/tristaen-80m2-sofiya-zhk.-strelbishte/as1581007,0.0,2025-02-19 18:02:44.034581,https://www.homes.bg/api/offers?currencyId=1&filterOrderBy=0&locationId=1&typeId=ApartmentSell&neighbourhoods%5B%5D=515,homes.bg,84,2025-02-19,1581007,,,,
