raw_title,raw_description,price,currency,without_dds,offer_type,property_type,city,neighborhood,contact_info,agency,agency_url,details_url,num_photos,date_time_added,search_url,site,total_offers,date,ref_no,time,price_per_m2,area,floor
"Земеделска земя, 8499m²","Категория 5, Нива",22000.0,ЛЕВА,False, продажба,,Бургас,с.Твърдица,,,,https://homes.bg/offer/zemya-za-prodazhba/zemedelska-zemya-8499m2-burgas-s.tvyrdica/la35063,0.0,2025-06-04 18:03:38.728606,https://www.homes.bg/api/offers??currencyId=1&filterOrderBy=0&locationId=0&typeId=LandAgro,homes.bg,2036,2025-06-04,35063,днес,,,
"Земеделска земя, 40000m²",Гора,480000.0,ЛЕВА,False, продажба,,Смолян,с.Смилян,,,,https://homes.bg/offer/zemya-za-prodazhba/zemedelska-zemya-40000m2-smolyan-s.smilyan/la20220,4.0,2025-06-04 18:03:38.728673,https://www.homes.bg/api/offers??currencyId=1&filterOrderBy=0&locationId=0&typeId=LandAgro,homes.bg,2036,2025-06-04,20220,днес,,,
"Земеделска земя, 24168m²",Ливада,49500.0,ЛЕВА,False, продажба,,Смолян,с.Смилян,,,,https://homes.bg/offer/zemya-za-prodazhba/zemedelska-zemya-24168m2-smolyan-s.smilyan/la22398,1.0,2025-06-04 18:03:38.728730,https://www.homes.bg/api/offers??currencyId=1&filterOrderBy=0&locationId=0&typeId=LandAgro,homes.bg,2036,2025-06-04,22398,днес,,,
"Земеделска земя, 7020m²","Категория 4, Нива",70200.0,EUR,False, продажба,,Пловдив,кв. Прослав,,,,https://homes.bg/offer/zemya-za-prodazhba/zemedelska-zemya-7020m2-plovdiv-kv.-proslav/la24605,1.0,2025-06-04 18:03:38.728759,https://www.homes.bg/api/offers??currencyId=1&filterOrderBy=0&locationId=0&typeId=LandAgro,homes.bg,2036,2025-06-04,24605,днес,,,
"Земеделска земя, 3333m²","Категория 6, Нива",25900.0,EUR,False, продажба,,Марица,с.Труд,,,,https://homes.bg/offer/zemya-za-prodazhba/zemedelska-zemya-3333m2-marica-s.trud/la23357,1.0,2025-06-04 18:03:38.728784,https://www.homes.bg/api/offers??currencyId=1&filterOrderBy=0&locationId=0&typeId=LandAgro,homes.bg,2036,2025-06-04,23357,днес,,,
"Земеделска земя, 2760m²","Категория 5, Нива",31000.0,EUR,False, продажба,,Марица,с.Бенковски,,,,https://homes.bg/offer/zemya-za-prodazhba/zemedelska-zemya-2760m2-marica-s.benkovski/la22079,3.0,2025-06-04 18:03:38.728809,https://www.homes.bg/api/offers??currencyId=1&filterOrderBy=0&locationId=0&typeId=LandAgro,homes.bg,2036,2025-06-04,22079,днес,,,
"Земеделска земя, 10000m²","Категория 4, Нива",51500.0,EUR,False, продажба,,Марица,с.Бенковски,,,,https://homes.bg/offer/zemya-za-prodazhba/zemedelska-zemya-10000m2-marica-s.benkovski/la21876,0.0,2025-06-04 18:03:38.728835,https://www.homes.bg/api/offers??currencyId=1&filterOrderBy=0&locationId=0&typeId=LandAgro,homes.bg,2036,2025-06-04,21876,днес,,,
"Земеделска земя, 22650m²",Друго,900000.0,EUR,False, продажба,,Смолян,с.Смилян,,,,https://homes.bg/offer/zemya-za-prodazhba/zemedelska-zemya-22650m2-smolyan-s.smilyan/la35151,10.0,2025-06-04 18:03:38.728861,https://www.homes.bg/api/offers??currencyId=1&filterOrderBy=0&locationId=0&typeId=LandAgro,homes.bg,2036,2025-06-04,35151,днес,,,
"Земеделска земя, 15001m²","Категория 4, Нива",30000.0,ЛЕВА,False, продажба,,Шумен,с.Войвода,,,,https://homes.bg/offer/zemya-za-prodazhba/zemedelska-zemya-15001m2-shumen-s.vojvoda/la35150,1.0,2025-06-04 18:03:38.728876,https://www.homes.bg/api/offers??currencyId=1&filterOrderBy=0&locationId=0&typeId=LandAgro,homes.bg,2036,2025-06-04,35150,вчера,,,
"Земеделска земя, 6493m²","Категория 4, Нива",292185.0,EUR,False, продажба,,София, Требич,,,,https://homes.bg/offer/zemya-za-prodazhba/zemedelska-zemya-6493m2-sofiya-trebich/la35149,3.0,2025-06-04 18:03:38.728900,https://www.homes.bg/api/offers??currencyId=1&filterOrderBy=0&locationId=0&typeId=LandAgro,homes.bg,2036,2025-06-04,35149,вчера,,,
"Земеделска земя, 1000m²",Нива,13800.0,EUR,False, продажба,,Пазарджик,гр.Велинград,,,,https://homes.bg/offer/zemya-za-prodazhba/zemedelska-zemya-1000m2-pazardzhik-gr.velingrad/la26591,3.0,2025-06-04 18:03:38.728929,https://www.homes.bg/api/offers??currencyId=1&filterOrderBy=0&locationId=0&typeId=LandAgro,homes.bg,2036,2025-06-04,26591,вчера,,,
"Земеделска земя, 5000m²",Нива,105550.0,EUR,False, продажба,,Пазарджик,гр.Батак,,,,https://homes.bg/offer/zemya-za-prodazhba/zemedelska-zemya-5000m2-pazardzhik-gr.batak/la26590,3.0,2025-06-04 18:03:38.728948,https://www.homes.bg/api/offers??currencyId=1&filterOrderBy=0&locationId=0&typeId=LandAgro,homes.bg,2036,2025-06-04,26590,вчера,,,
"Земеделска земя, 3439m²",Нива,103170.0,EUR,False, продажба,,Пазарджик,гр.Велинград,,,,https://homes.bg/offer/zemya-za-prodazhba/zemedelska-zemya-3439m2-pazardzhik-gr.velingrad/la34692,5.0,2025-06-04 18:03:38.728966,https://www.homes.bg/api/offers??currencyId=1&filterOrderBy=0&locationId=0&typeId=LandAgro,homes.bg,2036,2025-06-04,34692,вчера,,,
"Земеделска земя, 895m²",Друго,10000.0,ЛЕВА,False, продажба,,Сливен, Вилна зона,,,,https://homes.bg/offer/zemya-za-prodazhba/zemedelska-zemya-895m2-sliven-vilna-zona/la35009,1.0,2025-06-04 18:03:38.728981,https://www.homes.bg/api/offers??currencyId=1&filterOrderBy=0&locationId=0&typeId=LandAgro,homes.bg,2036,2025-06-04,35009,вчера,,,
"Земеделска земя, 959m²","Категория 9, Нива",5000.0,ЛЕВА,False, продажба,,Сливен,с.Бяла,,,,https://homes.bg/offer/zemya-za-prodazhba/zemedelska-zemya-959m2-sliven-s.byala/la34547,0.0,2025-06-04 18:03:38.728995,https://www.homes.bg/api/offers??currencyId=1&filterOrderBy=0&locationId=0&typeId=LandAgro,homes.bg,2036,2025-06-04,34547,вчера,,,
"Земеделска земя, 2000m²","Категория 4, Нива",37800.0,EUR,False, продажба,,Бургас,гр.Айтос,,,,https://homes.bg/offer/zemya-za-prodazhba/zemedelska-zemya-2000m2-burgas-gr.ajtos/la35144,3.0,2025-06-04 18:03:38.729010,https://www.homes.bg/api/offers??currencyId=1&filterOrderBy=0&locationId=0&typeId=LandAgro,homes.bg,2036,2025-06-04,35144,вчера,,,
"Земеделска земя, 4700m²","Категория 4, Нива",170000.0,EUR,False, продажба,,Пловдив,с.Скутаре,,,,https://homes.bg/offer/zemya-za-prodazhba/zemedelska-zemya-4700m2-plovdiv-s.skutare/la35145,4.0,2025-06-04 18:03:38.729024,https://www.homes.bg/api/offers??currencyId=1&filterOrderBy=0&locationId=0&typeId=LandAgro,homes.bg,2036,2025-06-04,35145,вчера,,,
"Земеделска земя, 3375m²",Нива,47250.0,EUR,False, продажба,,Пловдив,с.Цалапица,,,,https://homes.bg/offer/zemya-za-prodazhba/zemedelska-zemya-3375m2-plovdiv-s.calapica/la35146,1.0,2025-06-04 18:03:38.729035,https://www.homes.bg/api/offers??currencyId=1&filterOrderBy=0&locationId=0&typeId=LandAgro,homes.bg,2036,2025-06-04,35146,вчера,,,
"Земеделска земя, 2452m²","Категория 9, Овощна градина",45000.0,ЛЕВА,False, продажба,,Асеновград,гр.Асеновград,,,,https://homes.bg/offer/zemya-za-prodazhba/zemedelska-zemya-2452m2-asenovgrad-gr.asenovgrad/la35148,2.0,2025-06-04 18:03:38.729047,https://www.homes.bg/api/offers??currencyId=1&filterOrderBy=0&locationId=0&typeId=LandAgro,homes.bg,2036,2025-06-04,35148,вчера,,,
"Земеделска земя, 1250m²",,18750.0,ЛЕВА,False, продажба,,Благоевград,жк. Баларбаши,,,,https://homes.bg/offer/zemya-za-prodazhba/zemedelska-zemya-1250m2-blagoevgrad-zhk.-balarbashi/la33513,1.0,2025-06-04 18:03:38.729058,https://www.homes.bg/api/offers??currencyId=1&filterOrderBy=0&locationId=0&typeId=LandAgro,homes.bg,2036,2025-06-04,33513,вчера,,,
"Земеделска земя, 5300m²",,159000.0,EUR,False, продажба,,Пловдив, Индустриална зона - Изток,,,,https://homes.bg/offer/zemya-za-prodazhba/zemedelska-zemya-5300m2-plovdiv-industrialna-zona---iztok/la34439,3.0,2025-06-04 18:03:38.729070,https://www.homes.bg/api/offers??currencyId=1&filterOrderBy=0&locationId=0&typeId=LandAgro,homes.bg,2036,2025-06-04,34439,вчера,,,
"Земеделска земя, 700m²","Категория 6, Нива",38500.0,EUR,False, продажба,,Благоевград,жк. Еленово,,,,https://homes.bg/offer/zemya-za-prodazhba/zemedelska-zemya-700m2-blagoevgrad-zhk.-elenovo/la35143,1.0,2025-06-04 18:03:38.729081,https://www.homes.bg/api/offers??currencyId=1&filterOrderBy=0&locationId=0&typeId=LandAgro,homes.bg,2036,2025-06-04,35143,,,,
"Земеделска земя, 12001m²","Категория 3, Нива",85000.0,EUR,False, продажба,,Тунджа,с.Тенево,,,,https://homes.bg/offer/zemya-za-prodazhba/zemedelska-zemya-12001m2-tundzha-s.tenevo/la22800,1.0,2025-06-04 18:03:38.729095,https://www.homes.bg/api/offers??currencyId=1&filterOrderBy=0&locationId=0&typeId=LandAgro,homes.bg,2036,2025-06-04,22800,,,,
"Земеделска земя, 6000m²","Категория 3, Нива",6000.0,EUR,False, продажба,,Велико Търново, Вилна Зона,,,,https://homes.bg/offer/zemya-za-prodazhba/zemedelska-zemya-6000m2-veliko-tyrnovo-vilna-zona/la22602,3.0,2025-06-04 18:03:38.729107,https://www.homes.bg/api/offers??currencyId=1&filterOrderBy=0&locationId=0&typeId=LandAgro,homes.bg,2036,2025-06-04,22602,,,,
"Земеделска земя, 5100m²","Категория 4, Нива",0.0,EUR,False, продажба,,Севлиево,гр.Севлиево,,,,https://homes.bg/offer/zemya-za-prodazhba/zemedelska-zemya-5100m2-sevlievo-gr.sevlievo/la22601,4.0,2025-06-04 18:03:38.729119,https://www.homes.bg/api/offers??currencyId=1&filterOrderBy=0&locationId=0&typeId=LandAgro,homes.bg,2036,2025-06-04,22601,,,,
"Земеделска земя, 5080m²","Категория 4, Нива",5000.0,EUR,False, продажба,,Велико Търново, Вилна Зона,,,,https://homes.bg/offer/zemya-za-prodazhba/zemedelska-zemya-5080m2-veliko-tyrnovo-vilna-zona/la17944,3.0,2025-06-04 18:03:38.729131,https://www.homes.bg/api/offers??currencyId=1&filterOrderBy=0&locationId=0&typeId=LandAgro,homes.bg,2036,2025-06-04,17944,,,,
"Земеделска земя, 9500m²","Категория 3, Нива",0.0,EUR,False, продажба,,Велико Търново, Вилна Зона,,,,https://homes.bg/offer/zemya-za-prodazhba/zemedelska-zemya-9500m2-veliko-tyrnovo-vilna-zona/la23257,3.0,2025-06-04 18:03:38.730240,https://www.homes.bg/api/offers??currencyId=1&filterOrderBy=0&locationId=0&typeId=LandAgro,homes.bg,2036,2025-06-04,23257,,,,
"Земеделска земя, 15000m²","Категория 4, Нива",0.0,EUR,False, продажба,,Севлиево,с.Дебелцово,,,,https://homes.bg/offer/zemya-za-prodazhba/zemedelska-zemya-15000m2-sevlievo-s.debelcovo/la20526,5.0,2025-06-04 18:03:38.730261,https://www.homes.bg/api/offers??currencyId=1&filterOrderBy=0&locationId=0&typeId=LandAgro,homes.bg,2036,2025-06-04,20526,,,,
"Земеделска земя, 300m²",Категория 6,16500.0,EUR,False, продажба,,Благоевград,жк. Еленово,,,,https://homes.bg/offer/zemya-za-prodazhba/zemedelska-zemya-300m2-blagoevgrad-zhk.-elenovo/la35142,1.0,2025-06-04 18:03:38.730273,https://www.homes.bg/api/offers??currencyId=1&filterOrderBy=0&locationId=0&typeId=LandAgro,homes.bg,2036,2025-06-04,35142,,,,
"Земеделска земя, 1000m²","Категория 6, Нива",55000.0,EUR,False, продажба,,Благоевград,жк. Еленово,,,,https://homes.bg/offer/zemya-za-prodazhba/zemedelska-zemya-1000m2-blagoevgrad-zhk.-elenovo/la35141,1.0,2025-06-04 18:03:38.730283,https://www.homes.bg/api/offers??currencyId=1&filterOrderBy=0&locationId=0&typeId=LandAgro,homes.bg,2036,2025-06-04,35141,,,,
"Земеделска земя, 3375m²",,30000.0,EUR,False, продажба,,Пловдив,с.Цалапица,,,,https://homes.bg/offer/zemya-za-prodazhba/zemedelska-zemya-3375m2-plovdiv-s.calapica/la34898,1.0,2025-06-04 18:03:38.730294,https://www.homes.bg/api/offers??currencyId=1&filterOrderBy=0&locationId=0&typeId=LandAgro,homes.bg,2036,2025-06-04,34898,,,,
"Земеделска земя, 4346m²",,348000.0,EUR,False, продажба,,Пловдив,с.Браниполе,,,,https://homes.bg/offer/zemya-za-prodazhba/zemedelska-zemya-4346m2-plovdiv-s.branipole/la35147,3.0,2025-06-04 18:03:38.730304,https://www.homes.bg/api/offers??currencyId=1&filterOrderBy=0&locationId=0&typeId=LandAgro,homes.bg,2036,2025-06-04,35147,,,,
"Земеделска земя, 14700m²",,40000.0,EUR,False, продажба,,Варна,с.Близнаци,,,,https://homes.bg/offer/zemya-za-prodazhba/zemedelska-zemya-14700m2-varna-s.bliznaci/la34001,1.0,2025-06-04 18:03:38.730315,https://www.homes.bg/api/offers??currencyId=1&filterOrderBy=0&locationId=0&typeId=LandAgro,homes.bg,2036,2025-06-04,34001,,,,
"Земеделска земя, 1912m²",,80000.0,ЛЕВА,False, продажба,,Благоевград,с.Логодаж,,,,https://homes.bg/offer/zemya-za-prodazhba/zemedelska-zemya-1912m2-blagoevgrad-s.logodazh/la23014,9.0,2025-06-04 18:03:38.730328,https://www.homes.bg/api/offers??currencyId=1&filterOrderBy=0&locationId=0&typeId=LandAgro,homes.bg,2036,2025-06-04,23014,,,,
"Земеделска земя, 5563m²",,222520.0,ЛЕВА,False, продажба,,Смолян,к.к.Пампорово,,,,https://homes.bg/offer/zemya-za-prodazhba/zemedelska-zemya-5563m2-smolyan-k.k.pamporovo/la34681,1.0,2025-06-04 18:03:38.730338,https://www.homes.bg/api/offers??currencyId=1&filterOrderBy=0&locationId=0&typeId=LandAgro,homes.bg,2036,2025-06-04,34681,,,,
"Земеделска земя, 3000m²",,47400.0,EUR,False, продажба,,Благоевград,с.Логодаж,,,,https://homes.bg/offer/zemya-za-prodazhba/zemedelska-zemya-3000m2-blagoevgrad-s.logodazh/la21846,6.0,2025-06-04 18:03:38.730350,https://www.homes.bg/api/offers??currencyId=1&filterOrderBy=0&locationId=0&typeId=LandAgro,homes.bg,2036,2025-06-04,21846,,,,
"Земеделска земя, 1160m²",Нива,19000.0,EUR,False, продажба,,Пловдив,с.Марково,,,,https://homes.bg/offer/zemya-za-prodazhba/zemedelska-zemya-1160m2-plovdiv-s.markovo/la35139,1.0,2025-06-04 18:03:38.730359,https://www.homes.bg/api/offers??currencyId=1&filterOrderBy=0&locationId=0&typeId=LandAgro,homes.bg,2036,2025-06-04,35139,,,,
"Земеделска земя, 5400m²","Категория 3, Овощна градина",63000.0,ЛЕВА,False, продажба,,Асеновград,с.Долнослав,,,,https://homes.bg/offer/zemya-za-prodazhba/zemedelska-zemya-5400m2-asenovgrad-s.dolnoslav/la35140,0.0,2025-06-04 18:03:38.730369,https://www.homes.bg/api/offers??currencyId=1&filterOrderBy=0&locationId=0&typeId=LandAgro,homes.bg,2036,2025-06-04,35140,,,,
"Земеделска земя, 5000m²","Категория 5, Лозе",5500.0,EUR,False, продажба,,Асеновград,с.Долнослав,,,,https://homes.bg/offer/zemya-za-prodazhba/zemedelska-zemya-5000m2-asenovgrad-s.dolnoslav/la33771,2.0,2025-06-04 18:03:38.730380,https://www.homes.bg/api/offers??currencyId=1&filterOrderBy=0&locationId=0&typeId=LandAgro,homes.bg,2036,2025-06-04,33771,,,,
"Земеделска земя, 3500m²","Категория 4, Овощна градина",28500.0,EUR,False, продажба,,Родопи,с.Браниполе,,,,https://homes.bg/offer/zemya-za-prodazhba/zemedelska-zemya-3500m2-rodopi-s.branipole/la23576,3.0,2025-06-04 18:03:38.730393,https://www.homes.bg/api/offers??currencyId=1&filterOrderBy=0&locationId=0&typeId=LandAgro,homes.bg,2036,2025-06-04,23576,,,,
"Земеделска земя, 3901m²","Категория 3, Лозе",160000.0,EUR,False, продажба,,Пловдив,с.Белащица,,,,https://homes.bg/offer/zemya-za-prodazhba/zemedelska-zemya-3901m2-plovdiv-s.belashtica/la35135,1.0,2025-06-04 18:03:38.730403,https://www.homes.bg/api/offers??currencyId=1&filterOrderBy=0&locationId=0&typeId=LandAgro,homes.bg,2036,2025-06-04,35135,,,,
"Земеделска земя, 1713m²","Категория 4, Овощна градина",20000.0,ЛЕВА,False, продажба,,Габрово,с.Селище,,,,https://homes.bg/offer/zemya-za-prodazhba/zemedelska-zemya-1713m2-gabrovo-s.selishte/la34508,10.0,2025-06-04 18:03:38.730417,https://www.homes.bg/api/offers??currencyId=1&filterOrderBy=0&locationId=0&typeId=LandAgro,homes.bg,2036,2025-06-04,34508,,,,
"Земеделска земя, 1501m²",Нива,45030.0,EUR,False, продажба,,Пловдив, Индустриална зона - Юг,,,,https://homes.bg/offer/zemya-za-prodazhba/zemedelska-zemya-1501m2-plovdiv-industrialna-zona---jug/la35122,1.0,2025-06-04 18:03:38.730427,https://www.homes.bg/api/offers??currencyId=1&filterOrderBy=0&locationId=0&typeId=LandAgro,homes.bg,2036,2025-06-04,35122,,,,
"Земеделска земя, 8000m²","Категория 7, Нива",30000.0,EUR,False, продажба,,Варна,м-т Перчемлия,,,,https://homes.bg/offer/zemya-za-prodazhba/zemedelska-zemya-8000m2-varna-m-t-perchemliya/la35136,0.0,2025-06-04 18:03:38.730437,https://www.homes.bg/api/offers??currencyId=1&filterOrderBy=0&locationId=0&typeId=LandAgro,homes.bg,2036,2025-06-04,35136,,,,
"Земеделска земя, 5001m²",Друго,31000.0,EUR,False, продажба,,Бургас,с.Твърдица,,,,https://homes.bg/offer/zemya-za-prodazhba/zemedelska-zemya-5001m2-burgas-s.tvyrdica/la35138,2.0,2025-06-04 18:03:38.730446,https://www.homes.bg/api/offers??currencyId=1&filterOrderBy=0&locationId=0&typeId=LandAgro,homes.bg,2036,2025-06-04,35138,,,,
"Земеделска земя, 6155m²",,123100.0,EUR,False, продажба,,Варна,с.Куманово,,,,https://homes.bg/offer/zemya-za-prodazhba/zemedelska-zemya-6155m2-varna-s.kumanovo/la20631,6.0,2025-06-04 18:03:38.730458,https://www.homes.bg/api/offers??currencyId=1&filterOrderBy=0&locationId=0&typeId=LandAgro,homes.bg,2036,2025-06-04,20631,,,,
"Земеделска земя, 22800m²",,292000.0,EUR,False, продажба,,Хасково, Източна Индустриална Зона,,,,https://homes.bg/offer/zemya-za-prodazhba/zemedelska-zemya-22800m2-haskovo-iztochna-industrialna-zona/la35045,2.0,2025-06-04 18:03:38.730468,https://www.homes.bg/api/offers??currencyId=1&filterOrderBy=0&locationId=0&typeId=LandAgro,homes.bg,2036,2025-06-04,35045,,,,
"Земеделска земя, 8300m²","Категория 1, Ливада",135000.0,EUR,False, продажба,,Несебър,с.Кошарица,,,,https://homes.bg/offer/zemya-za-prodazhba/zemedelska-zemya-8300m2-nesebyr-s.kosharica/la12129,6.0,2025-06-04 18:03:38.730479,https://www.homes.bg/api/offers??currencyId=1&filterOrderBy=0&locationId=0&typeId=LandAgro,homes.bg,2036,2025-06-04,12129,,,,
"Земеделска земя, 14936m²","Категория 8, Гора",45000.0,EUR,False, продажба,,Ловеч,с.Рибарица,,,,https://homes.bg/offer/zemya-za-prodazhba/zemedelska-zemya-14936m2-lovech-s.ribarica/la34410,3.0,2025-06-04 18:03:38.730492,https://www.homes.bg/api/offers??currencyId=1&filterOrderBy=0&locationId=0&typeId=LandAgro,homes.bg,2036,2025-06-04,34410,,,,
"Земеделска земя, 1319m²","Категория 9, Нива",15800.0,EUR,False, продажба,,Пловдив,с.Гълъбово,,,,https://homes.bg/offer/zemya-za-prodazhba/zemedelska-zemya-1319m2-plovdiv-s.gylybovo/la35098,1.0,2025-06-04 18:03:38.730502,https://www.homes.bg/api/offers??currencyId=1&filterOrderBy=0&locationId=0&typeId=LandAgro,homes.bg,2036,2025-06-04,35098,,,,
"Земеделска земя, 10000m²",Нива,75000.0,ЛЕВА,False, продажба,,Пазарджик,с.Сарая,,,,https://homes.bg/offer/zemya-za-prodazhba/zemedelska-zemya-10000m2-pazardzhik-s.saraya/la35121,2.0,2025-06-04 18:03:38.730512,https://www.homes.bg/api/offers??currencyId=1&filterOrderBy=0&locationId=0&typeId=LandAgro,homes.bg,2036,2025-06-04,35121,,,,
"Земеделска земя, 5000m²",Нива,82500.0,EUR,False, продажба,,Пловдив, Индустриална зона - Север,,,,https://homes.bg/offer/zemya-za-prodazhba/zemedelska-zemya-5000m2-plovdiv-industrialna-zona---sever/la35120,1.0,2025-06-04 18:03:38.730523,https://www.homes.bg/api/offers??currencyId=1&filterOrderBy=0&locationId=0&typeId=LandAgro,homes.bg,2036,2025-06-04,35120,,,,
"Земеделска земя, 7000m²","Категория 4, Овощна градина",91000.0,EUR,False, продажба,,Родопи,с.Брестник,,,,https://homes.bg/offer/zemya-za-prodazhba/zemedelska-zemya-7000m2-rodopi-s.brestnik/la35134,3.0,2025-06-04 18:03:38.730534,https://www.homes.bg/api/offers??currencyId=1&filterOrderBy=0&locationId=0&typeId=LandAgro,homes.bg,2036,2025-06-04,35134,,,,
"Земеделска земя, 2712m²","Категория 8, Пасище",3900.0,EUR,False, продажба,,Сандански,гр.Сандански,,,,https://homes.bg/offer/zemya-za-prodazhba/zemedelska-zemya-2712m2-sandanski-gr.sandanski/la23998,4.0,2025-06-04 18:03:38.730544,https://www.homes.bg/api/offers??currencyId=1&filterOrderBy=0&locationId=0&typeId=LandAgro,homes.bg,2036,2025-06-04,23998,,,,
"Земеделска земя, 2712m²","Категория 8, Пасище",3900.0,EUR,False, продажба,,Сандански,с.Дебрене,,,,https://homes.bg/offer/zemya-za-prodazhba/zemedelska-zemya-2712m2-sandanski-s.debrene/la23999,4.0,2025-06-04 18:03:38.730555,https://www.homes.bg/api/offers??currencyId=1&filterOrderBy=0&locationId=0&typeId=LandAgro,homes.bg,2036,2025-06-04,23999,,,,
"Земеделска земя, 1500m²",Гора,65900.0,EUR,False, продажба,,Варна,Варна,,,,https://homes.bg/offer/zemya-za-prodazhba/zemedelska-zemya-1500m2-varna-varna/la35133,8.0,2025-06-04 18:03:38.730567,https://www.homes.bg/api/offers??currencyId=1&filterOrderBy=0&locationId=0&typeId=LandAgro,homes.bg,2036,2025-06-04,35133,,,,
"Земеделска земя, 13006m²",Друго,195000.0,EUR,False, продажба,,Софийска,,,,,https://homes.bg/offer/zemya-za-prodazhba/zemedelska-zemya-13006m2-sofijska-/la35132,3.0,2025-06-04 18:03:38.730578,https://www.homes.bg/api/offers??currencyId=1&filterOrderBy=0&locationId=0&typeId=LandAgro,homes.bg,2036,2025-06-04,35132,,,,
"Земеделска земя, 1422m²",Друго,51000.0,EUR,False, продажба,,Софийска,с.Горна Малина,,,,https://homes.bg/offer/zemya-za-prodazhba/zemedelska-zemya-1422m2-sofijska-s.gorna-malina/la35131,4.0,2025-06-04 18:03:38.730589,https://www.homes.bg/api/offers??currencyId=1&filterOrderBy=0&locationId=0&typeId=LandAgro,homes.bg,2036,2025-06-04,35131,,,,
"Земеделска земя, 13001m²",Друго,28000.0,EUR,False, продажба,,Благоевград,с.Хотово,,,,https://homes.bg/offer/zemya-za-prodazhba/zemedelska-zemya-13001m2-blagoevgrad-s.hotovo/la35130,2.0,2025-06-04 18:03:38.730599,https://www.homes.bg/api/offers??currencyId=1&filterOrderBy=0&locationId=0&typeId=LandAgro,homes.bg,2036,2025-06-04,35130,,,,
"Земеделска земя, 5001m²",Друго,15000.0,EUR,False, продажба,,Благоевград,с.Левуново,,,,https://homes.bg/offer/zemya-za-prodazhba/zemedelska-zemya-5001m2-blagoevgrad-s.levunovo/la35129,3.0,2025-06-04 18:03:38.730612,https://www.homes.bg/api/offers??currencyId=1&filterOrderBy=0&locationId=0&typeId=LandAgro,homes.bg,2036,2025-06-04,35129,,,,
"Земеделска земя, 10099m²",Друго,236000.0,EUR,False, продажба,,Софийска,с.Горна Малина,,,,https://homes.bg/offer/zemya-za-prodazhba/zemedelska-zemya-10099m2-sofijska-s.gorna-malina/la35128,2.0,2025-06-04 18:03:38.730622,https://www.homes.bg/api/offers??currencyId=1&filterOrderBy=0&locationId=0&typeId=LandAgro,homes.bg,2036,2025-06-04,35128,,,,
"Земеделска земя, 1000m²",Друго,10000.0,EUR,False, продажба,,Софийска,с.Горна Малина,,,,https://homes.bg/offer/zemya-za-prodazhba/zemedelska-zemya-1000m2-sofijska-s.gorna-malina/la35127,2.0,2025-06-04 18:03:38.730632,https://www.homes.bg/api/offers??currencyId=1&filterOrderBy=0&locationId=0&typeId=LandAgro,homes.bg,2036,2025-06-04,35127,,,,
"Земеделска земя, 2527m²",Друго,24000.0,EUR,False, продажба,,Софийска,с.Горна Малина,,,,https://homes.bg/offer/zemya-za-prodazhba/zemedelska-zemya-2527m2-sofijska-s.gorna-malina/la35126,3.0,2025-06-04 18:03:38.730642,https://www.homes.bg/api/offers??currencyId=1&filterOrderBy=0&locationId=0&typeId=LandAgro,homes.bg,2036,2025-06-04,35126,,,,
"Земеделска земя, 8409m²",Друго,299000.0,EUR,False, продажба,,Софийска,с.Белопопци,,,,https://homes.bg/offer/zemya-za-prodazhba/zemedelska-zemya-8409m2-sofijska-s.belopopci/la35125,1.0,2025-06-04 18:03:38.730651,https://www.homes.bg/api/offers??currencyId=1&filterOrderBy=0&locationId=0&typeId=LandAgro,homes.bg,2036,2025-06-04,35125,,,,
"Земеделска земя, 6999m²",Друго,11999.0,EUR,False, продажба,,Благоевград,с.Левуново,,,,https://homes.bg/offer/zemya-za-prodazhba/zemedelska-zemya-6999m2-blagoevgrad-s.levunovo/la35124,1.0,2025-06-04 18:03:38.730661,https://www.homes.bg/api/offers??currencyId=1&filterOrderBy=0&locationId=0&typeId=LandAgro,homes.bg,2036,2025-06-04,35124,,,,
"Земеделска земя, 13002m²",Друго,21940.0,EUR,False, продажба,,Благоевград,с.Левуново,,,,https://homes.bg/offer/zemya-za-prodazhba/zemedelska-zemya-13002m2-blagoevgrad-s.levunovo/la35123,1.0,2025-06-04 18:03:38.730670,https://www.homes.bg/api/offers??currencyId=1&filterOrderBy=0&locationId=0&typeId=LandAgro,homes.bg,2036,2025-06-04,35123,,,,
"Земеделска земя, 3300m²",,240000.0,EUR,False, продажба,,Варна,гр.Аксаково,,,,https://homes.bg/offer/zemya-za-prodazhba/zemedelska-zemya-3300m2-varna-gr.aksakovo/la35095,1.0,2025-06-04 18:03:38.730680,https://www.homes.bg/api/offers??currencyId=1&filterOrderBy=0&locationId=0&typeId=LandAgro,homes.bg,2036,2025-06-04,35095,,,,
"Земеделска земя, 11005m²",,570000.0,EUR,False, продажба,,Варна,гр.Аксаково,,,,https://homes.bg/offer/zemya-za-prodazhba/zemedelska-zemya-11005m2-varna-gr.aksakovo/la35096,1.0,2025-06-04 18:03:38.730689,https://www.homes.bg/api/offers??currencyId=1&filterOrderBy=0&locationId=0&typeId=LandAgro,homes.bg,2036,2025-06-04,35096,,,,
"Земеделска земя, 1133m²","Категория 4, Нива",60000.0,EUR,False, продажба,,Пловдив,с.Белащица,,,,https://homes.bg/offer/zemya-za-prodazhba/zemedelska-zemya-1133m2-plovdiv-s.belashtica/la35119,6.0,2025-06-04 18:03:38.730714,https://www.homes.bg/api/offers??currencyId=1&filterOrderBy=0&locationId=0&typeId=LandAgro,homes.bg,2036,2025-06-04,35119,,,,
"Земеделска земя, 5900m²","Категория 4, Нива",185000.0,EUR,False, продажба,,Родопи,с.Белащица,,,,https://homes.bg/offer/zemya-za-prodazhba/zemedelska-zemya-5900m2-rodopi-s.belashtica/la34353,2.0,2025-06-04 18:03:38.730725,https://www.homes.bg/api/offers??currencyId=1&filterOrderBy=0&locationId=0&typeId=LandAgro,homes.bg,2036,2025-06-04,34353,,,,
"Земеделска земя, 3000m²","Категория 5, Нива",7500.0,ЛЕВА,False, продажба,,Марица,с.Манолско Конаре,,,,https://homes.bg/offer/zemya-za-prodazhba/zemedelska-zemya-3000m2-marica-s.manolsko-konare/la34695,1.0,2025-06-04 18:03:38.730735,https://www.homes.bg/api/offers??currencyId=1&filterOrderBy=0&locationId=0&typeId=LandAgro,homes.bg,2036,2025-06-04,34695,,,,
"Земеделска земя, 18700m²","Категория 4, Нива",149000.0,EUR,False, продажба,,Пловдив,с.Манолско Конаре,,,,https://homes.bg/offer/zemya-za-prodazhba/zemedelska-zemya-18700m2-plovdiv-s.manolsko-konare/la21438,0.0,2025-06-04 18:03:38.730744,https://www.homes.bg/api/offers??currencyId=1&filterOrderBy=0&locationId=0&typeId=LandAgro,homes.bg,2036,2025-06-04,21438,,,,
"Земеделска земя, 3500m²","Категория 4, Нива",26000.0,EUR,False, продажба,,Родопи,с.Ягодово,,,,https://homes.bg/offer/zemya-za-prodazhba/zemedelska-zemya-3500m2-rodopi-s.yagodovo/la34778,3.0,2025-06-04 18:03:38.730754,https://www.homes.bg/api/offers??currencyId=1&filterOrderBy=0&locationId=0&typeId=LandAgro,homes.bg,2036,2025-06-04,34778,,,,
"Земеделска земя, 4000m²","Категория 4, Нива",25500.0,EUR,False, продажба,,Куклен,гр.Куклен,,,,https://homes.bg/offer/zemya-za-prodazhba/zemedelska-zemya-4000m2-kuklen-gr.kuklen/la33924,3.0,2025-06-04 18:03:38.730768,https://www.homes.bg/api/offers??currencyId=1&filterOrderBy=0&locationId=0&typeId=LandAgro,homes.bg,2036,2025-06-04,33924,,,,
"Земеделска земя, 2200m²","Категория 3, Лозе",16500.0,ЛЕВА,False, продажба,,Родопи,с.Устина,,,,https://homes.bg/offer/zemya-za-prodazhba/zemedelska-zemya-2200m2-rodopi-s.ustina/la34839,2.0,2025-06-04 18:03:38.730779,https://www.homes.bg/api/offers??currencyId=1&filterOrderBy=0&locationId=0&typeId=LandAgro,homes.bg,2036,2025-06-04,34839,,,,
"Земеделска земя, 20500m²","Категория 5, Нива",67000.0,ЛЕВА,False, продажба,,Съединение,гр.Съединение,,,,https://homes.bg/offer/zemya-za-prodazhba/zemedelska-zemya-20500m2-syedinenie-gr.syedinenie/la34555,1.0,2025-06-04 18:03:38.730788,https://www.homes.bg/api/offers??currencyId=1&filterOrderBy=0&locationId=0&typeId=LandAgro,homes.bg,2036,2025-06-04,34555,,,,
"Земеделска земя, 3730m²","Категория 3, Овощна градина",35600.0,EUR,False, продажба,,Пловдив,с.Брестник,,,,https://homes.bg/offer/zemya-za-prodazhba/zemedelska-zemya-3730m2-plovdiv-s.brestnik/la21701,0.0,2025-06-04 18:03:38.730797,https://www.homes.bg/api/offers??currencyId=1&filterOrderBy=0&locationId=0&typeId=LandAgro,homes.bg,2036,2025-06-04,21701,,,,
"Земеделска земя, 20100m²","Категория 4, Овощна градина",138690.0,ЛЕВА,False, продажба,,Пловдив,с.Моминско,,,,https://homes.bg/offer/zemya-za-prodazhba/zemedelska-zemya-20100m2-plovdiv-s.mominsko/la20507,3.0,2025-06-04 18:03:38.730808,https://www.homes.bg/api/offers??currencyId=1&filterOrderBy=0&locationId=0&typeId=LandAgro,homes.bg,2036,2025-06-04,20507,,,,
"Земеделска земя, 3900m²","Категория 6, Нива",12800.0,ЛЕВА,False, продажба,,Асеновград,с.Стоево,,,,https://homes.bg/offer/zemya-za-prodazhba/zemedelska-zemya-3900m2-asenovgrad-s.stoevo/la33941,2.0,2025-06-04 18:03:38.730818,https://www.homes.bg/api/offers??currencyId=1&filterOrderBy=0&locationId=0&typeId=LandAgro,homes.bg,2036,2025-06-04,33941,,,,
"Земеделска земя, 28000m²","Категория 3, Овощна градина",204000.0,EUR,False, продажба,,Пловдив,с.Калековец,,,,https://homes.bg/offer/zemya-za-prodazhba/zemedelska-zemya-28000m2-plovdiv-s.kalekovec/la21699,2.0,2025-06-04 18:03:38.730828,https://www.homes.bg/api/offers??currencyId=1&filterOrderBy=0&locationId=0&typeId=LandAgro,homes.bg,2036,2025-06-04,21699,,,,
"Земеделска земя, 15000m²","Категория 5, Нива",28000.0,ЛЕВА,False, продажба,,Елхово,с.Чернозем,,,,https://homes.bg/offer/zemya-za-prodazhba/zemedelska-zemya-15000m2-elhovo-s.chernozem/la33902,3.0,2025-06-04 18:03:38.730838,https://www.homes.bg/api/offers??currencyId=1&filterOrderBy=0&locationId=0&typeId=LandAgro,homes.bg,2036,2025-06-04,33902,,,,
"Земеделска земя, 9000m²","Категория 4, Овощна градина",62000.0,EUR,False, продажба,,Марица,с.Калековец,,,,https://homes.bg/offer/zemya-za-prodazhba/zemedelska-zemya-9000m2-marica-s.kalekovec/la34314,3.0,2025-06-04 18:03:38.730848,https://www.homes.bg/api/offers??currencyId=1&filterOrderBy=0&locationId=0&typeId=LandAgro,homes.bg,2036,2025-06-04,34314,,,,
"Земеделска земя, 5700m²","Категория 4, Нива",15300.0,EUR,False, продажба,,Марица,с.Труд,,,,https://homes.bg/offer/zemya-za-prodazhba/zemedelska-zemya-5700m2-marica-s.trud/la34311,3.0,2025-06-04 18:03:38.730858,https://www.homes.bg/api/offers??currencyId=1&filterOrderBy=0&locationId=0&typeId=LandAgro,homes.bg,2036,2025-06-04,34311,,,,
"Земеделска земя, 4800m²","Категория 4, Нива",115000.0,EUR,False, продажба,,Пловдив,с.Царацово,,,,https://homes.bg/offer/zemya-za-prodazhba/zemedelska-zemya-4800m2-plovdiv-s.caracovo/la21421,1.0,2025-06-04 18:03:38.730867,https://www.homes.bg/api/offers??currencyId=1&filterOrderBy=0&locationId=0&typeId=LandAgro,homes.bg,2036,2025-06-04,21421,,,,
"Земеделска земя, 10700m²","Категория 5, Нива",32500.0,ЛЕВА,False, продажба,,Марица,с.Царацово,,,,https://homes.bg/offer/zemya-za-prodazhba/zemedelska-zemya-10700m2-marica-s.caracovo/la33849,0.0,2025-06-04 18:03:38.730876,https://www.homes.bg/api/offers??currencyId=1&filterOrderBy=0&locationId=0&typeId=LandAgro,homes.bg,2036,2025-06-04,33849,,,,
"Земеделска земя, 25600m²","Категория 8, Нива",44000.0,ЛЕВА,False, продажба,,Брезово,гр.Брезово,,,,https://homes.bg/offer/zemya-za-prodazhba/zemedelska-zemya-25600m2-brezovo-gr.brezovo/la22536,8.0,2025-06-04 18:03:38.730889,https://www.homes.bg/api/offers??currencyId=1&filterOrderBy=0&locationId=0&typeId=LandAgro,homes.bg,2036,2025-06-04,22536,,,,
"Земеделска земя, 13000m²","Категория 5, Нива",36900.0,EUR,False, продажба,,Марица,с.Калековец,,,,https://homes.bg/offer/zemya-za-prodazhba/zemedelska-zemya-13000m2-marica-s.kalekovec/la22845,3.0,2025-06-04 18:03:38.730900,https://www.homes.bg/api/offers??currencyId=1&filterOrderBy=0&locationId=0&typeId=LandAgro,homes.bg,2036,2025-06-04,22845,,,,
"Земеделска земя, 7000m²","Категория 8, Нива",11000.0,ЛЕВА,False, продажба,,Стамболийски,с.Куртово Конаре,,,,https://homes.bg/offer/zemya-za-prodazhba/zemedelska-zemya-7000m2-stambolijski-s.kurtovo-konare/la33858,3.0,2025-06-04 18:03:38.730910,https://www.homes.bg/api/offers??currencyId=1&filterOrderBy=0&locationId=0&typeId=LandAgro,homes.bg,2036,2025-06-04,33858,,,,
"Земеделска земя, 11500m²","Категория 3, Нива",211000.0,EUR,False, продажба,,Родопи,с.Крумово,,,,https://homes.bg/offer/zemya-za-prodazhba/zemedelska-zemya-11500m2-rodopi-s.krumovo/la34332,2.0,2025-06-04 18:03:38.730922,https://www.homes.bg/api/offers??currencyId=1&filterOrderBy=0&locationId=0&typeId=LandAgro,homes.bg,2036,2025-06-04,34332,,,,
"Земеделска земя, 26000m²","Категория 4, Нива",45000.0,ЛЕВА,False, продажба,,Карлово,с.Горни Домлян,,,,https://homes.bg/offer/zemya-za-prodazhba/zemedelska-zemya-26000m2-karlovo-s.gorni-domlyan/la33904,0.0,2025-06-04 18:03:38.730931,https://www.homes.bg/api/offers??currencyId=1&filterOrderBy=0&locationId=0&typeId=LandAgro,homes.bg,2036,2025-06-04,33904,,,,
"Земеделска земя, 2500m²",Нива,38000.0,EUR,False, продажба,,Родопи,с.Първенец,,,,https://homes.bg/offer/zemya-za-prodazhba/zemedelska-zemya-2500m2-rodopi-s.pyrvenec/la23369,3.0,2025-06-04 18:03:38.730941,https://www.homes.bg/api/offers??currencyId=1&filterOrderBy=0&locationId=0&typeId=LandAgro,homes.bg,2036,2025-06-04,23369,,,,
"Земеделска земя, 18000m²","Категория 4, Нива",103000.0,EUR,False, продажба,,Марица,с.Желязно,,,,https://homes.bg/offer/zemya-za-prodazhba/zemedelska-zemya-18000m2-marica-s.zhelyazno/la23513,3.0,2025-06-04 18:03:38.730952,https://www.homes.bg/api/offers??currencyId=1&filterOrderBy=0&locationId=0&typeId=LandAgro,homes.bg,2036,2025-06-04,23513,,,,
"Земеделска земя, 100000m²","Категория 1, Гора",110000.0,ЛЕВА,False, продажба,,Невестино,с.Чеканец,,,,https://homes.bg/offer/zemya-za-prodazhba/zemedelska-zemya-100000m2-nevestino-s.chekanec/la24952,3.0,2025-06-04 18:03:38.730961,https://www.homes.bg/api/offers??currencyId=1&filterOrderBy=0&locationId=0&typeId=LandAgro,homes.bg,2036,2025-06-04,24952,,,,
"Земеделска земя, 8950m²",Нива,150000.0,EUR,False, продажба,,Пловдив,с.Граф-Игнатиево,,,,https://homes.bg/offer/zemya-za-prodazhba/zemedelska-zemya-8950m2-plovdiv-s.graf-ignatievo/la20499,0.0,2025-06-04 18:03:38.730970,https://www.homes.bg/api/offers??currencyId=1&filterOrderBy=0&locationId=0&typeId=LandAgro,homes.bg,2036,2025-06-04,20499,,,,
"Земеделска земя, 1640m²","Категория 4, Нива",11500.0,ЛЕВА,False, продажба,,Марица,с.Войводиново,,,,https://homes.bg/offer/zemya-za-prodazhba/zemedelska-zemya-1640m2-marica-s.vojvodinovo/la22537,4.0,2025-06-04 18:03:38.730981,https://www.homes.bg/api/offers??currencyId=1&filterOrderBy=0&locationId=0&typeId=LandAgro,homes.bg,2036,2025-06-04,22537,,,,
"Земеделска земя, 3000m²","Категория 3, Лозе",79500.0,EUR,False, продажба,,Родопи,с.Браниполе,,,,https://homes.bg/offer/zemya-za-prodazhba/zemedelska-zemya-3000m2-rodopi-s.branipole/la23374,3.0,2025-06-04 18:03:38.730991,https://www.homes.bg/api/offers??currencyId=1&filterOrderBy=0&locationId=0&typeId=LandAgro,homes.bg,2036,2025-06-04,23374,,,,
"Земеделска земя, 8900m²",Нива,135000.0,EUR,False, продажба,,Марица,с.Труд,,,,https://homes.bg/offer/zemya-za-prodazhba/zemedelska-zemya-8900m2-marica-s.trud/la21584,2.0,2025-06-04 18:03:38.731002,https://www.homes.bg/api/offers??currencyId=1&filterOrderBy=0&locationId=0&typeId=LandAgro,homes.bg,2036,2025-06-04,21584,,,,
"Земеделска земя, 1800m²","Категория 6, Нива",9000.0,EUR,False, продажба,,Брезово,с.Зелениково,,,,https://homes.bg/offer/zemya-za-prodazhba/zemedelska-zemya-1800m2-brezovo-s.zelenikovo/la33928,5.0,2025-06-04 18:03:38.731015,https://www.homes.bg/api/offers??currencyId=1&filterOrderBy=0&locationId=0&typeId=LandAgro,homes.bg,2036,2025-06-04,33928,,,,
"Земеделска земя, 41800m²",Гора,3345000.0,EUR,False, продажба,,Велинград,гр.Велинград,,,,https://homes.bg/offer/zemya-za-prodazhba/zemedelska-zemya-41800m2-velingrad-gr.velingrad/la23391,8.0,2025-06-04 18:03:38.731028,https://www.homes.bg/api/offers??currencyId=1&filterOrderBy=0&locationId=0&typeId=LandAgro,homes.bg,2036,2025-06-04,23391,,,,
"Земеделска земя, 61000m²","Категория 4, Нива",94000.0,EUR,False, продажба,,Марица,с.Желязно,,,,https://homes.bg/offer/zemya-za-prodazhba/zemedelska-zemya-61000m2-marica-s.zhelyazno/la23514,2.0,2025-06-04 18:03:38.731038,https://www.homes.bg/api/offers??currencyId=1&filterOrderBy=0&locationId=0&typeId=LandAgro,homes.bg,2036,2025-06-04,23514,,,,
"Земеделска земя, 2600m²","Категория 3, Нива",91000.0,EUR,False, продажба,,Пловдив,с.Браниполе,,,,https://homes.bg/offer/zemya-za-prodazhba/zemedelska-zemya-2600m2-plovdiv-s.branipole/la21513,2.0,2025-06-04 18:03:41.532420,https://www.homes.bg/api/offers??currencyId=1&filterOrderBy=0&locationId=0&typeId=LandAgro,homes.bg,2036,2025-06-04,21513,,,,
"Земеделска земя, 3300m²","Категория 4, Нива",85000.0,EUR,False, продажба,,Пловдив,с.Труд,,,,https://homes.bg/offer/zemya-za-prodazhba/zemedelska-zemya-3300m2-plovdiv-s.trud/la21598,0.0,2025-06-04 18:03:41.532500,https://www.homes.bg/api/offers??currencyId=1&filterOrderBy=0&locationId=0&typeId=LandAgro,homes.bg,2036,2025-06-04,21598,,,,
"Земеделска земя, 7000m²","Категория 4, Овощна градина",107000.0,EUR,False, продажба,,Пловдив,с.Златитрап,,,,https://homes.bg/offer/zemya-za-prodazhba/zemedelska-zemya-7000m2-plovdiv-s.zlatitrap/la21891,3.0,2025-06-04 18:03:41.532520,https://www.homes.bg/api/offers??currencyId=1&filterOrderBy=0&locationId=0&typeId=LandAgro,homes.bg,2036,2025-06-04,21891,,,,
"Земеделска земя, 5000m²","Категория 4, Нива",30000.0,EUR,False, продажба,,Пловдив,с.Златитрап,,,,https://homes.bg/offer/zemya-za-prodazhba/zemedelska-zemya-5000m2-plovdiv-s.zlatitrap/la21233,2.0,2025-06-04 18:03:41.532535,https://www.homes.bg/api/offers??currencyId=1&filterOrderBy=0&locationId=0&typeId=LandAgro,homes.bg,2036,2025-06-04,21233,,,,
"Земеделска земя, 3100m²",Лозе,63000.0,EUR,False, продажба,,Родопи,с.Първенец,,,,https://homes.bg/offer/zemya-za-prodazhba/zemedelska-zemya-3100m2-rodopi-s.pyrvenec/la23510,3.0,2025-06-04 18:03:41.532562,https://www.homes.bg/api/offers??currencyId=1&filterOrderBy=0&locationId=0&typeId=LandAgro,homes.bg,2036,2025-06-04,23510,,,,
"Земеделска земя, 2500m²",Нива,73000.0,EUR,False, продажба,,Пловдив,кв. Беломорски,,,,https://homes.bg/offer/zemya-za-prodazhba/zemedelska-zemya-2500m2-plovdiv-kv.-belomorski/la23387,5.0,2025-06-04 18:03:41.532578,https://www.homes.bg/api/offers??currencyId=1&filterOrderBy=0&locationId=0&typeId=LandAgro,homes.bg,2036,2025-06-04,23387,,,,
"Земеделска земя, 1500m²","Категория 3, Нива",56000.0,EUR,False, продажба,,Пловдив,с.Брестник,,,,https://homes.bg/offer/zemya-za-prodazhba/zemedelska-zemya-1500m2-plovdiv-s.brestnik/la21955,2.0,2025-06-04 18:03:41.532591,https://www.homes.bg/api/offers??currencyId=1&filterOrderBy=0&locationId=0&typeId=LandAgro,homes.bg,2036,2025-06-04,21955,,,,
"Земеделска земя, 12600m²","Категория 5, Нива",167600.0,EUR,False, продажба,,Пловдив,с.Бенковски,,,,https://homes.bg/offer/zemya-za-prodazhba/zemedelska-zemya-12600m2-plovdiv-s.benkovski/la21589,3.0,2025-06-04 18:03:41.532604,https://www.homes.bg/api/offers??currencyId=1&filterOrderBy=0&locationId=0&typeId=LandAgro,homes.bg,2036,2025-06-04,21589,,,,
"Земеделска земя, 15000m²",Нива,121000.0,ЛЕВА,False, продажба,,Родопи,с.Цалапица,,,,https://homes.bg/offer/zemya-za-prodazhba/zemedelska-zemya-15000m2-rodopi-s.calapica/la23559,3.0,2025-06-04 18:03:41.532621,https://www.homes.bg/api/offers??currencyId=1&filterOrderBy=0&locationId=0&typeId=LandAgro,homes.bg,2036,2025-06-04,23559,,,,
"Земеделска земя, 16700m²","Категория 5, Нива",51500.0,EUR,False, продажба,,Родопи,с.Цалапица,,,,https://homes.bg/offer/zemya-za-prodazhba/zemedelska-zemya-16700m2-rodopi-s.calapica/la23556,0.0,2025-06-04 18:03:41.532633,https://www.homes.bg/api/offers??currencyId=1&filterOrderBy=0&locationId=0&typeId=LandAgro,homes.bg,2036,2025-06-04,23556,,,,
"Земеделска земя, 3200m²","Категория 4, Овощна градина",24800.0,ЛЕВА,False, продажба,,Стамболийски,с.Куртово Конаре,,,,https://homes.bg/offer/zemya-za-prodazhba/zemedelska-zemya-3200m2-stambolijski-s.kurtovo-konare/la34936,3.0,2025-06-04 18:03:41.532648,https://www.homes.bg/api/offers??currencyId=1&filterOrderBy=0&locationId=0&typeId=LandAgro,homes.bg,2036,2025-06-04,34936,,,,
"Земеделска земя, 1400m²","Категория 4, Овощна градина",8500.0,ЛЕВА,False, продажба,,Стамболийски,с.Куртово Конаре,,,,https://homes.bg/offer/zemya-za-prodazhba/zemedelska-zemya-1400m2-stambolijski-s.kurtovo-konare/la34589,3.0,2025-06-04 18:03:41.532661,https://www.homes.bg/api/offers??currencyId=1&filterOrderBy=0&locationId=0&typeId=LandAgro,homes.bg,2036,2025-06-04,34589,,,,
"Земеделска земя, 7200m²","Категория 4, Нива",42800.0,EUR,False, продажба,,Родопи,с.Цалапица,,,,https://homes.bg/offer/zemya-za-prodazhba/zemedelska-zemya-7200m2-rodopi-s.calapica/la23521,3.0,2025-06-04 18:03:41.532674,https://www.homes.bg/api/offers??currencyId=1&filterOrderBy=0&locationId=0&typeId=LandAgro,homes.bg,2036,2025-06-04,23521,,,,
"Земеделска земя, 5700m²","Категория 6, Овощна градина",13000.0,EUR,False, продажба,,Родопи,с.Цалапица,,,,https://homes.bg/offer/zemya-za-prodazhba/zemedelska-zemya-5700m2-rodopi-s.calapica/la23574,2.0,2025-06-04 18:03:41.532687,https://www.homes.bg/api/offers??currencyId=1&filterOrderBy=0&locationId=0&typeId=LandAgro,homes.bg,2036,2025-06-04,23574,,,,
"Земеделска земя, 20000m²","Категория 4, Нива",65000.0,ЛЕВА,False, продажба,,Родопи,с.Цалапица,,,,https://homes.bg/offer/zemya-za-prodazhba/zemedelska-zemya-20000m2-rodopi-s.calapica/la20851,5.0,2025-06-04 18:03:41.532735,https://www.homes.bg/api/offers??currencyId=1&filterOrderBy=0&locationId=0&typeId=LandAgro,homes.bg,2036,2025-06-04,20851,,,,
"Земеделска земя, 4000m²","Категория 5, Нива",40500.0,EUR,False, продажба,,Родопи,с.Белащица,,,,https://homes.bg/offer/zemya-za-prodazhba/zemedelska-zemya-4000m2-rodopi-s.belashtica/la23498,0.0,2025-06-04 18:03:41.532752,https://www.homes.bg/api/offers??currencyId=1&filterOrderBy=0&locationId=0&typeId=LandAgro,homes.bg,2036,2025-06-04,23498,,,,
"Земеделска земя, 2150m²",Нива,50500.0,EUR,False, продажба,,Родопи,с.Белащица,,,,https://homes.bg/offer/zemya-za-prodazhba/zemedelska-zemya-2150m2-rodopi-s.belashtica/la23478,5.0,2025-06-04 18:03:41.532768,https://www.homes.bg/api/offers??currencyId=1&filterOrderBy=0&locationId=0&typeId=LandAgro,homes.bg,2036,2025-06-04,23478,,,,
"Земеделска земя, 4579m²",Нива,205000.0,EUR,False, продажба,,Родопи,с.Белащица,,,,https://homes.bg/offer/zemya-za-prodazhba/zemedelska-zemya-4579m2-rodopi-s.belashtica/la19842,4.0,2025-06-04 18:03:41.532782,https://www.homes.bg/api/offers??currencyId=1&filterOrderBy=0&locationId=0&typeId=LandAgro,homes.bg,2036,2025-06-04,19842,,,,
"Земеделска земя, 3000m²","Категория 4, Нива",9500.0,EUR,False, продажба,,Родопи,с.Цалапица,,,,https://homes.bg/offer/zemya-za-prodazhba/zemedelska-zemya-3000m2-rodopi-s.calapica/la23486,2.0,2025-06-04 18:03:41.532795,https://www.homes.bg/api/offers??currencyId=1&filterOrderBy=0&locationId=0&typeId=LandAgro,homes.bg,2036,2025-06-04,23486,,,,
"Земеделска земя, 5000m²",Нива,133000.0,EUR,False, продажба,,Родопи,с.Белащица,,,,https://homes.bg/offer/zemya-za-prodazhba/zemedelska-zemya-5000m2-rodopi-s.belashtica/la23066,7.0,2025-06-04 18:03:41.532811,https://www.homes.bg/api/offers??currencyId=1&filterOrderBy=0&locationId=0&typeId=LandAgro,homes.bg,2036,2025-06-04,23066,,,,
"Земеделска земя, 2900m²","Категория 4, Лозе",60000.0,EUR,False, продажба,,Родопи,с.Марково,,,,https://homes.bg/offer/zemya-za-prodazhba/zemedelska-zemya-2900m2-rodopi-s.markovo/la23512,3.0,2025-06-04 18:03:41.532825,https://www.homes.bg/api/offers??currencyId=1&filterOrderBy=0&locationId=0&typeId=LandAgro,homes.bg,2036,2025-06-04,23512,,,,
"Земеделска земя, 2750m²","Категория 4, Лозе",56600.0,EUR,False, продажба,,Родопи,с.Марково,,,,https://homes.bg/offer/zemya-za-prodazhba/zemedelska-zemya-2750m2-rodopi-s.markovo/la23261,3.0,2025-06-04 18:03:41.532839,https://www.homes.bg/api/offers??currencyId=1&filterOrderBy=0&locationId=0&typeId=LandAgro,homes.bg,2036,2025-06-04,23261,,,,
"Земеделска земя, 4700m²","Категория 4, Нива",125000.0,EUR,False, продажба,,Родопи,с.Оризари,,,,https://homes.bg/offer/zemya-za-prodazhba/zemedelska-zemya-4700m2-rodopi-s.orizari/la22681,6.0,2025-06-04 18:03:41.532853,https://www.homes.bg/api/offers??currencyId=1&filterOrderBy=0&locationId=0&typeId=LandAgro,homes.bg,2036,2025-06-04,22681,,,,
"Земеделска земя, 3930m²","Категория 4, Нива",68000.0,EUR,False, продажба,,Родопи,с.Марково,,,,https://homes.bg/offer/zemya-za-prodazhba/zemedelska-zemya-3930m2-rodopi-s.markovo/la22668,3.0,2025-06-04 18:03:41.532866,https://www.homes.bg/api/offers??currencyId=1&filterOrderBy=0&locationId=0&typeId=LandAgro,homes.bg,2036,2025-06-04,22668,,,,
"Земеделска земя, 6300m²","Категория 6, Лозе",108000.0,EUR,False, продажба,,Родопи,с.Марково,,,,https://homes.bg/offer/zemya-za-prodazhba/zemedelska-zemya-6300m2-rodopi-s.markovo/la23828,3.0,2025-06-04 18:03:41.532879,https://www.homes.bg/api/offers??currencyId=1&filterOrderBy=0&locationId=0&typeId=LandAgro,homes.bg,2036,2025-06-04,23828,,,,
"Земеделска земя, 5000m²","Категория 5, Нива",30700.0,EUR,False, продажба,,Марица,с.Войводиново,,,,https://homes.bg/offer/zemya-za-prodazhba/zemedelska-zemya-5000m2-marica-s.vojvodinovo/la23494,4.0,2025-06-04 18:03:41.532893,https://www.homes.bg/api/offers??currencyId=1&filterOrderBy=0&locationId=0&typeId=LandAgro,homes.bg,2036,2025-06-04,23494,,,,
"Земеделска земя, 5410m²","Категория 4, Нива",15500.0,EUR,False, продажба,,Хисаря,с.Черничево,,,,https://homes.bg/offer/zemya-za-prodazhba/zemedelska-zemya-5410m2-hisarya-s.chernichevo/la19413,2.0,2025-06-04 18:03:41.532907,https://www.homes.bg/api/offers??currencyId=1&filterOrderBy=0&locationId=0&typeId=LandAgro,homes.bg,2036,2025-06-04,19413,,,,
"Земеделска земя, 3500m²","Категория 5, Нива",14500.0,ЛЕВА,False, продажба,,Хисаря,с.Беловица,,,,https://homes.bg/offer/zemya-za-prodazhba/zemedelska-zemya-3500m2-hisarya-s.belovica/la33979,3.0,2025-06-04 18:03:41.532920,https://www.homes.bg/api/offers??currencyId=1&filterOrderBy=0&locationId=0&typeId=LandAgro,homes.bg,2036,2025-06-04,33979,,,,
"Земеделска земя, 6500m²","Категория 4, Овощна градина",39900.0,EUR,False, продажба,,Родопи,с.Ягодово,,,,https://homes.bg/offer/zemya-za-prodazhba/zemedelska-zemya-6500m2-rodopi-s.yagodovo/la23826,3.0,2025-06-04 18:03:41.532934,https://www.homes.bg/api/offers??currencyId=1&filterOrderBy=0&locationId=0&typeId=LandAgro,homes.bg,2036,2025-06-04,23826,,,,
"Земеделска земя, 4000m²","Категория 4, Овощна градина",82000.0,ЛЕВА,False, продажба,,Родопи,с.Ягодово,,,,https://homes.bg/offer/zemya-za-prodazhba/zemedelska-zemya-4000m2-rodopi-s.yagodovo/la23557,5.0,2025-06-04 18:03:41.532948,https://www.homes.bg/api/offers??currencyId=1&filterOrderBy=0&locationId=0&typeId=LandAgro,homes.bg,2036,2025-06-04,23557,,,,
"Земеделска земя, 8400m²",Нива,82000.0,ЛЕВА,False, продажба,,Родопи,с.Ягодово,,,,https://homes.bg/offer/zemya-za-prodazhba/zemedelska-zemya-8400m2-rodopi-s.yagodovo/la23496,3.0,2025-06-04 18:03:41.532961,https://www.homes.bg/api/offers??currencyId=1&filterOrderBy=0&locationId=0&typeId=LandAgro,homes.bg,2036,2025-06-04,23496,,,,
"Земеделска земя, 17000m²","Категория 4, Нива",45000.0,ЛЕВА,False, продажба,,Асеновград,с.Стоево,,,,https://homes.bg/offer/zemya-za-prodazhba/zemedelska-zemya-17000m2-asenovgrad-s.stoevo/la33983,0.0,2025-06-04 18:03:41.532974,https://www.homes.bg/api/offers??currencyId=1&filterOrderBy=0&locationId=0&typeId=LandAgro,homes.bg,2036,2025-06-04,33983,,,,
"Земеделска земя, 6500m²","Категория 4, Овощна градина",34000.0,EUR,False, продажба,,Родопи,с.Ягодово,,,,https://homes.bg/offer/zemya-za-prodazhba/zemedelska-zemya-6500m2-rodopi-s.yagodovo/la33839,2.0,2025-06-04 18:03:41.532986,https://www.homes.bg/api/offers??currencyId=1&filterOrderBy=0&locationId=0&typeId=LandAgro,homes.bg,2036,2025-06-04,33839,,,,
"Земеделска земя, 6900m²","Категория 4, Нива",20500.0,EUR,False, продажба,,Хисаря,с.Черничево,,,,https://homes.bg/offer/zemya-za-prodazhba/zemedelska-zemya-6900m2-hisarya-s.chernichevo/la23484,3.0,2025-06-04 18:03:41.533000,https://www.homes.bg/api/offers??currencyId=1&filterOrderBy=0&locationId=0&typeId=LandAgro,homes.bg,2036,2025-06-04,23484,,,,
"Земеделска земя, 1500m²",Нива,37000.0,ЛЕВА,False, продажба,,Пловдив,кв. Прослав,,,,https://homes.bg/offer/zemya-za-prodazhba/zemedelska-zemya-1500m2-plovdiv-kv.-proslav/la22470,3.0,2025-06-04 18:03:41.533013,https://www.homes.bg/api/offers??currencyId=1&filterOrderBy=0&locationId=0&typeId=LandAgro,homes.bg,2036,2025-06-04,22470,,,,
"Земеделска земя, 6000m²",Нива,270000.0,EUR,False, продажба,,Марица,с.Войводиново,,,,https://homes.bg/offer/zemya-za-prodazhba/zemedelska-zemya-6000m2-marica-s.vojvodinovo/la22606,0.0,2025-06-04 18:03:41.533025,https://www.homes.bg/api/offers??currencyId=1&filterOrderBy=0&locationId=0&typeId=LandAgro,homes.bg,2036,2025-06-04,22606,,,,
"Земеделска земя, 6000m²","Категория 3, Нива",123000.0,EUR,False, продажба,,Родопи,с.Крумово,,,,https://homes.bg/offer/zemya-za-prodazhba/zemedelska-zemya-6000m2-rodopi-s.krumovo/la22679,4.0,2025-06-04 18:03:41.533039,https://www.homes.bg/api/offers??currencyId=1&filterOrderBy=0&locationId=0&typeId=LandAgro,homes.bg,2036,2025-06-04,22679,,,,
"Земеделска земя, 22500m²","Категория 4, Нива",68500.0,EUR,False, продажба,,Марица,с.Войводиново,,,,https://homes.bg/offer/zemya-za-prodazhba/zemedelska-zemya-22500m2-marica-s.vojvodinovo/la22396,3.0,2025-06-04 18:03:41.533053,https://www.homes.bg/api/offers??currencyId=1&filterOrderBy=0&locationId=0&typeId=LandAgro,homes.bg,2036,2025-06-04,22396,,,,
"Земеделска земя, 1400m²","Категория 4, Овощна градина",25600.0,EUR,False, продажба,,Родопи,с.Брестник,,,,https://homes.bg/offer/zemya-za-prodazhba/zemedelska-zemya-1400m2-rodopi-s.brestnik/la23575,3.0,2025-06-04 18:03:41.533066,https://www.homes.bg/api/offers??currencyId=1&filterOrderBy=0&locationId=0&typeId=LandAgro,homes.bg,2036,2025-06-04,23575,,,,
"Земеделска земя, 5600m²","Категория 4, Лозе",75000.0,EUR,False, продажба,,Пловдив,кв. Прослав,,,,https://homes.bg/offer/zemya-za-prodazhba/zemedelska-zemya-5600m2-plovdiv-kv.-proslav/la33874,0.0,2025-06-04 18:03:41.533078,https://www.homes.bg/api/offers??currencyId=1&filterOrderBy=0&locationId=0&typeId=LandAgro,homes.bg,2036,2025-06-04,33874,,,,
"Земеделска земя, 5000m²","Категория 4, Лозе",123000.0,ЛЕВА,False, продажба,,Пловдив,кв. Прослав,,,,https://homes.bg/offer/zemya-za-prodazhba/zemedelska-zemya-5000m2-plovdiv-kv.-proslav/la33872,5.0,2025-06-04 18:03:41.533093,https://www.homes.bg/api/offers??currencyId=1&filterOrderBy=0&locationId=0&typeId=LandAgro,homes.bg,2036,2025-06-04,33872,,,,
"Земеделска земя, 5000m²","Категория 5, Нива",35800.0,EUR,False, продажба,,Пловдив,кв. Прослав,,,,https://homes.bg/offer/zemya-za-prodazhba/zemedelska-zemya-5000m2-plovdiv-kv.-proslav/la23480,3.0,2025-06-04 18:03:41.533107,https://www.homes.bg/api/offers??currencyId=1&filterOrderBy=0&locationId=0&typeId=LandAgro,homes.bg,2036,2025-06-04,23480,,,,
"Земеделска земя, 5600m²","Категория 4, Лозе",143000.0,ЛЕВА,False, продажба,,Пловдив,кв. Прослав,,,,https://homes.bg/offer/zemya-za-prodazhba/zemedelska-zemya-5600m2-plovdiv-kv.-proslav/la33568,3.0,2025-06-04 18:03:41.533121,https://www.homes.bg/api/offers??currencyId=1&filterOrderBy=0&locationId=0&typeId=LandAgro,homes.bg,2036,2025-06-04,33568,,,,
"Земеделска земя, 37000m²",Нива,81500.0,ЛЕВА,False, продажба,,Хисаря,с.Черничево,,,,https://homes.bg/offer/zemya-za-prodazhba/zemedelska-zemya-37000m2-hisarya-s.chernichevo/la23404,0.0,2025-06-04 18:03:41.533133,https://www.homes.bg/api/offers??currencyId=1&filterOrderBy=0&locationId=0&typeId=LandAgro,homes.bg,2036,2025-06-04,23404,,,,
"Земеделска земя, 3700m²","Категория 6, Нива",23600.0,EUR,False, продажба,,Родопи,с.Брестовица,,,,https://homes.bg/offer/zemya-za-prodazhba/zemedelska-zemya-3700m2-rodopi-s.brestovica/la21622,3.0,2025-06-04 18:03:41.533151,https://www.homes.bg/api/offers??currencyId=1&filterOrderBy=0&locationId=0&typeId=LandAgro,homes.bg,2036,2025-06-04,21622,,,,
"Земеделска земя, 19600m²","Категория 4, Нива",51500.0,EUR,False, продажба,,Марица,с.Радиново,,,,https://homes.bg/offer/zemya-za-prodazhba/zemedelska-zemya-19600m2-marica-s.radinovo/la23499,3.0,2025-06-04 18:03:41.533165,https://www.homes.bg/api/offers??currencyId=1&filterOrderBy=0&locationId=0&typeId=LandAgro,homes.bg,2036,2025-06-04,23499,,,,
"Земеделска земя, 12000m²","Категория 4, Нива",69000.0,ЛЕВА,False, продажба,,Марица,с.Труд,,,,https://homes.bg/offer/zemya-za-prodazhba/zemedelska-zemya-12000m2-marica-s.trud/la33738,3.0,2025-06-04 18:03:41.533179,https://www.homes.bg/api/offers??currencyId=1&filterOrderBy=0&locationId=0&typeId=LandAgro,homes.bg,2036,2025-06-04,33738,,,,
"Земеделска земя, 1100m²","Категория 3, Овощна градина",35000.0,ЛЕВА,False, продажба,,Първомай,с.Градина,,,,https://homes.bg/offer/zemya-za-prodazhba/zemedelska-zemya-1100m2-pyrvomaj-s.gradina/la33751,2.0,2025-06-04 18:03:41.533192,https://www.homes.bg/api/offers??currencyId=1&filterOrderBy=0&locationId=0&typeId=LandAgro,homes.bg,2036,2025-06-04,33751,,,,
"Земеделска земя, 19600m²","Категория 9, Нива",13800.0,EUR,False, продажба,,Съединение,с.Драгомир,,,,https://homes.bg/offer/zemya-za-prodazhba/zemedelska-zemya-19600m2-syedinenie-s.dragomir/la33528,4.0,2025-06-04 18:03:41.533206,https://www.homes.bg/api/offers??currencyId=1&filterOrderBy=0&locationId=0&typeId=LandAgro,homes.bg,2036,2025-06-04,33528,,,,
"Земеделска земя, 30000m²","Категория 4, Нива",920000.0,EUR,False, продажба,,Куклен,гр.Куклен,,,,https://homes.bg/offer/zemya-za-prodazhba/zemedelska-zemya-30000m2-kuklen-gr.kuklen/la33867,3.0,2025-06-04 18:03:41.533220,https://www.homes.bg/api/offers??currencyId=1&filterOrderBy=0&locationId=0&typeId=LandAgro,homes.bg,2036,2025-06-04,33867,,,,
"Земеделска земя, 13600m²","Категория 8, Нива",43000.0,EUR,False, продажба,,Стамболийски,гр.Стамболийски,,,,https://homes.bg/offer/zemya-za-prodazhba/zemedelska-zemya-13600m2-stambolijski-gr.stambolijski/la33840,2.0,2025-06-04 18:03:41.533233,https://www.homes.bg/api/offers??currencyId=1&filterOrderBy=0&locationId=0&typeId=LandAgro,homes.bg,2036,2025-06-04,33840,,,,
"Земеделска земя, 6100m²","Категория 4, Нива",75000.0,ЛЕВА,False, продажба,,Марица,с.Скутаре,,,,https://homes.bg/offer/zemya-za-prodazhba/zemedelska-zemya-6100m2-marica-s.skutare/la21450,3.0,2025-06-04 18:03:41.533247,https://www.homes.bg/api/offers??currencyId=1&filterOrderBy=0&locationId=0&typeId=LandAgro,homes.bg,2036,2025-06-04,21450,,,,
"Земеделска земя, 3900m²","Категория 4, Нива",57000.0,ЛЕВА,False, продажба,,Марица,с.Скутаре,,,,https://homes.bg/offer/zemya-za-prodazhba/zemedelska-zemya-3900m2-marica-s.skutare/la23508,3.0,2025-06-04 18:03:41.533259,https://www.homes.bg/api/offers??currencyId=1&filterOrderBy=0&locationId=0&typeId=LandAgro,homes.bg,2036,2025-06-04,23508,,,,
"Земеделска земя, 8000m²","Категория 3, Нива",115000.0,EUR,False, продажба,,Родопи,с.Ягодово,,,,https://homes.bg/offer/zemya-za-prodazhba/zemedelska-zemya-8000m2-rodopi-s.yagodovo/la22386,3.0,2025-06-04 18:03:41.533271,https://www.homes.bg/api/offers??currencyId=1&filterOrderBy=0&locationId=0&typeId=LandAgro,homes.bg,2036,2025-06-04,22386,,,,
"Земеделска земя, 1700m²","Категория 4, Нива",17000.0,EUR,False, продажба,,Куклен,гр.Куклен,,,,https://homes.bg/offer/zemya-za-prodazhba/zemedelska-zemya-1700m2-kuklen-gr.kuklen/la33866,3.0,2025-06-04 18:03:41.533282,https://www.homes.bg/api/offers??currencyId=1&filterOrderBy=0&locationId=0&typeId=LandAgro,homes.bg,2036,2025-06-04,33866,,,,
"Земеделска земя, 3400m²","Категория 5, Нива",71500.0,ЛЕВА,False, продажба,,Марица,с.Скутаре,,,,https://homes.bg/offer/zemya-za-prodazhba/zemedelska-zemya-3400m2-marica-s.skutare/la23495,3.0,2025-06-04 18:03:41.533293,https://www.homes.bg/api/offers??currencyId=1&filterOrderBy=0&locationId=0&typeId=LandAgro,homes.bg,2036,2025-06-04,23495,,,,
"Земеделска земя, 5400m²","Категория 5, Нива",56600.0,EUR,False, продажба,,Марица,с.Скутаре,,,,https://homes.bg/offer/zemya-za-prodazhba/zemedelska-zemya-5400m2-marica-s.skutare/la33799,8.0,2025-06-04 18:03:41.533306,https://www.homes.bg/api/offers??currencyId=1&filterOrderBy=0&locationId=0&typeId=LandAgro,homes.bg,2036,2025-06-04,33799,,,,
"Земеделска земя, 4740m²","Категория 4, Нива",168500.0,EUR,False, продажба,,Марица,с.Скутаре,,,,https://homes.bg/offer/zemya-za-prodazhba/zemedelska-zemya-4740m2-marica-s.skutare/la21216,2.0,2025-06-04 18:03:41.533319,https://www.homes.bg/api/offers??currencyId=1&filterOrderBy=0&locationId=0&typeId=LandAgro,homes.bg,2036,2025-06-04,21216,,,,
"Земеделска земя, 10000m²","Категория 5, Овощна градина",21500.0,EUR,False, продажба,,Асеновград,с.Новаково,,,,https://homes.bg/offer/zemya-za-prodazhba/zemedelska-zemya-10000m2-asenovgrad-s.novakovo/la33683,4.0,2025-06-04 18:03:41.533331,https://www.homes.bg/api/offers??currencyId=1&filterOrderBy=0&locationId=0&typeId=LandAgro,homes.bg,2036,2025-06-04,33683,,,,
"Земеделска земя, 94000m²","Категория 5, Нива",180000.0,EUR,False, продажба,,Брезово,с.Пъдарско,,,,https://homes.bg/offer/zemya-za-prodazhba/zemedelska-zemya-94000m2-brezovo-s.pydarsko/la33716,3.0,2025-06-04 18:03:41.533342,https://www.homes.bg/api/offers??currencyId=1&filterOrderBy=0&locationId=0&typeId=LandAgro,homes.bg,2036,2025-06-04,33716,,,,
"Земеделска земя, 9400m²","Категория 3, Нива",92000.0,EUR,False, продажба,,Марица,с.Труд,,,,https://homes.bg/offer/zemya-za-prodazhba/zemedelska-zemya-9400m2-marica-s.trud/la21495,1.0,2025-06-04 18:03:41.533352,https://www.homes.bg/api/offers??currencyId=1&filterOrderBy=0&locationId=0&typeId=LandAgro,homes.bg,2036,2025-06-04,21495,,,,
"Земеделска земя, 5000m²","Категория 10, Нива",51000.0,EUR,False, продажба,,Марица,с.Костиево,,,,https://homes.bg/offer/zemya-za-prodazhba/zemedelska-zemya-5000m2-marica-s.kostievo/la21517,3.0,2025-06-04 18:03:41.533363,https://www.homes.bg/api/offers??currencyId=1&filterOrderBy=0&locationId=0&typeId=LandAgro,homes.bg,2036,2025-06-04,21517,,,,
"Земеделска земя, 3000m²","Категория 4, Нива",25000.0,EUR,False, продажба,,Марица,с.Бенковски,,,,https://homes.bg/offer/zemya-za-prodazhba/zemedelska-zemya-3000m2-marica-s.benkovski/la33672,0.0,2025-06-04 18:03:41.533373,https://www.homes.bg/api/offers??currencyId=1&filterOrderBy=0&locationId=0&typeId=LandAgro,homes.bg,2036,2025-06-04,33672,,,,
"Земеделска земя, 40500m²","Категория 3, Овощна градина",270000.0,ЛЕВА,False, продажба,,Садово,с.Катуница,,,,https://homes.bg/offer/zemya-za-prodazhba/zemedelska-zemya-40500m2-sadovo-s.katunica/la20189,3.0,2025-06-04 18:03:41.533384,https://www.homes.bg/api/offers??currencyId=1&filterOrderBy=0&locationId=0&typeId=LandAgro,homes.bg,2036,2025-06-04,20189,,,,
"Земеделска земя, 17200m²","Категория 5, Нива",18500.0,EUR,False, продажба,,Първомай,с.Езерово,,,,https://homes.bg/offer/zemya-za-prodazhba/zemedelska-zemya-17200m2-pyrvomaj-s.ezerovo/la33670,5.0,2025-06-04 18:03:41.533397,https://www.homes.bg/api/offers??currencyId=1&filterOrderBy=0&locationId=0&typeId=LandAgro,homes.bg,2036,2025-06-04,33670,,,,
"Земеделска земя, 8819m²",Нива,123000.0,EUR,False, продажба,,Родопи,с.Първенец,,,,https://homes.bg/offer/zemya-za-prodazhba/zemedelska-zemya-8819m2-rodopi-s.pyrvenec/la19823,3.0,2025-06-04 18:03:41.533408,https://www.homes.bg/api/offers??currencyId=1&filterOrderBy=0&locationId=0&typeId=LandAgro,homes.bg,2036,2025-06-04,19823,,,,
"Земеделска земя, 4800m²","Категория 6, Овощна градина",27000.0,EUR,False, продажба,,Калояново,с.Ръжево Конаре,,,,https://homes.bg/offer/zemya-za-prodazhba/zemedelska-zemya-4800m2-kaloyanovo-s.ryzhevo-konare/la33834,3.0,2025-06-04 18:03:41.533420,https://www.homes.bg/api/offers??currencyId=1&filterOrderBy=0&locationId=0&typeId=LandAgro,homes.bg,2036,2025-06-04,33834,,,,
"Земеделска земя, 550m²",,30250.0,EUR,False, продажба,,Благоевград,жк. Еленово,,,,https://homes.bg/offer/zemya-za-prodazhba/zemedelska-zemya-550m2-blagoevgrad-zhk.-elenovo/la35137,1.0,2025-06-04 18:03:41.533431,https://www.homes.bg/api/offers??currencyId=1&filterOrderBy=0&locationId=0&typeId=LandAgro,homes.bg,2036,2025-06-04,35137,,,,
"Земеделска земя, 20027m²",,2222900.0,EUR,False, продажба,,Бургас,жк. Изгрев,,,,https://homes.bg/offer/zemya-za-prodazhba/zemedelska-zemya-20027m2-burgas-zhk.-izgrev/la24811,2.0,2025-06-04 18:03:41.533441,https://www.homes.bg/api/offers??currencyId=1&filterOrderBy=0&locationId=0&typeId=LandAgro,homes.bg,2036,2025-06-04,24811,,,,
"Земеделска земя, 1000m²",,10000.0,EUR,False, продажба,,Пловдив,с.Първенец,,,,https://homes.bg/offer/zemya-za-prodazhba/zemedelska-zemya-1000m2-plovdiv-s.pyrvenec/la34598,1.0,2025-06-04 18:03:41.533454,https://www.homes.bg/api/offers??currencyId=1&filterOrderBy=0&locationId=0&typeId=LandAgro,homes.bg,2036,2025-06-04,34598,,,,
"Земеделска земя, 12423m²","Категория 5, Нива",560000.0,EUR,False, продажба,,Пловдив, Индустриална зона - Север,,,,https://homes.bg/offer/zemya-za-prodazhba/zemedelska-zemya-12423m2-plovdiv-industrialna-zona---sever/la34395,5.0,2025-06-04 18:03:41.533468,https://www.homes.bg/api/offers??currencyId=1&filterOrderBy=0&locationId=0&typeId=LandAgro,homes.bg,2036,2025-06-04,34395,,,,
"Земеделска земя, 12423m²","Категория 5, Нива",560000.0,EUR,False, продажба,,Пловдив, Индустриална зона - Север,,,,https://homes.bg/offer/zemya-za-prodazhba/zemedelska-zemya-12423m2-plovdiv-industrialna-zona---sever/la35117,7.0,2025-06-04 18:03:41.533482,https://www.homes.bg/api/offers??currencyId=1&filterOrderBy=0&locationId=0&typeId=LandAgro,homes.bg,2036,2025-06-04,35117,,,,
"Земеделска земя, 8770m²",Нива,135500.0,EUR,False, продажба,,Пловдив,с.Ягодово,,,,https://homes.bg/offer/zemya-za-prodazhba/zemedelska-zemya-8770m2-plovdiv-s.yagodovo/la35020,1.0,2025-06-04 18:03:41.533492,https://www.homes.bg/api/offers??currencyId=1&filterOrderBy=0&locationId=0&typeId=LandAgro,homes.bg,2036,2025-06-04,35020,,,,
"Земеделска земя, 5330m²","Категория 4, Нива",69950.0,ЛЕВА,False, продажба,,Благоевград,с.Покровник,,,,https://homes.bg/offer/zemya-za-prodazhba/zemedelska-zemya-5330m2-blagoevgrad-s.pokrovnik/la34989,8.0,2025-06-04 18:03:41.533507,https://www.homes.bg/api/offers??currencyId=1&filterOrderBy=0&locationId=0&typeId=LandAgro,homes.bg,2036,2025-06-04,34989,,,,
"Земеделска земя, 4999m²",Гора,29990.0,EUR,False, продажба,,Варна,кв. Виница,,,,https://homes.bg/offer/zemya-za-prodazhba/zemedelska-zemya-4999m2-varna-kv.-vinica/la35118,1.0,2025-06-04 18:03:41.533517,https://www.homes.bg/api/offers??currencyId=1&filterOrderBy=0&locationId=0&typeId=LandAgro,homes.bg,2036,2025-06-04,35118,,,,
"Земеделска земя, 13000m²","Категория 4, Нива",93000.0,ЛЕВА,False, продажба,,Стамболийски,гр.Стамболийски,,,,https://homes.bg/offer/zemya-za-prodazhba/zemedelska-zemya-13000m2-stambolijski-gr.stambolijski/la35116,3.0,2025-06-04 18:03:41.533529,https://www.homes.bg/api/offers??currencyId=1&filterOrderBy=0&locationId=0&typeId=LandAgro,homes.bg,2036,2025-06-04,35116,,,,
"Земеделска земя, 13400m²",,134000.0,EUR,False, продажба,,Пловдив,гр.Първомай,,,,https://homes.bg/offer/zemya-za-prodazhba/zemedelska-zemya-13400m2-plovdiv-gr.pyrvomaj/la34177,1.0,2025-06-04 18:03:41.533539,https://www.homes.bg/api/offers??currencyId=1&filterOrderBy=0&locationId=0&typeId=LandAgro,homes.bg,2036,2025-06-04,34177,,,,
"Земеделска земя, 1613m²",,81000.0,EUR,False, продажба,,Варна,гр.Аксаково,,,,https://homes.bg/offer/zemya-za-prodazhba/zemedelska-zemya-1613m2-varna-gr.aksakovo/la34635,1.0,2025-06-04 18:03:41.533549,https://www.homes.bg/api/offers??currencyId=1&filterOrderBy=0&locationId=0&typeId=LandAgro,homes.bg,2036,2025-06-04,34635,,,,
"Земеделска земя, 17453m²",Друго,499000.0,EUR,False, продажба,,София -,с.Доброславци,,,,https://homes.bg/offer/zemya-za-prodazhba/zemedelska-zemya-17453m2-sofiya---grad-s.dobroslavci/la35086,4.0,2025-06-04 18:03:41.533561,https://www.homes.bg/api/offers??currencyId=1&filterOrderBy=0&locationId=0&typeId=LandAgro,homes.bg,2036,2025-06-04,35086,,,,
"Земеделска земя, 2743m²",,385000.0,EUR,False, продажба,,София,кв. Горна Баня,,,,https://homes.bg/offer/zemya-za-prodazhba/zemedelska-zemya-2743m2-sofiya-kv.-gorna-banya/la34425,2.0,2025-06-04 18:03:41.533575,https://www.homes.bg/api/offers??currencyId=1&filterOrderBy=0&locationId=0&typeId=LandAgro,homes.bg,2036,2025-06-04,34425,,,,
"Земеделска земя, 5600m²",Нива,280000.0,EUR,False, продажба,,София, Требич,,,,https://homes.bg/offer/zemya-za-prodazhba/zemedelska-zemya-5600m2-sofiya-trebich/la35106,4.0,2025-06-04 18:03:41.533589,https://www.homes.bg/api/offers??currencyId=1&filterOrderBy=0&locationId=0&typeId=LandAgro,homes.bg,2036,2025-06-04,35106,,,,
"Земеделска земя, 4949m²",Нива,175000.0,EUR,False, продажба,,Пловдив,с.Брестник,,,,https://homes.bg/offer/zemya-za-prodazhba/zemedelska-zemya-4949m2-plovdiv-s.brestnik/la35111,2.0,2025-06-04 18:03:41.533599,https://www.homes.bg/api/offers??currencyId=1&filterOrderBy=0&locationId=0&typeId=LandAgro,homes.bg,2036,2025-06-04,35111,,,,
"Земеделска земя, 2701m²",Нива,54500.0,EUR,False, продажба,,Пловдив,с.Брестник,,,,https://homes.bg/offer/zemya-za-prodazhba/zemedelska-zemya-2701m2-plovdiv-s.brestnik/la35114,2.0,2025-06-04 18:03:41.533610,https://www.homes.bg/api/offers??currencyId=1&filterOrderBy=0&locationId=0&typeId=LandAgro,homes.bg,2036,2025-06-04,35114,,,,
"Земеделска земя, 3235m²",Нива,99000.0,EUR,False, продажба,,Пловдив,кв. Прослав,,,,https://homes.bg/offer/zemya-za-prodazhba/zemedelska-zemya-3235m2-plovdiv-kv.-proslav/la35115,3.0,2025-06-04 18:03:41.533621,https://www.homes.bg/api/offers??currencyId=1&filterOrderBy=0&locationId=0&typeId=LandAgro,homes.bg,2036,2025-06-04,35115,,,,
"Земеделска земя, 4050m²",Нива,121500.0,EUR,False, продажба,,Пловдив,с.Брестник,,,,https://homes.bg/offer/zemya-za-prodazhba/zemedelska-zemya-4050m2-plovdiv-s.brestnik/la35112,2.0,2025-06-04 18:03:41.533631,https://www.homes.bg/api/offers??currencyId=1&filterOrderBy=0&locationId=0&typeId=LandAgro,homes.bg,2036,2025-06-04,35112,,,,
"Земеделска земя, 1270m²",Нива,50800.0,EUR,False, продажба,,Пловдив,с.Брестник,,,,https://homes.bg/offer/zemya-za-prodazhba/zemedelska-zemya-1270m2-plovdiv-s.brestnik/la35113,2.0,2025-06-04 18:03:41.533642,https://www.homes.bg/api/offers??currencyId=1&filterOrderBy=0&locationId=0&typeId=LandAgro,homes.bg,2036,2025-06-04,35113,,,,
"Земеделска земя, 19048m²","Категория 5, Нива",133336.0,EUR,False, продажба,,Пловдив, Индустриална зона - Север,,,,https://homes.bg/offer/zemya-za-prodazhba/zemedelska-zemya-19048m2-plovdiv-industrialna-zona---sever/la35109,2.0,2025-06-04 18:03:41.533652,https://www.homes.bg/api/offers??currencyId=1&filterOrderBy=0&locationId=0&typeId=LandAgro,homes.bg,2036,2025-06-04,35109,,,,
"Земеделска земя, 2887m²",Нива,16000.0,EUR,False, продажба,,Пловдив,с.Брестовица,,,,https://homes.bg/offer/zemya-za-prodazhba/zemedelska-zemya-2887m2-plovdiv-s.brestovica/la35110,6.0,2025-06-04 18:03:41.533668,https://www.homes.bg/api/offers??currencyId=1&filterOrderBy=0&locationId=0&typeId=LandAgro,homes.bg,2036,2025-06-04,35110,,,,
"Земеделска земя, 3408m²",,22000.0,ЛЕВА,False, продажба,,Ямбол,с.Завой,,,,https://homes.bg/offer/zemya-za-prodazhba/zemedelska-zemya-3408m2-yambol-s.zavoj/la21664,1.0,2025-06-04 18:03:41.533678,https://www.homes.bg/api/offers??currencyId=1&filterOrderBy=0&locationId=0&typeId=LandAgro,homes.bg,2036,2025-06-04,21664,,,,
"Земеделска земя, 5997m²",Друго,96000.0,EUR,False, продажба,,Благоевград,жк. Баларбаши,,,,https://homes.bg/offer/zemya-za-prodazhba/zemedelska-zemya-5997m2-blagoevgrad-zhk.-balarbashi/la33662,2.0,2025-06-04 18:03:41.533688,https://www.homes.bg/api/offers??currencyId=1&filterOrderBy=0&locationId=0&typeId=LandAgro,homes.bg,2036,2025-06-04,33662,,,,
"Земеделска земя, 7164m²",Друго,110000.0,EUR,False, продажба,,Благоевград,гр.Симитли,,,,https://homes.bg/offer/zemya-za-prodazhba/zemedelska-zemya-7164m2-blagoevgrad-gr.simitli/la34161,2.0,2025-06-04 18:03:41.533711,https://www.homes.bg/api/offers??currencyId=1&filterOrderBy=0&locationId=0&typeId=LandAgro,homes.bg,2036,2025-06-04,34161,,,,
"Земеделска земя, 8999m²",Друго,80000.0,EUR,False, продажба,,Пловдив, Индустриална зона - Север,,,,https://homes.bg/offer/zemya-za-prodazhba/zemedelska-zemya-8999m2-plovdiv-industrialna-zona---sever/la34836,2.0,2025-06-04 18:03:41.533723,https://www.homes.bg/api/offers??currencyId=1&filterOrderBy=0&locationId=0&typeId=LandAgro,homes.bg,2036,2025-06-04,34836,,,,
"Земеделска земя, 2500m²",,17500.0,ЛЕВА,False, продажба,,Смолян,с.Киселичево,,,,https://homes.bg/offer/zemya-za-prodazhba/zemedelska-zemya-2500m2-smolyan-s.kiselichevo/la34178,1.0,2025-06-04 18:03:41.533735,https://www.homes.bg/api/offers??currencyId=1&filterOrderBy=0&locationId=0&typeId=LandAgro,homes.bg,2036,2025-06-04,34178,,,,
"Земеделска земя, 10001m²",,70000.0,ЛЕВА,False, продажба,,Смолян,с.Киселичево,,,,https://homes.bg/offer/zemya-za-prodazhba/zemedelska-zemya-10001m2-smolyan-s.kiselichevo/la34179,1.0,2025-06-04 18:03:41.533746,https://www.homes.bg/api/offers??currencyId=1&filterOrderBy=0&locationId=0&typeId=LandAgro,homes.bg,2036,2025-06-04,34179,,,,
"Земеделска земя, 2600m²",Нива,156000.0,EUR,False, продажба,,Пловдив,с.Оризари,,,,https://homes.bg/offer/zemya-za-prodazhba/zemedelska-zemya-2600m2-plovdiv-s.orizari/la35090,0.0,2025-06-04 18:03:41.533756,https://www.homes.bg/api/offers??currencyId=1&filterOrderBy=0&locationId=0&typeId=LandAgro,homes.bg,2036,2025-06-04,35090,,,,
"Земеделска земя, 3199m²","Категория 4, Нива",79975.0,EUR,False, продажба,,Софийска,гр.Елин Пелин,,,,https://homes.bg/offer/zemya-za-prodazhba/zemedelska-zemya-3199m2-sofijska-gr.elin-pelin/la35100,1.0,2025-06-04 18:03:41.533766,https://www.homes.bg/api/offers??currencyId=1&filterOrderBy=0&locationId=0&typeId=LandAgro,homes.bg,2036,2025-06-04,35100,,,,
"Земеделска земя, 2115m²","Категория 5, Нива",31725.0,EUR,False, продажба,,Софийска,гр.Елин Пелин,,,,https://homes.bg/offer/zemya-za-prodazhba/zemedelska-zemya-2115m2-sofijska-gr.elin-pelin/la35099,1.0,2025-06-04 18:03:41.533779,https://www.homes.bg/api/offers??currencyId=1&filterOrderBy=0&locationId=0&typeId=LandAgro,homes.bg,2036,2025-06-04,35099,,,,
"Земеделска земя, 6498m²","Категория 4, Нива",45000.0,EUR,False, продажба,,Несебър,с.Тънково,,,,https://homes.bg/offer/zemya-za-prodazhba/zemedelska-zemya-6498m2-nesebyr-s.tynkovo/la24198,1.0,2025-06-04 18:03:41.533789,https://www.homes.bg/api/offers??currencyId=1&filterOrderBy=0&locationId=0&typeId=LandAgro,homes.bg,2036,2025-06-04,24198,,,,
"Земеделска земя, 24000m²",,386200.0,EUR,False, продажба,,Пловдив,кв. Прослав,,,,https://homes.bg/offer/zemya-za-prodazhba/zemedelska-zemya-24000m2-plovdiv-kv.-proslav/la35062,1.0,2025-06-04 18:03:41.533799,https://www.homes.bg/api/offers??currencyId=1&filterOrderBy=0&locationId=0&typeId=LandAgro,homes.bg,2036,2025-06-04,35062,,,,
"Земеделска земя, 5000m²",Друго,50000.0,EUR,False, продажба,,Бургас,с.Велика,,,,https://homes.bg/offer/zemya-za-prodazhba/zemedelska-zemya-5000m2-burgas-s.velika/la34894,3.0,2025-06-04 18:03:41.533810,https://www.homes.bg/api/offers??currencyId=1&filterOrderBy=0&locationId=0&typeId=LandAgro,homes.bg,2036,2025-06-04,34894,,,,
"Земеделска земя, 2875m²","Категория 5, Нива",58800.0,EUR,False, продажба,,Симитли,гр.Симитли,,,,https://homes.bg/offer/zemya-za-prodazhba/zemedelska-zemya-2875m2-simitli-gr.simitli/la35105,4.0,2025-06-04 18:03:45.029940,https://www.homes.bg/api/offers??currencyId=1&filterOrderBy=0&locationId=0&typeId=LandAgro,homes.bg,2036,2025-06-04,35105,,,,
"Земеделска земя, 3000m²",,13805.0,EUR,False, продажба,,Враца, Хранително-Вкусова Зона,,,,https://homes.bg/offer/zemya-za-prodazhba/zemedelska-zemya-3000m2-vraca-hranitelno-vkusova-zona/la4135,2.0,2025-06-04 18:03:45.030017,https://www.homes.bg/api/offers??currencyId=1&filterOrderBy=0&locationId=0&typeId=LandAgro,homes.bg,2036,2025-06-04,4135,,,,
"Земеделска земя, 1800m²","Категория 4, Овощна градина",26500.0,EUR,False, продажба,,Стамболийски,гр.Стамболийски,,,,https://homes.bg/offer/zemya-za-prodazhba/zemedelska-zemya-1800m2-stambolijski-gr.stambolijski/la33806,5.0,2025-06-04 18:03:45.030042,https://www.homes.bg/api/offers??currencyId=1&filterOrderBy=0&locationId=0&typeId=LandAgro,homes.bg,2036,2025-06-04,33806,,,,
"Земеделска земя, 7423m²",,408265.0,EUR,False, продажба,,Пловдив,кв. Остромила,,,,https://homes.bg/offer/zemya-za-prodazhba/zemedelska-zemya-7423m2-plovdiv-kv.-ostromila/la35107,1.0,2025-06-04 18:03:45.030059,https://www.homes.bg/api/offers??currencyId=1&filterOrderBy=0&locationId=0&typeId=LandAgro,homes.bg,2036,2025-06-04,35107,,,,
"Земеделска земя, 3711m²",,204105.0,EUR,False, продажба,,Пловдив,кв. Остромила,,,,https://homes.bg/offer/zemya-za-prodazhba/zemedelska-zemya-3711m2-plovdiv-kv.-ostromila/la34578,1.0,2025-06-04 18:03:45.030076,https://www.homes.bg/api/offers??currencyId=1&filterOrderBy=0&locationId=0&typeId=LandAgro,homes.bg,2036,2025-06-04,34578,,,,
"Земеделска земя, 2503m²",,135000.0,EUR,False, продажба,,Пловдив,жк Южен,,,,https://homes.bg/offer/zemya-za-prodazhba/zemedelska-zemya-2503m2-plovdiv-zhk-juzhen/la34596,1.0,2025-06-04 18:03:45.030091,https://www.homes.bg/api/offers??currencyId=1&filterOrderBy=0&locationId=0&typeId=LandAgro,homes.bg,2036,2025-06-04,34596,,,,
"Земеделска земя, 2088m²",,114840.0,EUR,False, продажба,,Пловдив,кв. Остромила,,,,https://homes.bg/offer/zemya-za-prodazhba/zemedelska-zemya-2088m2-plovdiv-kv.-ostromila/la24622,1.0,2025-06-04 18:03:45.030105,https://www.homes.bg/api/offers??currencyId=1&filterOrderBy=0&locationId=0&typeId=LandAgro,homes.bg,2036,2025-06-04,24622,,,,
"Земеделска земя, 1209m²",Нива,36300.0,EUR,False, продажба,,Варна,гр.Бяла,,,,https://homes.bg/offer/zemya-za-prodazhba/zemedelska-zemya-1209m2-varna-gr.byala/la34278,3.0,2025-06-04 18:03:45.030120,https://www.homes.bg/api/offers??currencyId=1&filterOrderBy=0&locationId=0&typeId=LandAgro,homes.bg,2036,2025-06-04,34278,,,,
"Земеделска земя, 3000m²","Категория 5, Нива",16000.0,EUR,False, продажба,,Варна,гр.Бяла,,,,https://homes.bg/offer/zemya-za-prodazhba/zemedelska-zemya-3000m2-varna-gr.byala/la34277,2.0,2025-06-04 18:03:45.030135,https://www.homes.bg/api/offers??currencyId=1&filterOrderBy=0&locationId=0&typeId=LandAgro,homes.bg,2036,2025-06-04,34277,,,,
"Земеделска земя, 5499m²","Категория 4, Нива",49500.0,EUR,False, продажба,,Варна,гр.Бяла,,,,https://homes.bg/offer/zemya-za-prodazhba/zemedelska-zemya-5499m2-varna-gr.byala/la34496,2.0,2025-06-04 18:03:45.030150,https://www.homes.bg/api/offers??currencyId=1&filterOrderBy=0&locationId=0&typeId=LandAgro,homes.bg,2036,2025-06-04,34496,,,,
"Земеделска земя, 15996m²",Нива,48000.0,EUR,False, продажба,,Варна,гр.Бяла,,,,https://homes.bg/offer/zemya-za-prodazhba/zemedelska-zemya-15996m2-varna-gr.byala/la34512,2.0,2025-06-04 18:03:45.030165,https://www.homes.bg/api/offers??currencyId=1&filterOrderBy=0&locationId=0&typeId=LandAgro,homes.bg,2036,2025-06-04,34512,,,,
"Земеделска земя, 5300m²","Категория 4, Нива",32000.0,ЛЕВА,False, продажба,,Варна,гр.Бяла,,,,https://homes.bg/offer/zemya-za-prodazhba/zemedelska-zemya-5300m2-varna-gr.byala/la34337,2.0,2025-06-04 18:03:45.030180,https://www.homes.bg/api/offers??currencyId=1&filterOrderBy=0&locationId=0&typeId=LandAgro,homes.bg,2036,2025-06-04,34337,,,,
"Земеделска земя, 45790m²","Категория 6, Нива",65000.0,EUR,False, продажба,,Варна,с.Кичево,,,,https://homes.bg/offer/zemya-za-prodazhba/zemedelska-zemya-45790m2-varna-s.kichevo/la34900,1.0,2025-06-04 18:03:45.030194,https://www.homes.bg/api/offers??currencyId=1&filterOrderBy=0&locationId=0&typeId=LandAgro,homes.bg,2036,2025-06-04,34900,,,,
"Земеделска земя, 5103m²","Категория 5, Нива",21000.0,EUR,False, продажба,,Варна,с.Горица,,,,https://homes.bg/offer/zemya-za-prodazhba/zemedelska-zemya-5103m2-varna-s.gorica/la34279,2.0,2025-06-04 18:03:45.030209,https://www.homes.bg/api/offers??currencyId=1&filterOrderBy=0&locationId=0&typeId=LandAgro,homes.bg,2036,2025-06-04,34279,,,,
"Земеделска земя, 13307m²",Нива,30700.0,EUR,False, продажба,,Добрич,гр.Шабла,,,,https://homes.bg/offer/zemya-za-prodazhba/zemedelska-zemya-13307m2-dobrich-gr.shabla/la33605,1.0,2025-06-04 18:03:45.030224,https://www.homes.bg/api/offers??currencyId=1&filterOrderBy=0&locationId=0&typeId=LandAgro,homes.bg,2036,2025-06-04,33605,,,,
"Земеделска земя, 2969m²","Категория 4, Нива",74500.0,EUR,False, продажба,,София,жк. Овча Купел,,,,https://homes.bg/offer/zemya-za-prodazhba/zemedelska-zemya-2969m2-sofiya-zhk.-ovcha-kupel/la35091,1.0,2025-06-04 18:03:45.030238,https://www.homes.bg/api/offers??currencyId=1&filterOrderBy=0&locationId=0&typeId=LandAgro,homes.bg,2036,2025-06-04,35091,,,,
"Земеделска земя, 675m²",Нива,25999.0,EUR,False, продажба,,Пловдив,с.Брестовица,,,,https://homes.bg/offer/zemya-za-prodazhba/zemedelska-zemya-675m2-plovdiv-s.brestovica/la35092,1.0,2025-06-04 18:03:45.030251,https://www.homes.bg/api/offers??currencyId=1&filterOrderBy=0&locationId=0&typeId=LandAgro,homes.bg,2036,2025-06-04,35092,,,,
"Земеделска земя, 3187m²",Друго,363190.0,EUR,False, продажба,,Пловдив,с.Марково,,,,https://homes.bg/offer/zemya-za-prodazhba/zemedelska-zemya-3187m2-plovdiv-s.markovo/la26593,4.0,2025-06-04 18:03:45.030266,https://www.homes.bg/api/offers??currencyId=1&filterOrderBy=0&locationId=0&typeId=LandAgro,homes.bg,2036,2025-06-04,26593,,,,
"Земеделска земя, 2600m²",Друго,30000.0,EUR,False, продажба,,Софийска,с.Мирово,,,,https://homes.bg/offer/zemya-za-prodazhba/zemedelska-zemya-2600m2-sofijska-s.mirovo/la35104,2.0,2025-06-04 18:03:45.030280,https://www.homes.bg/api/offers??currencyId=1&filterOrderBy=0&locationId=0&typeId=LandAgro,homes.bg,2036,2025-06-04,35104,,,,
"Земеделска земя, 6112m²","Категория 8, Нива",35000.0,ЛЕВА,False, продажба,,Сандански,гр.Сандански,,,,https://homes.bg/offer/zemya-za-prodazhba/zemedelska-zemya-6112m2-sandanski-gr.sandanski/la35097,1.0,2025-06-04 18:03:45.030293,https://www.homes.bg/api/offers??currencyId=1&filterOrderBy=0&locationId=0&typeId=LandAgro,homes.bg,2036,2025-06-04,35097,,,,
"Земеделска земя, 4580m²",Ливада,91600.0,ЛЕВА,False, продажба,,Батак,к.Цигов Чарк,,,,https://homes.bg/offer/zemya-za-prodazhba/zemedelska-zemya-4580m2-batak-k.cigov-chark/la14455,1.0,2025-06-04 18:03:45.030306,https://www.homes.bg/api/offers??currencyId=1&filterOrderBy=0&locationId=0&typeId=LandAgro,homes.bg,2036,2025-06-04,14455,,,,
"Земеделска земя, 9154m²","Категория 5, Нива",0.0,EUR,False, продажба,,Пазарджик,с.Звъничево,,,,https://homes.bg/offer/zemya-za-prodazhba/zemedelska-zemya-9154m2-pazardzhik-s.zvynichevo/la34453,2.0,2025-06-04 18:03:45.030320,https://www.homes.bg/api/offers??currencyId=1&filterOrderBy=0&locationId=0&typeId=LandAgro,homes.bg,2036,2025-06-04,34453,,,,
"Земеделска земя, 13021m²","Категория 8, Нива",7280.0,ЛЕВА,False, продажба,,Панагюрище,с.Елшица,,,,https://homes.bg/offer/zemya-za-prodazhba/zemedelska-zemya-13021m2-panagjurishte-s.elshica/la23200,8.0,2025-06-04 18:03:45.030350,https://www.homes.bg/api/offers??currencyId=1&filterOrderBy=0&locationId=0&typeId=LandAgro,homes.bg,2036,2025-06-04,23200,,,,
"Земеделска земя, 4820m²","Категория 5, Нива",120500.0,EUR,False, продажба,,Пазарджик,с.Гелеменово,,,,https://homes.bg/offer/zemya-za-prodazhba/zemedelska-zemya-4820m2-pazardzhik-s.gelemenovo/la18354,9.0,2025-06-04 18:03:45.030368,https://www.homes.bg/api/offers??currencyId=1&filterOrderBy=0&locationId=0&typeId=LandAgro,homes.bg,2036,2025-06-04,18354,,,,
"Земеделска земя, 939m²","Категория 6, Нива",10000.0,ЛЕВА,False, продажба,,Септември,с.Виноградец,,,,https://homes.bg/offer/zemya-za-prodazhba/zemedelska-zemya-939m2-septemvri-s.vinogradec/la24179,1.0,2025-06-04 18:03:45.030382,https://www.homes.bg/api/offers??currencyId=1&filterOrderBy=0&locationId=0&typeId=LandAgro,homes.bg,2036,2025-06-04,24179,,,,
"Земеделска земя, 3093m²","Категория 7, Ливада",61860.0,EUR,False, продажба,,Батак,к.Цигов Чарк,,,,https://homes.bg/offer/zemya-za-prodazhba/zemedelska-zemya-3093m2-batak-k.cigov-chark/la33996,2.0,2025-06-04 18:03:45.030395,https://www.homes.bg/api/offers??currencyId=1&filterOrderBy=0&locationId=0&typeId=LandAgro,homes.bg,2036,2025-06-04,33996,,,,
"Земеделска земя, 1581m²","Категория 9, Ливада",1581.0,ЛЕВА,False, продажба,,Батак,гр.Батак,,,,https://homes.bg/offer/zemya-za-prodazhba/zemedelska-zemya-1581m2-batak-gr.batak/la34267,2.0,2025-06-04 18:03:45.030409,https://www.homes.bg/api/offers??currencyId=1&filterOrderBy=0&locationId=0&typeId=LandAgro,homes.bg,2036,2025-06-04,34267,,,,
"Земеделска земя, 7902m²","Категория 5, Нива",12000.0,ЛЕВА,False, продажба,,Септември,с.Виноградец,,,,https://homes.bg/offer/zemya-za-prodazhba/zemedelska-zemya-7902m2-septemvri-s.vinogradec/la34910,1.0,2025-06-04 18:03:45.030423,https://www.homes.bg/api/offers??currencyId=1&filterOrderBy=0&locationId=0&typeId=LandAgro,homes.bg,2036,2025-06-04,34910,,,,
"Земеделска земя, 3632m²",,69000.0,EUR,False, продажба,,Благоевград,с.Градево,,,,https://homes.bg/offer/zemya-za-prodazhba/zemedelska-zemya-3632m2-blagoevgrad-s.gradevo/la35103,1.0,2025-06-04 18:03:45.030436,https://www.homes.bg/api/offers??currencyId=1&filterOrderBy=0&locationId=0&typeId=LandAgro,homes.bg,2036,2025-06-04,35103,,,,
"Земеделска земя, 3000m²",,60000.0,EUR,False, продажба,,Варна,кв. Виница,,,,https://homes.bg/offer/zemya-za-prodazhba/zemedelska-zemya-3000m2-varna-kv.-vinica/la24141,6.0,2025-06-04 18:03:45.030451,https://www.homes.bg/api/offers??currencyId=1&filterOrderBy=0&locationId=0&typeId=LandAgro,homes.bg,2036,2025-06-04,24141,,,,
"Земеделска земя, 1000m²",,30000.0,EUR,False, продажба,,Пловдив,с.Крумово,,,,https://homes.bg/offer/zemya-za-prodazhba/zemedelska-zemya-1000m2-plovdiv-s.krumovo/la35101,1.0,2025-06-04 18:03:45.030476,https://www.homes.bg/api/offers??currencyId=1&filterOrderBy=0&locationId=0&typeId=LandAgro,homes.bg,2036,2025-06-04,35101,,,,
"Земеделска земя, 5001m²",,284900.0,EUR,False, продажба,,Пловдив, Индустриална зона - Север,,,,https://homes.bg/offer/zemya-za-prodazhba/zemedelska-zemya-5001m2-plovdiv-industrialna-zona---sever/la35102,1.0,2025-06-04 18:03:45.030490,https://www.homes.bg/api/offers??currencyId=1&filterOrderBy=0&locationId=0&typeId=LandAgro,homes.bg,2036,2025-06-04,35102,,,,
"Земеделска земя, 1048m²",,65000.0,EUR,False, продажба,,Перник,с.Рударци,,,,https://homes.bg/offer/zemya-za-prodazhba/zemedelska-zemya-1048m2-pernik-s.rudarci/la24961,3.0,2025-06-04 18:03:45.030505,https://www.homes.bg/api/offers??currencyId=1&filterOrderBy=0&locationId=0&typeId=LandAgro,homes.bg,2036,2025-06-04,24961,,,,
"Земеделска земя, 700m²","Категория 7, Лозе",14000.0,EUR,False, продажба,,Благоевград,с.Дъбрава,,,,https://homes.bg/offer/zemya-za-prodazhba/zemedelska-zemya-700m2-blagoevgrad-s.dybrava/la23864,3.0,2025-06-04 18:03:45.030519,https://www.homes.bg/api/offers??currencyId=1&filterOrderBy=0&locationId=0&typeId=LandAgro,homes.bg,2036,2025-06-04,23864,,,,
"Земеделска земя, 15000m²","Категория 4, Нива",22000.0,ЛЕВА,False, продажба,,Елена,с.Блъсковци,,,,https://homes.bg/offer/zemya-za-prodazhba/zemedelska-zemya-15000m2-elena-s.blyskovci/la35089,2.0,2025-06-04 18:03:45.030534,https://www.homes.bg/api/offers??currencyId=1&filterOrderBy=0&locationId=0&typeId=LandAgro,homes.bg,2036,2025-06-04,35089,,,,
"Земеделска земя, 11841m²",Друго,23000.0,EUR,False, продажба,,Варна,с.Приселци,,,,https://homes.bg/offer/zemya-za-prodazhba/zemedelska-zemya-11841m2-varna-s.priselci/la33811,2.0,2025-06-04 18:03:45.030547,https://www.homes.bg/api/offers??currencyId=1&filterOrderBy=0&locationId=0&typeId=LandAgro,homes.bg,2036,2025-06-04,33811,,,,
"Земеделска земя, 5387m²","Категория 3, Нива",25000.0,ЛЕВА,False, продажба,,Поморие,с.Лъка,,,,https://homes.bg/offer/zemya-za-prodazhba/zemedelska-zemya-5387m2-pomorie-s.lyka/la35088,0.0,2025-06-04 18:03:45.030561,https://www.homes.bg/api/offers??currencyId=1&filterOrderBy=0&locationId=0&typeId=LandAgro,homes.bg,2036,2025-06-04,35088,,,,
"Земеделска земя, 700m²",,14000.0,EUR,False, продажба,,Благоевград,с.Дъбрава,,,,https://homes.bg/offer/zemya-za-prodazhba/zemedelska-zemya-700m2-blagoevgrad-s.dybrava/la23865,3.0,2025-06-04 18:03:45.030575,https://www.homes.bg/api/offers??currencyId=1&filterOrderBy=0&locationId=0&typeId=LandAgro,homes.bg,2036,2025-06-04,23865,,,,
"Земеделска земя, 3688m²",,69900.0,ЛЕВА,False, продажба,,Ямбол,с.Хаджидимитрово,,,,https://homes.bg/offer/zemya-za-prodazhba/zemedelska-zemya-3688m2-yambol-s.hadzhidimitrovo/la24963,1.0,2025-06-04 18:03:45.030588,https://www.homes.bg/api/offers??currencyId=1&filterOrderBy=0&locationId=0&typeId=LandAgro,homes.bg,2036,2025-06-04,24963,,,,
"Земеделска земя, 1370m²",,26000.0,EUR,False, продажба,,Благоевград,с.Градево,,,,https://homes.bg/offer/zemya-za-prodazhba/zemedelska-zemya-1370m2-blagoevgrad-s.gradevo/la35093,1.0,2025-06-04 18:03:45.030602,https://www.homes.bg/api/offers??currencyId=1&filterOrderBy=0&locationId=0&typeId=LandAgro,homes.bg,2036,2025-06-04,35093,,,,
"Земеделска земя, 2124m²",,40350.0,EUR,False, продажба,,Благоевград,с.Градево,,,,https://homes.bg/offer/zemya-za-prodazhba/zemedelska-zemya-2124m2-blagoevgrad-s.gradevo/la35094,1.0,2025-06-04 18:03:45.030618,https://www.homes.bg/api/offers??currencyId=1&filterOrderBy=0&locationId=0&typeId=LandAgro,homes.bg,2036,2025-06-04,35094,,,,
"Земеделска земя, 2000m²",Гора,170000.0,EUR,False, продажба,,Варна,Варна,,,,https://homes.bg/offer/zemya-za-prodazhba/zemedelska-zemya-2000m2-varna-varna/la25343,3.0,2025-06-04 18:03:45.030632,https://www.homes.bg/api/offers??currencyId=1&filterOrderBy=0&locationId=0&typeId=LandAgro,homes.bg,2036,2025-06-04,25343,,,,
"Земеделска земя, 500m²",,3000.0,ЛЕВА,False, продажба,,Добрич,гр.Балчик,,,,https://homes.bg/offer/zemya-za-prodazhba/zemedelska-zemya-500m2-dobrich-gr.balchik/la23373,1.0,2025-06-04 18:03:45.030645,https://www.homes.bg/api/offers??currencyId=1&filterOrderBy=0&locationId=0&typeId=LandAgro,homes.bg,2036,2025-06-04,23373,,,,
"Земеделска земя, 1620m²",,51500.0,EUR,False, продажба,,Кюстендил,гр.Кочериново,,,,https://homes.bg/offer/zemya-za-prodazhba/zemedelska-zemya-1620m2-kjustendil-gr.kocherinovo/la35066,1.0,2025-06-04 18:03:45.030658,https://www.homes.bg/api/offers??currencyId=1&filterOrderBy=0&locationId=0&typeId=LandAgro,homes.bg,2036,2025-06-04,35066,,,,
"Земеделска земя, 2600m²","Категория 4, Нива",57100.0,EUR,False, продажба,,Пловдив,с.Оризари,,,,https://homes.bg/offer/zemya-za-prodazhba/zemedelska-zemya-2600m2-plovdiv-s.orizari/la35047,1.0,2025-06-04 18:03:45.030670,https://www.homes.bg/api/offers??currencyId=1&filterOrderBy=0&locationId=0&typeId=LandAgro,homes.bg,2036,2025-06-04,35047,,,,
"Земеделска земя, 1039m²","Категория 4, Нива",28000.0,EUR,False, продажба,,Пловдив,с.Марково,,,,https://homes.bg/offer/zemya-za-prodazhba/zemedelska-zemya-1039m2-plovdiv-s.markovo/la35078,1.0,2025-06-04 18:03:45.030683,https://www.homes.bg/api/offers??currencyId=1&filterOrderBy=0&locationId=0&typeId=LandAgro,homes.bg,2036,2025-06-04,35078,,,,
"Земеделска земя, 739m²",Нива,23170.0,EUR,False, продажба,,Пловдив,с.Марково,,,,https://homes.bg/offer/zemya-za-prodazhba/zemedelska-zemya-739m2-plovdiv-s.markovo/la35077,1.0,2025-06-04 18:03:45.030712,https://www.homes.bg/api/offers??currencyId=1&filterOrderBy=0&locationId=0&typeId=LandAgro,homes.bg,2036,2025-06-04,35077,,,,
"Земеделска земя, 1906m²",,47700.0,EUR,False, продажба,,София -,с.Железница,,,,https://homes.bg/offer/zemya-za-prodazhba/zemedelska-zemya-1906m2-sofiya---grad-s.zheleznica/la34243,1.0,2025-06-04 18:03:45.030728,https://www.homes.bg/api/offers??currencyId=1&filterOrderBy=0&locationId=0&typeId=LandAgro,homes.bg,2036,2025-06-04,34243,,,,
"Земеделска земя, 10043m²",,251075.0,EUR,False, продажба,,Пловдив,с.Костиево,,,,https://homes.bg/offer/zemya-za-prodazhba/zemedelska-zemya-10043m2-plovdiv-s.kostievo/la34406,1.0,2025-06-04 18:03:45.030741,https://www.homes.bg/api/offers??currencyId=1&filterOrderBy=0&locationId=0&typeId=LandAgro,homes.bg,2036,2025-06-04,34406,,,,
"Земеделска земя, 901m²",,22600.0,EUR,False, продажба,,София -,с.Железница,,,,https://homes.bg/offer/zemya-za-prodazhba/zemedelska-zemya-901m2-sofiya---grad-s.zheleznica/la34244,1.0,2025-06-04 18:03:45.030754,https://www.homes.bg/api/offers??currencyId=1&filterOrderBy=0&locationId=0&typeId=LandAgro,homes.bg,2036,2025-06-04,34244,,,,
"Земеделска земя, 739m²","Категория 4, Нива",24500.0,EUR,False, продажба,,Пловдив,с.Първенец,,,,https://homes.bg/offer/zemya-za-prodazhba/zemedelska-zemya-739m2-plovdiv-s.pyrvenec/la35074,1.0,2025-06-04 18:03:45.030767,https://www.homes.bg/api/offers??currencyId=1&filterOrderBy=0&locationId=0&typeId=LandAgro,homes.bg,2036,2025-06-04,35074,,,,
"Земеделска земя, 20000m²","Категория 8, Нива",26000.0,ЛЕВА,False, продажба,,Антоново,с.Вельово,,,,https://homes.bg/offer/zemya-za-prodazhba/zemedelska-zemya-20000m2-antonovo-s.veljovo/la34588,0.0,2025-06-04 18:03:45.030781,https://www.homes.bg/api/offers??currencyId=1&filterOrderBy=0&locationId=0&typeId=LandAgro,homes.bg,2036,2025-06-04,34588,,,,
"Земеделска земя, 25000m²","Категория 6, Нива",45000.0,ЛЕВА,False, продажба,,Берковица,с.Мездрея,,,,https://homes.bg/offer/zemya-za-prodazhba/zemedelska-zemya-25000m2-berkovica-s.mezdreya/la35084,1.0,2025-06-04 18:03:45.030795,https://www.homes.bg/api/offers??currencyId=1&filterOrderBy=0&locationId=0&typeId=LandAgro,homes.bg,2036,2025-06-04,35084,,,,
"Земеделска земя, 23331m²",Категория 6,20000.0,EUR,False, продажба,,Варна,кв. Виница,,,,https://homes.bg/offer/zemya-za-prodazhba/zemedelska-zemya-23331m2-varna-kv.-vinica/la35073,1.0,2025-06-04 18:03:45.030809,https://www.homes.bg/api/offers??currencyId=1&filterOrderBy=0&locationId=0&typeId=LandAgro,homes.bg,2036,2025-06-04,35073,,,,
"Земеделска земя, 800m²",Друго,94500.0,EUR,False, продажба,,Бургас,гр.Царево,,,,https://homes.bg/offer/zemya-za-prodazhba/zemedelska-zemya-800m2-burgas-gr.carevo/la35085,5.0,2025-06-04 18:03:45.030823,https://www.homes.bg/api/offers??currencyId=1&filterOrderBy=0&locationId=0&typeId=LandAgro,homes.bg,2036,2025-06-04,35085,,,,
"Земеделска земя, 4000m²",Гора,11000.0,ЛЕВА,False, продажба,,Търговище,с.Давидово,,,,https://homes.bg/offer/zemya-za-prodazhba/zemedelska-zemya-4000m2-tyrgovishte-s.davidovo/la35083,0.0,2025-06-04 18:03:45.030833,https://www.homes.bg/api/offers??currencyId=1&filterOrderBy=0&locationId=0&typeId=LandAgro,homes.bg,2036,2025-06-04,35083,,,,
"Земеделска земя, 7702m²",Друго,70000.0,EUR,False, продажба,,Софийска,с.Хераково,,,,https://homes.bg/offer/zemya-za-prodazhba/zemedelska-zemya-7702m2-sofijska-s.herakovo/la35001,1.0,2025-06-04 18:03:45.030844,https://www.homes.bg/api/offers??currencyId=1&filterOrderBy=0&locationId=0&typeId=LandAgro,homes.bg,2036,2025-06-04,35001,,,,
"Земеделска земя, 4000m²",Друго,36000.0,EUR,False, продажба,,Софийска,с.Хераково,,,,https://homes.bg/offer/zemya-za-prodazhba/zemedelska-zemya-4000m2-sofijska-s.herakovo/la35003,1.0,2025-06-04 18:03:45.030854,https://www.homes.bg/api/offers??currencyId=1&filterOrderBy=0&locationId=0&typeId=LandAgro,homes.bg,2036,2025-06-04,35003,,,,
"Земеделска земя, 7598m²",Друго,68000.0,EUR,False, продажба,,Софийска,с.Хераково,,,,https://homes.bg/offer/zemya-za-prodazhba/zemedelska-zemya-7598m2-sofijska-s.herakovo/la35002,1.0,2025-06-04 18:03:45.030868,https://www.homes.bg/api/offers??currencyId=1&filterOrderBy=0&locationId=0&typeId=LandAgro,homes.bg,2036,2025-06-04,35002,,,,
"Земеделска земя, 4001m²",Друго,36000.0,EUR,False, продажба,,Софийска,с.Хераково,,,,https://homes.bg/offer/zemya-za-prodazhba/zemedelska-zemya-4001m2-sofijska-s.herakovo/la35004,1.0,2025-06-04 18:03:45.030878,https://www.homes.bg/api/offers??currencyId=1&filterOrderBy=0&locationId=0&typeId=LandAgro,homes.bg,2036,2025-06-04,35004,,,,
"Земеделска земя, 3001m²",Друго,84000.0,EUR,False, продажба,,Софийска,с.Хераково,,,,https://homes.bg/offer/zemya-za-prodazhba/zemedelska-zemya-3001m2-sofijska-s.herakovo/la35005,2.0,2025-06-04 18:03:45.030890,https://www.homes.bg/api/offers??currencyId=1&filterOrderBy=0&locationId=0&typeId=LandAgro,homes.bg,2036,2025-06-04,35005,,,,
"Земеделска земя, 2733m²",Друго,76500.0,EUR,False, продажба,,Софийска,с.Хераково,,,,https://homes.bg/offer/zemya-za-prodazhba/zemedelska-zemya-2733m2-sofijska-s.herakovo/la35006,1.0,2025-06-04 18:03:45.030900,https://www.homes.bg/api/offers??currencyId=1&filterOrderBy=0&locationId=0&typeId=LandAgro,homes.bg,2036,2025-06-04,35006,,,,
"Земеделска земя, 18000m²",Друго,306000.0,EUR,False, продажба,,Пловдив,с.Ягодово,,,,https://homes.bg/offer/zemya-za-prodazhba/zemedelska-zemya-18000m2-plovdiv-s.yagodovo/la34659,0.0,2025-06-04 18:03:45.030910,https://www.homes.bg/api/offers??currencyId=1&filterOrderBy=0&locationId=0&typeId=LandAgro,homes.bg,2036,2025-06-04,34659,,,,
"Земеделска земя, 1000m²","Категория 5, Лозе",30000.0,ЛЕВА,False, продажба,,Сандански,гр.Сандански,,,,https://homes.bg/offer/zemya-za-prodazhba/zemedelska-zemya-1000m2-sandanski-gr.sandanski/la35082,2.0,2025-06-04 18:03:45.030922,https://www.homes.bg/api/offers??currencyId=1&filterOrderBy=0&locationId=0&typeId=LandAgro,homes.bg,2036,2025-06-04,35082,,,,
"Земеделска земя, 5348m²",Друго,17400.0,EUR,False, продажба,,Бургас,гр.Поморие,,,,https://homes.bg/offer/zemya-za-prodazhba/zemedelska-zemya-5348m2-burgas-gr.pomorie/la34685,1.0,2025-06-04 18:03:45.030932,https://www.homes.bg/api/offers??currencyId=1&filterOrderBy=0&locationId=0&typeId=LandAgro,homes.bg,2036,2025-06-04,34685,,,,
"Земеделска земя, 10219m²",,35000.0,EUR,False, продажба,,Сливен,с.Тополчане,,,,https://homes.bg/offer/zemya-za-prodazhba/zemedelska-zemya-10219m2-sliven-s.topolchane/la34925,3.0,2025-06-04 18:03:45.030943,https://www.homes.bg/api/offers??currencyId=1&filterOrderBy=0&locationId=0&typeId=LandAgro,homes.bg,2036,2025-06-04,34925,,,,
"Земеделска земя, 1890m²",,45000.0,EUR,False, продажба,,Пловдив,с.Цалапица,,,,https://homes.bg/offer/zemya-za-prodazhba/zemedelska-zemya-1890m2-plovdiv-s.calapica/la34137,1.0,2025-06-04 18:03:45.030956,https://www.homes.bg/api/offers??currencyId=1&filterOrderBy=0&locationId=0&typeId=LandAgro,homes.bg,2036,2025-06-04,34137,,,,
"Земеделска земя, 3393m²",,136000.0,EUR,False, продажба,,Пловдив,кв. Коматево,,,,https://homes.bg/offer/zemya-za-prodazhba/zemedelska-zemya-3393m2-plovdiv-kv.-komatevo/la33708,1.0,2025-06-04 18:03:45.030967,https://www.homes.bg/api/offers??currencyId=1&filterOrderBy=0&locationId=0&typeId=LandAgro,homes.bg,2036,2025-06-04,33708,,,,
"Земеделска земя, 58103m²",Пасище,580000.0,EUR,False, продажба,,Бургас,с.Емона,,,,https://homes.bg/offer/zemya-za-prodazhba/zemedelska-zemya-58103m2-burgas-s.emona/la35071,1.0,2025-06-04 18:03:45.030977,https://www.homes.bg/api/offers??currencyId=1&filterOrderBy=0&locationId=0&typeId=LandAgro,homes.bg,2036,2025-06-04,35071,,,,
"Земеделска земя, 3358m²","Категория 6, Друго",100740.0,EUR,False, продажба,,Пловдив,гр.Куклен,,,,https://homes.bg/offer/zemya-za-prodazhba/zemedelska-zemya-3358m2-plovdiv-gr.kuklen/la35072,5.0,2025-06-04 18:03:45.030990,https://www.homes.bg/api/offers??currencyId=1&filterOrderBy=0&locationId=0&typeId=LandAgro,homes.bg,2036,2025-06-04,35072,,,,
"Земеделска земя, 3076m²","Категория 4, Нива",26000.0,EUR,False, продажба,,Велико Търново,с.Беляковец,,,,https://homes.bg/offer/zemya-za-prodazhba/zemedelska-zemya-3076m2-veliko-tyrnovo-s.belyakovec/la35076,0.0,2025-06-04 18:03:45.031000,https://www.homes.bg/api/offers??currencyId=1&filterOrderBy=0&locationId=0&typeId=LandAgro,homes.bg,2036,2025-06-04,35076,,,,
"Земеделска земя, 4500m²",,75000.0,EUR,False, продажба,,Хасково, Източна Индустриална Зона,,,,https://homes.bg/offer/zemya-za-prodazhba/zemedelska-zemya-4500m2-haskovo-iztochna-industrialna-zona/la35075,4.0,2025-06-04 18:03:45.031012,https://www.homes.bg/api/offers??currencyId=1&filterOrderBy=0&locationId=0&typeId=LandAgro,homes.bg,2036,2025-06-04,35075,,,,
"Земеделска земя, 7424m²",,16000.0,EUR,False, продажба,,Бургас,с.Лъка,,,,https://homes.bg/offer/zemya-za-prodazhba/zemedelska-zemya-7424m2-burgas-s.lyka/la35079,1.0,2025-06-04 18:03:45.031023,https://www.homes.bg/api/offers??currencyId=1&filterOrderBy=0&locationId=0&typeId=LandAgro,homes.bg,2036,2025-06-04,35079,,,,
"Земеделска земя, 691m²",,32000.0,ЛЕВА,False, продажба,,Ловеч,гр.Троян,,,,https://homes.bg/offer/zemya-za-prodazhba/zemedelska-zemya-691m2-lovech-gr.troyan/la35081,1.0,2025-06-04 18:03:45.031033,https://www.homes.bg/api/offers??currencyId=1&filterOrderBy=0&locationId=0&typeId=LandAgro,homes.bg,2036,2025-06-04,35081,,,,
"Земеделска земя, 12780m²",,22900.0,EUR,False, продажба,,Велико Търново,с.Леденик,,,,https://homes.bg/offer/zemya-za-prodazhba/zemedelska-zemya-12780m2-veliko-tyrnovo-s.ledenik/la34154,0.0,2025-06-04 18:03:45.031045,https://www.homes.bg/api/offers??currencyId=1&filterOrderBy=0&locationId=0&typeId=LandAgro,homes.bg,2036,2025-06-04,34154,,,,
"Земеделска земя, 48000m²","Категория 9, Нива",69000.0,ЛЕВА,False, продажба,,Самоков,с.Ярлово,,,,https://homes.bg/offer/zemya-za-prodazhba/zemedelska-zemya-48000m2-samokov-s.yarlovo/la33594,0.0,2025-06-04 18:03:45.031055,https://www.homes.bg/api/offers??currencyId=1&filterOrderBy=0&locationId=0&typeId=LandAgro,homes.bg,2036,2025-06-04,33594,,,,
"Земеделска земя, 3000m²","Категория 8, Ливада",45000.0,EUR,False, продажба,,Самоков,с.Радуил,,,,https://homes.bg/offer/zemya-za-prodazhba/zemedelska-zemya-3000m2-samokov-s.raduil/la34766,0.0,2025-06-04 18:03:45.031068,https://www.homes.bg/api/offers??currencyId=1&filterOrderBy=0&locationId=0&typeId=LandAgro,homes.bg,2036,2025-06-04,34766,,,,
"Земеделска земя, 1500m²","Категория 8, Ливада",25000.0,EUR,False, продажба,,Самоков,с.Радуил,,,,https://homes.bg/offer/zemya-za-prodazhba/zemedelska-zemya-1500m2-samokov-s.raduil/la34767,0.0,2025-06-04 18:03:45.031078,https://www.homes.bg/api/offers??currencyId=1&filterOrderBy=0&locationId=0&typeId=LandAgro,homes.bg,2036,2025-06-04,34767,,,,
"Земеделска земя, 4592m²",Друго,95000.0,EUR,False, продажба,,Пловдив,с.Чешнегирово,,,,https://homes.bg/offer/zemya-za-prodazhba/zemedelska-zemya-4592m2-plovdiv-s.cheshnegirovo/la26598,1.0,2025-06-04 18:03:45.031089,https://www.homes.bg/api/offers??currencyId=1&filterOrderBy=0&locationId=0&typeId=LandAgro,homes.bg,2036,2025-06-04,26598,,,,
"Земеделска земя, 3098m²",,108430.0,EUR,False, продажба,,Бургас,гр.Свети Влас,,,,https://homes.bg/offer/zemya-za-prodazhba/zemedelska-zemya-3098m2-burgas-gr.sveti-vlas/la35014,2.0,2025-06-04 18:03:45.031099,https://www.homes.bg/api/offers??currencyId=1&filterOrderBy=0&locationId=0&typeId=LandAgro,homes.bg,2036,2025-06-04,35014,,,,
"Земеделска земя, 2002m²",,26200.0,ЛЕВА,False, продажба,,Благоевград,с.Дъбрава,,,,https://homes.bg/offer/zemya-za-prodazhba/zemedelska-zemya-2002m2-blagoevgrad-s.dybrava/la22219,1.0,2025-06-04 18:03:45.031109,https://www.homes.bg/api/offers??currencyId=1&filterOrderBy=0&locationId=0&typeId=LandAgro,homes.bg,2036,2025-06-04,22219,,,,
"Земеделска земя, 4945m²",,29999.0,EUR,False, продажба,,Пловдив,гр.Перущица,,,,https://homes.bg/offer/zemya-za-prodazhba/zemedelska-zemya-4945m2-plovdiv-gr.perushtica/la35013,1.0,2025-06-04 18:03:45.031118,https://www.homes.bg/api/offers??currencyId=1&filterOrderBy=0&locationId=0&typeId=LandAgro,homes.bg,2036,2025-06-04,35013,,,,
"Земеделска земя, 1821m²","Категория 4, Лозе",45525.0,EUR,False, продажба,,Пловдив,с.Марково,,,,https://homes.bg/offer/zemya-za-prodazhba/zemedelska-zemya-1821m2-plovdiv-s.markovo/la34534,1.0,2025-06-04 18:03:45.031128,https://www.homes.bg/api/offers??currencyId=1&filterOrderBy=0&locationId=0&typeId=LandAgro,homes.bg,2036,2025-06-04,34534,,,,
"Земеделска земя, 20000m²","Категория 3, Овощна градина",40000.0,ЛЕВА,False, продажба,,Добрич,с.Телериг,,,,https://homes.bg/offer/zemya-za-prodazhba/zemedelska-zemya-20000m2-dobrich-s.telerig/la34762,2.0,2025-06-04 18:03:45.031139,https://www.homes.bg/api/offers??currencyId=1&filterOrderBy=0&locationId=0&typeId=LandAgro,homes.bg,2036,2025-06-04,34762,,,,
"Земеделска земя, 231000m²","Категория 9, Нива",1500000.0,ЛЕВА,False, продажба,,Каспичан,гр.Каспичан,,,,https://homes.bg/offer/zemya-za-prodazhba/zemedelska-zemya-231000m2-kaspichan-gr.kaspichan/la33995,0.0,2025-06-04 18:03:45.031149,https://www.homes.bg/api/offers??currencyId=1&filterOrderBy=0&locationId=0&typeId=LandAgro,homes.bg,2036,2025-06-04,33995,,,,
"Земеделска земя, 6400m²",Друго,0.0,EUR,False, продажба,,Варна,с.Тополи,,,,https://homes.bg/offer/zemya-za-prodazhba/zemedelska-zemya-6400m2-varna-s.topoli/la34642,4.0,2025-06-04 18:03:45.031167,https://www.homes.bg/api/offers??currencyId=1&filterOrderBy=0&locationId=0&typeId=LandAgro,homes.bg,2036,2025-06-04,34642,,,,
"Земеделска земя, 300m²","Категория 9, Лозе",15500.0,EUR,False, продажба,,Благоевград,с.Дъбрава,,,,https://homes.bg/offer/zemya-za-prodazhba/zemedelska-zemya-300m2-blagoevgrad-s.dybrava/la25245,9.0,2025-06-04 18:03:45.031192,https://www.homes.bg/api/offers??currencyId=1&filterOrderBy=0&locationId=0&typeId=LandAgro,homes.bg,2036,2025-06-04,25245,,,,
"Земеделска земя, 4590m²",Друго,45900.0,EUR,False, продажба,,Пловдив,с.Войводиново,,,,https://homes.bg/offer/zemya-za-prodazhba/zemedelska-zemya-4590m2-plovdiv-s.vojvodinovo/la34653,1.0,2025-06-04 18:03:45.031206,https://www.homes.bg/api/offers??currencyId=1&filterOrderBy=0&locationId=0&typeId=LandAgro,homes.bg,2036,2025-06-04,34653,,,,
"Земеделска земя, 3203m²",Друго,96060.0,EUR,False, продажба,,Пловдив,кв. Коматево,,,,https://homes.bg/offer/zemya-za-prodazhba/zemedelska-zemya-3203m2-plovdiv-kv.-komatevo/la34666,1.0,2025-06-04 18:03:45.031216,https://www.homes.bg/api/offers??currencyId=1&filterOrderBy=0&locationId=0&typeId=LandAgro,homes.bg,2036,2025-06-04,34666,,,,
"Земеделска земя, 4000m²",Друго,84000.0,EUR,False, продажба,,Пловдив,с.Граф-Игнатиево,,,,https://homes.bg/offer/zemya-za-prodazhba/zemedelska-zemya-4000m2-plovdiv-s.graf-ignatievo/la34656,1.0,2025-06-04 18:03:45.031227,https://www.homes.bg/api/offers??currencyId=1&filterOrderBy=0&locationId=0&typeId=LandAgro,homes.bg,2036,2025-06-04,34656,,,,
"Земеделска земя, 2950m²",Друго,73750.0,EUR,False, продажба,,Пловдив,с.Първенец,,,,https://homes.bg/offer/zemya-za-prodazhba/zemedelska-zemya-2950m2-plovdiv-s.pyrvenec/la34660,2.0,2025-06-04 18:03:45.031237,https://www.homes.bg/api/offers??currencyId=1&filterOrderBy=0&locationId=0&typeId=LandAgro,homes.bg,2036,2025-06-04,34660,,,,
"Земеделска земя, 4000m²",Друго,64000.0,EUR,False, продажба,,Пловдив,с.Войводиново,,,,https://homes.bg/offer/zemya-za-prodazhba/zemedelska-zemya-4000m2-plovdiv-s.vojvodinovo/la34654,2.0,2025-06-04 18:03:45.031252,https://www.homes.bg/api/offers??currencyId=1&filterOrderBy=0&locationId=0&typeId=LandAgro,homes.bg,2036,2025-06-04,34654,,,,
"Земеделска земя, 10000m²",Друго,250000.0,EUR,False, продажба,,Пловдив,с.Войводиново,,,,https://homes.bg/offer/zemya-za-prodazhba/zemedelska-zemya-10000m2-plovdiv-s.vojvodinovo/la34657,1.0,2025-06-04 18:03:45.031263,https://www.homes.bg/api/offers??currencyId=1&filterOrderBy=0&locationId=0&typeId=LandAgro,homes.bg,2036,2025-06-04,34657,,,,
"Земеделска земя, 12106m²",Друго,62000.0,EUR,False, продажба,,Пловдив,с.Стряма,,,,https://homes.bg/offer/zemya-za-prodazhba/zemedelska-zemya-12106m2-plovdiv-s.stryama/la34651,1.0,2025-06-04 18:03:45.031273,https://www.homes.bg/api/offers??currencyId=1&filterOrderBy=0&locationId=0&typeId=LandAgro,homes.bg,2036,2025-06-04,34651,,,,
"Земеделска земя, 4200m²",Друго,30000.0,EUR,False, продажба,,Пловдив,с.Първенец,,,,https://homes.bg/offer/zemya-za-prodazhba/zemedelska-zemya-4200m2-plovdiv-s.pyrvenec/la34648,3.0,2025-06-04 18:03:45.031287,https://www.homes.bg/api/offers??currencyId=1&filterOrderBy=0&locationId=0&typeId=LandAgro,homes.bg,2036,2025-06-04,34648,,,,
"Земеделска земя, 4820m²",Друго,72300.0,EUR,False, продажба,,Пловдив,с.Храбрино,,,,https://homes.bg/offer/zemya-za-prodazhba/zemedelska-zemya-4820m2-plovdiv-s.hrabrino/la34655,3.0,2025-06-04 18:03:45.031297,https://www.homes.bg/api/offers??currencyId=1&filterOrderBy=0&locationId=0&typeId=LandAgro,homes.bg,2036,2025-06-04,34655,,,,
"Земеделска земя, 6407m²",Друго,160000.0,EUR,False, продажба,,Пловдив,с.Белащица,,,,https://homes.bg/offer/zemya-za-prodazhba/zemedelska-zemya-6407m2-plovdiv-s.belashtica/la34672,3.0,2025-06-04 18:03:45.031306,https://www.homes.bg/api/offers??currencyId=1&filterOrderBy=0&locationId=0&typeId=LandAgro,homes.bg,2036,2025-06-04,34672,,,,
"Земеделска земя, 11523m²",Друго,340000.0,EUR,False, продажба,,Пловдив,с.Радиново,,,,https://homes.bg/offer/zemya-za-prodazhba/zemedelska-zemya-11523m2-plovdiv-s.radinovo/la34662,3.0,2025-06-04 18:03:45.031316,https://www.homes.bg/api/offers??currencyId=1&filterOrderBy=0&locationId=0&typeId=LandAgro,homes.bg,2036,2025-06-04,34662,,,,
"Земеделска земя, 4007m²",Друго,0.0,EUR,False, продажба,,Пловдив,с.Радиново,,,,https://homes.bg/offer/zemya-za-prodazhba/zemedelska-zemya-4007m2-plovdiv-s.radinovo/la34670,1.0,2025-06-04 18:03:45.031326,https://www.homes.bg/api/offers??currencyId=1&filterOrderBy=0&locationId=0&typeId=LandAgro,homes.bg,2036,2025-06-04,34670,,,,
"Земеделска земя, 4751m²",Друго,108000.0,EUR,False, продажба,,Пловдив,с.Белащица,,,,https://homes.bg/offer/zemya-za-prodazhba/zemedelska-zemya-4751m2-plovdiv-s.belashtica/la34664,1.0,2025-06-04 18:03:45.031335,https://www.homes.bg/api/offers??currencyId=1&filterOrderBy=0&locationId=0&typeId=LandAgro,homes.bg,2036,2025-06-04,34664,,,,
"Земеделска земя, 8000m²",,12000.0,EUR,False, продажба,,Хасково,гр.Ивайловград,,,,https://homes.bg/offer/zemya-za-prodazhba/zemedelska-zemya-8000m2-haskovo-gr.ivajlovgrad/la23023,0.0,2025-06-04 18:03:47.851660,https://www.homes.bg/api/offers??currencyId=1&filterOrderBy=0&locationId=0&typeId=LandAgro,homes.bg,2036,2025-06-04,23023,,,,
"Земеделска земя, 7992m²",,4500.0,EUR,False, продажба,,Хасково,гр.Ивайловград,,,,https://homes.bg/offer/zemya-za-prodazhba/zemedelska-zemya-7992m2-haskovo-gr.ivajlovgrad/la23025,0.0,2025-06-04 18:03:47.851852,https://www.homes.bg/api/offers??currencyId=1&filterOrderBy=0&locationId=0&typeId=LandAgro,homes.bg,2036,2025-06-04,23025,,,,
"Земеделска земя, 6100m²",,54000.0,ЛЕВА,False, продажба,,Пловдив,с.Марино Поле,,,,https://homes.bg/offer/zemya-za-prodazhba/zemedelska-zemya-6100m2-plovdiv-s.marino-pole/la34139,2.0,2025-06-04 18:03:47.851877,https://www.homes.bg/api/offers??currencyId=1&filterOrderBy=0&locationId=0&typeId=LandAgro,homes.bg,2036,2025-06-04,34139,,,,
"Земеделска земя, 4322m²",,30000.0,EUR,False, продажба,,Бургас,с.Тънково,,,,https://homes.bg/offer/zemya-za-prodazhba/zemedelska-zemya-4322m2-burgas-s.tynkovo/la33591,1.0,2025-06-04 18:03:47.851894,https://www.homes.bg/api/offers??currencyId=1&filterOrderBy=0&locationId=0&typeId=LandAgro,homes.bg,2036,2025-06-04,33591,,,,
"Земеделска земя, 1041m²",Нива,31230.0,EUR,False, продажба,,Пловдив,гр.Куклен,,,,https://homes.bg/offer/zemya-za-prodazhba/zemedelska-zemya-1041m2-plovdiv-gr.kuklen/la35065,2.0,2025-06-04 18:03:47.851912,https://www.homes.bg/api/offers??currencyId=1&filterOrderBy=0&locationId=0&typeId=LandAgro,homes.bg,2036,2025-06-04,35065,,,,
"Земеделска земя, 3729m²","Категория 5, Нива",178752.0,EUR,False, продажба,,Пловдив, Индустриална зона - Север,,,,https://homes.bg/offer/zemya-za-prodazhba/zemedelska-zemya-3729m2-plovdiv-industrialna-zona---sever/la35068,1.0,2025-06-04 18:03:47.851929,https://www.homes.bg/api/offers??currencyId=1&filterOrderBy=0&locationId=0&typeId=LandAgro,homes.bg,2036,2025-06-04,35068,,,,
"Земеделска земя, 9388m²",Друго,186760.0,EUR,False, продажба,,София -,с.Чепинци,,,,https://homes.bg/offer/zemya-za-prodazhba/zemedelska-zemya-9388m2-sofiya---grad-s.chepinci/la34808,2.0,2025-06-04 18:03:47.851945,https://www.homes.bg/api/offers??currencyId=1&filterOrderBy=0&locationId=0&typeId=LandAgro,homes.bg,2036,2025-06-04,34808,,,,
"Земеделска земя, 4339m²",Друго,65085.0,EUR,False, продажба,,София -,с.Чепинци,,,,https://homes.bg/offer/zemya-za-prodazhba/zemedelska-zemya-4339m2-sofiya---grad-s.chepinci/la34826,2.0,2025-06-04 18:03:47.851959,https://www.homes.bg/api/offers??currencyId=1&filterOrderBy=0&locationId=0&typeId=LandAgro,homes.bg,2036,2025-06-04,34826,,,,
"Земеделска земя, 1201m²",Друго,44500.0,EUR,False, продажба,,София -,с.Кубратово,,,,https://homes.bg/offer/zemya-za-prodazhba/zemedelska-zemya-1201m2-sofiya---grad-s.kubratovo/la34440,5.0,2025-06-04 18:03:47.851977,https://www.homes.bg/api/offers??currencyId=1&filterOrderBy=0&locationId=0&typeId=LandAgro,homes.bg,2036,2025-06-04,34440,,,,
"Земеделска земя, 999m²",Друго,21000.0,EUR,False, продажба,,Благоевград,гр.Разлог,,,,https://homes.bg/offer/zemya-za-prodazhba/zemedelska-zemya-999m2-blagoevgrad-gr.razlog/la34017,1.0,2025-06-04 18:03:47.851991,https://www.homes.bg/api/offers??currencyId=1&filterOrderBy=0&locationId=0&typeId=LandAgro,homes.bg,2036,2025-06-04,34017,,,,
"Земеделска земя, 8075m²",,89000.0,EUR,False, продажба,,Пловдив,с.Цалапица,,,,https://homes.bg/offer/zemya-za-prodazhba/zemedelska-zemya-8075m2-plovdiv-s.calapica/la35012,1.0,2025-06-04 18:03:47.852005,https://www.homes.bg/api/offers??currencyId=1&filterOrderBy=0&locationId=0&typeId=LandAgro,homes.bg,2036,2025-06-04,35012,,,,
"Земеделска земя, 10000m²",,23000.0,EUR,False, продажба,,Пловдив,с.Калековец,,,,https://homes.bg/offer/zemya-za-prodazhba/zemedelska-zemya-10000m2-plovdiv-s.kalekovec/la35069,1.0,2025-06-04 18:03:47.852020,https://www.homes.bg/api/offers??currencyId=1&filterOrderBy=0&locationId=0&typeId=LandAgro,homes.bg,2036,2025-06-04,35069,,,,
"Земеделска земя, 892m²",,49000.0,EUR,False, продажба,,София,кв. Суходол,,,,https://homes.bg/offer/zemya-za-prodazhba/zemedelska-zemya-892m2-sofiya-kv.-suhodol/la25127,4.0,2025-06-04 18:03:47.852036,https://www.homes.bg/api/offers??currencyId=1&filterOrderBy=0&locationId=0&typeId=LandAgro,homes.bg,2036,2025-06-04,25127,,,,
"Земеделска земя, 16795m²","Категория 7, Нива",0.0,EUR,False, продажба,,София, Кокаляне,,,,https://homes.bg/offer/zemya-za-prodazhba/zemedelska-zemya-16795m2-sofiya-kokalyane/la33699,0.0,2025-06-04 18:03:47.852050,https://www.homes.bg/api/offers??currencyId=1&filterOrderBy=0&locationId=0&typeId=LandAgro,homes.bg,2036,2025-06-04,33699,,,,
"Земеделска земя, 11537m²",,80759.0,EUR,False, продажба,,Пловдив,с.Красново,,,,https://homes.bg/offer/zemya-za-prodazhba/zemedelska-zemya-11537m2-plovdiv-s.krasnovo/la34409,1.0,2025-06-04 18:03:47.852077,https://www.homes.bg/api/offers??currencyId=1&filterOrderBy=0&locationId=0&typeId=LandAgro,homes.bg,2036,2025-06-04,34409,,,,
"Земеделска земя, 93000m²",,1209000.0,ЛЕВА,False, продажба,,Сливен,Сливен,,,,https://homes.bg/offer/zemya-za-prodazhba/zemedelska-zemya-93000m2-sliven-sliven/la35018,2.0,2025-06-04 18:03:47.852094,https://www.homes.bg/api/offers??currencyId=1&filterOrderBy=0&locationId=0&typeId=LandAgro,homes.bg,2036,2025-06-04,35018,,,,
"Земеделска земя, 5000m²",Гора,40000.0,EUR,False, продажба,,Варна,м-т Ракитника,,,,https://homes.bg/offer/zemya-za-prodazhba/zemedelska-zemya-5000m2-varna-m-t-rakitnika/la35058,5.0,2025-06-04 18:03:47.852111,https://www.homes.bg/api/offers??currencyId=1&filterOrderBy=0&locationId=0&typeId=LandAgro,homes.bg,2036,2025-06-04,35058,,,,
"Земеделска земя, 896m²","Категория 9, Нива",50000.0,EUR,False, продажба,,Асеновград,гр.Асеновград,,,,https://homes.bg/offer/zemya-za-prodazhba/zemedelska-zemya-896m2-asenovgrad-gr.asenovgrad/la35067,1.0,2025-06-04 18:03:47.852125,https://www.homes.bg/api/offers??currencyId=1&filterOrderBy=0&locationId=0&typeId=LandAgro,homes.bg,2036,2025-06-04,35067,,,,
"Земеделска земя, 5000m²","Категория 4, Нива",160000.0,EUR,False, продажба,,Пловдив, Индустриална зона - Изток,,,,https://homes.bg/offer/zemya-za-prodazhba/zemedelska-zemya-5000m2-plovdiv-industrialna-zona---iztok/la33614,0.0,2025-06-04 18:03:47.852136,https://www.homes.bg/api/offers??currencyId=1&filterOrderBy=0&locationId=0&typeId=LandAgro,homes.bg,2036,2025-06-04,33614,,,,
"Земеделска земя, 3410m²","Категория 4, Овощна градина",139810.0,EUR,False, продажба,,Пловдив,кв. Коматево,,,,https://homes.bg/offer/zemya-za-prodazhba/zemedelska-zemya-3410m2-plovdiv-kv.-komatevo/la22574,7.0,2025-06-04 18:03:47.852152,https://www.homes.bg/api/offers??currencyId=1&filterOrderBy=0&locationId=0&typeId=LandAgro,homes.bg,2036,2025-06-04,22574,,,,
"Земеделска земя, 3500m²",,77000.0,EUR,False, продажба,,Хасково,Хасково,,,,https://homes.bg/offer/zemya-za-prodazhba/zemedelska-zemya-3500m2-haskovo-haskovo/la35054,3.0,2025-06-04 18:03:47.852165,https://www.homes.bg/api/offers??currencyId=1&filterOrderBy=0&locationId=0&typeId=LandAgro,homes.bg,2036,2025-06-04,35054,,,,
"Земеделска земя, 1154m²",,66000.0,EUR,False, продажба,,Перник,с.Рударци,,,,https://homes.bg/offer/zemya-za-prodazhba/zemedelska-zemya-1154m2-pernik-s.rudarci/la25108,3.0,2025-06-04 18:03:47.852178,https://www.homes.bg/api/offers??currencyId=1&filterOrderBy=0&locationId=0&typeId=LandAgro,homes.bg,2036,2025-06-04,25108,,,,
"Земеделска земя, 9000m²",Нива,270000.0,EUR,False, продажба,,Пловдив,с.Рогош,,,,https://homes.bg/offer/zemya-za-prodazhba/zemedelska-zemya-9000m2-plovdiv-s.rogosh/la34932,8.0,2025-06-04 18:03:47.852194,https://www.homes.bg/api/offers??currencyId=1&filterOrderBy=0&locationId=0&typeId=LandAgro,homes.bg,2036,2025-06-04,34932,,,,
"Земеделска земя, 55394m²","Категория 6, Нива",166000.0,ЛЕВА,False, продажба,,Казанлък,с.Ръжена,,,,https://homes.bg/offer/zemya-za-prodazhba/zemedelska-zemya-55394m2-kazanlyk-s.ryzhena/la35064,3.0,2025-06-04 18:03:47.852207,https://www.homes.bg/api/offers??currencyId=1&filterOrderBy=0&locationId=0&typeId=LandAgro,homes.bg,2036,2025-06-04,35064,,,,
"Земеделска земя, 1001m²",Друго,52000.0,EUR,False, продажба,,Бургас,с.Варвара,,,,https://homes.bg/offer/zemya-za-prodazhba/zemedelska-zemya-1001m2-burgas-s.varvara/la33680,5.0,2025-06-04 18:03:47.852219,https://www.homes.bg/api/offers??currencyId=1&filterOrderBy=0&locationId=0&typeId=LandAgro,homes.bg,2036,2025-06-04,33680,,,,
"Земеделска земя, 500m²",Друго,31500.0,EUR,False, продажба,,Бургас,с.Варвара,,,,https://homes.bg/offer/zemya-za-prodazhba/zemedelska-zemya-500m2-burgas-s.varvara/la34746,5.0,2025-06-04 18:03:47.852234,https://www.homes.bg/api/offers??currencyId=1&filterOrderBy=0&locationId=0&typeId=LandAgro,homes.bg,2036,2025-06-04,34746,,,,
"Земеделска земя, 6248m²",Друго,187715.0,EUR,False, продажба,,Бургас,гр.Царево,,,,https://homes.bg/offer/zemya-za-prodazhba/zemedelska-zemya-6248m2-burgas-gr.carevo/la24651,7.0,2025-06-04 18:03:47.852249,https://www.homes.bg/api/offers??currencyId=1&filterOrderBy=0&locationId=0&typeId=LandAgro,homes.bg,2036,2025-06-04,24651,,,,
"Земеделска земя, 6094m²","Категория 10, Нива",250000.0,EUR,False, продажба,,Пловдив,кв. Прослав,,,,https://homes.bg/offer/zemya-za-prodazhba/zemedelska-zemya-6094m2-plovdiv-kv.-proslav/la34273,2.0,2025-06-04 18:03:47.852260,https://www.homes.bg/api/offers??currencyId=1&filterOrderBy=0&locationId=0&typeId=LandAgro,homes.bg,2036,2025-06-04,34273,,,,
"Земеделска земя, 3694m²","Категория 4, Лозе",22000.0,EUR,False, продажба,,Пловдив,кв. Прослав,,,,https://homes.bg/offer/zemya-za-prodazhba/zemedelska-zemya-3694m2-plovdiv-kv.-proslav/la33878,2.0,2025-06-04 18:03:47.852272,https://www.homes.bg/api/offers??currencyId=1&filterOrderBy=0&locationId=0&typeId=LandAgro,homes.bg,2036,2025-06-04,33878,,,,
"Земеделска земя, 587623m²",Гора,429485.0,EUR,False, продажба,,Хасково,с.Царева Поляна,,,,https://homes.bg/offer/zemya-za-prodazhba/zemedelska-zemya-587623m2-haskovo-s.careva-polyana/la34715,5.0,2025-06-04 18:03:47.852285,https://www.homes.bg/api/offers??currencyId=1&filterOrderBy=0&locationId=0&typeId=LandAgro,homes.bg,2036,2025-06-04,34715,,,,
"Земеделска земя, 4000m²","Категория 6, Нива",5000.0,EUR,False, продажба,,Аксаково,с.Орешак,,,,https://homes.bg/offer/zemya-za-prodazhba/zemedelska-zemya-4000m2-aksakovo-s.oreshak/la34885,0.0,2025-06-04 18:03:47.852296,https://www.homes.bg/api/offers??currencyId=1&filterOrderBy=0&locationId=0&typeId=LandAgro,homes.bg,2036,2025-06-04,34885,,,,
"Земеделска земя, 1000m²","Категория 3, Лозе",1280.0,EUR,False, продажба,,Сухиндол,с.Горско Калугерово,,,,https://homes.bg/offer/zemya-za-prodazhba/zemedelska-zemya-1000m2-suhindol-s.gorsko-kalugerovo/la24663,1.0,2025-06-04 18:03:47.852308,https://www.homes.bg/api/offers??currencyId=1&filterOrderBy=0&locationId=0&typeId=LandAgro,homes.bg,2036,2025-06-04,24663,,,,
"Земеделска земя, 13500m²","Категория 3, Нива",135500.0,EUR,False, продажба,,Варна,с.Тополи,,,,https://homes.bg/offer/zemya-za-prodazhba/zemedelska-zemya-13500m2-varna-s.topoli/la34884,0.0,2025-06-04 18:03:47.852325,https://www.homes.bg/api/offers??currencyId=1&filterOrderBy=0&locationId=0&typeId=LandAgro,homes.bg,2036,2025-06-04,34884,,,,
"Земеделска земя, 4800m²","Категория 9, Нива",1500.0,EUR,False, продажба,,Сухиндол,с.Горско Калугерово,,,,https://homes.bg/offer/zemya-za-prodazhba/zemedelska-zemya-4800m2-suhindol-s.gorsko-kalugerovo/la24662,1.0,2025-06-04 18:03:47.852337,https://www.homes.bg/api/offers??currencyId=1&filterOrderBy=0&locationId=0&typeId=LandAgro,homes.bg,2036,2025-06-04,24662,,,,
"Земеделска земя, 2500m²","Категория 6, Нива",12800.0,EUR,False, продажба,,Аксаково,с.Кичево,,,,https://homes.bg/offer/zemya-za-prodazhba/zemedelska-zemya-2500m2-aksakovo-s.kichevo/la25142,1.0,2025-06-04 18:03:47.852348,https://www.homes.bg/api/offers??currencyId=1&filterOrderBy=0&locationId=0&typeId=LandAgro,homes.bg,2036,2025-06-04,25142,,,,
"Земеделска земя, 4000m²","Категория 6, Нива",40000.0,EUR,False, продажба,,Аксаково,с.Осеново,,,,https://homes.bg/offer/zemya-za-prodazhba/zemedelska-zemya-4000m2-aksakovo-s.osenovo/la25145,0.0,2025-06-04 18:03:47.852359,https://www.homes.bg/api/offers??currencyId=1&filterOrderBy=0&locationId=0&typeId=LandAgro,homes.bg,2036,2025-06-04,25145,,,,
"Земеделска земя, 5600m²","Категория 3, Нива",7160.0,EUR,False, продажба,,Сухиндол,с.Горско Калугерово,,,,https://homes.bg/offer/zemya-za-prodazhba/zemedelska-zemya-5600m2-suhindol-s.gorsko-kalugerovo/la24664,1.0,2025-06-04 18:03:47.852370,https://www.homes.bg/api/offers??currencyId=1&filterOrderBy=0&locationId=0&typeId=LandAgro,homes.bg,2036,2025-06-04,24664,,,,
"Земеделска земя, 7000m²","Категория 6, Нива",8200.0,EUR,False, продажба,,Варна,м-т Перчемлия,,,,https://homes.bg/offer/zemya-za-prodazhba/zemedelska-zemya-7000m2-varna-m-t-perchemliya/la25143,0.0,2025-06-04 18:03:47.852380,https://www.homes.bg/api/offers??currencyId=1&filterOrderBy=0&locationId=0&typeId=LandAgro,homes.bg,2036,2025-06-04,25143,,,,
"Земеделска земя, 3000m²","Категория 8, Нива",36000.0,EUR,False, продажба,,Варна,м-т Перчемлия,,,,https://homes.bg/offer/zemya-za-prodazhba/zemedelska-zemya-3000m2-varna-m-t-perchemliya/la25144,0.0,2025-06-04 18:03:47.852390,https://www.homes.bg/api/offers??currencyId=1&filterOrderBy=0&locationId=0&typeId=LandAgro,homes.bg,2036,2025-06-04,25144,,,,
"Земеделска земя, 5000m²","Категория 6, Нива",6500.0,EUR,False, продажба,,Варна,м-т Перчемлия,,,,https://homes.bg/offer/zemya-za-prodazhba/zemedelska-zemya-5000m2-varna-m-t-perchemliya/la25171,0.0,2025-06-04 18:03:47.852401,https://www.homes.bg/api/offers??currencyId=1&filterOrderBy=0&locationId=0&typeId=LandAgro,homes.bg,2036,2025-06-04,25171,,,,
"Земеделска земя, 5750m²","Категория 5, Нива",57430.0,EUR,False, продажба,,Варна,с.Тополи,,,,https://homes.bg/offer/zemya-za-prodazhba/zemedelska-zemya-5750m2-varna-s.topoli/la34469,0.0,2025-06-04 18:03:47.852411,https://www.homes.bg/api/offers??currencyId=1&filterOrderBy=0&locationId=0&typeId=LandAgro,homes.bg,2036,2025-06-04,34469,,,,
"Земеделска земя, 3907m²",,175680.0,EUR,False, продажба,,Пловдив,с.Брестник,,,,https://homes.bg/offer/zemya-za-prodazhba/zemedelska-zemya-3907m2-plovdiv-s.brestnik/la33465,2.0,2025-06-04 18:03:47.852423,https://www.homes.bg/api/offers??currencyId=1&filterOrderBy=0&locationId=0&typeId=LandAgro,homes.bg,2036,2025-06-04,33465,,,,
"Земеделска земя, 3450m²","Категория 6, Нива",18150.0,EUR,False, продажба,,Брезник,с.Арзан,,,,https://homes.bg/offer/zemya-za-prodazhba/zemedelska-zemya-3450m2-breznik-s.arzan/la35059,10.0,2025-06-04 18:03:47.852438,https://www.homes.bg/api/offers??currencyId=1&filterOrderBy=0&locationId=0&typeId=LandAgro,homes.bg,2036,2025-06-04,35059,,,,
"Земеделска земя, 1869m²","Категория 9, Нива",74760.0,EUR,False, продажба,,Асеновград,гр.Асеновград,,,,https://homes.bg/offer/zemya-za-prodazhba/zemedelska-zemya-1869m2-asenovgrad-gr.asenovgrad/la22633,1.0,2025-06-04 18:03:47.852449,https://www.homes.bg/api/offers??currencyId=1&filterOrderBy=0&locationId=0&typeId=LandAgro,homes.bg,2036,2025-06-04,22633,,,,
"Земеделска земя, 7700m²","Категория 3, Нива",38500.0,ЛЕВА,False, продажба,,Асеновград,гр.Асеновград,,,,https://homes.bg/offer/zemya-za-prodazhba/zemedelska-zemya-7700m2-asenovgrad-gr.asenovgrad/la23986,2.0,2025-06-04 18:03:47.852460,https://www.homes.bg/api/offers??currencyId=1&filterOrderBy=0&locationId=0&typeId=LandAgro,homes.bg,2036,2025-06-04,23986,,,,
"Земеделска земя, 3151m²","Категория 8, Нива",3300.0,ЛЕВА,False, продажба,,Асеновград,с.Тополово,,,,https://homes.bg/offer/zemya-za-prodazhba/zemedelska-zemya-3151m2-asenovgrad-s.topolovo/la23151,2.0,2025-06-04 18:03:47.852471,https://www.homes.bg/api/offers??currencyId=1&filterOrderBy=0&locationId=0&typeId=LandAgro,homes.bg,2036,2025-06-04,23151,,,,
"Земеделска земя, 30101m²","Категория 10, Гора",0.0,EUR,False, продажба,,Антоново,с.Моравица,,,,https://homes.bg/offer/zemya-za-prodazhba/zemedelska-zemya-30101m2-antonovo-s.moravica/la34866,1.0,2025-06-04 18:03:47.852482,https://www.homes.bg/api/offers??currencyId=1&filterOrderBy=0&locationId=0&typeId=LandAgro,homes.bg,2036,2025-06-04,34866,,,,
"Земеделска земя, 1098m²","Категория 5, Нива",0.0,EUR,False, продажба,,Благоевград, Втора Промишлена Зона,,,,https://homes.bg/offer/zemya-za-prodazhba/zemedelska-zemya-1098m2-blagoevgrad-vtora-promishlena-zona/la35057,1.0,2025-06-04 18:03:47.852492,https://www.homes.bg/api/offers??currencyId=1&filterOrderBy=0&locationId=0&typeId=LandAgro,homes.bg,2036,2025-06-04,35057,,,,
"Земеделска земя, 8328m²","Категория 9, Нива",30000.0,EUR,False, продажба,,Бургас,жк. Меден Рудник,,,,https://homes.bg/offer/zemya-za-prodazhba/zemedelska-zemya-8328m2-burgas-zhk.-meden-rudnik/la24681,0.0,2025-06-04 18:03:47.852502,https://www.homes.bg/api/offers??currencyId=1&filterOrderBy=0&locationId=0&typeId=LandAgro,homes.bg,2036,2025-06-04,24681,,,,
"Земеделска земя, 11762m²","Категория 9, Нива",55000.0,EUR,False, продажба,,Бургас,жк. Меден Рудник,,,,https://homes.bg/offer/zemya-za-prodazhba/zemedelska-zemya-11762m2-burgas-zhk.-meden-rudnik/la24682,0.0,2025-06-04 18:03:47.852512,https://www.homes.bg/api/offers??currencyId=1&filterOrderBy=0&locationId=0&typeId=LandAgro,homes.bg,2036,2025-06-04,24682,,,,
"Земеделска земя, 5335m²",,23500.0,EUR,False, продажба,,Бургас,гр.Каблешково,,,,https://homes.bg/offer/zemya-za-prodazhba/zemedelska-zemya-5335m2-burgas-gr.kableshkovo/la35060,1.0,2025-06-04 18:03:47.852525,https://www.homes.bg/api/offers??currencyId=1&filterOrderBy=0&locationId=0&typeId=LandAgro,homes.bg,2036,2025-06-04,35060,,,,
"Земеделска земя, 7095m²","Категория 3, Нива",256058.0,EUR,False, продажба,,Несебър,гр.Обзор,,,,https://homes.bg/offer/zemya-za-prodazhba/zemedelska-zemya-7095m2-nesebyr-gr.obzor/la23895,2.0,2025-06-04 18:03:47.852537,https://www.homes.bg/api/offers??currencyId=1&filterOrderBy=0&locationId=0&typeId=LandAgro,homes.bg,2036,2025-06-04,23895,,,,
"Земеделска земя, 6335m²","Категория 3, Нива",228630.0,EUR,False, продажба,,Несебър,гр.Обзор,,,,https://homes.bg/offer/zemya-za-prodazhba/zemedelska-zemya-6335m2-nesebyr-gr.obzor/la23894,2.0,2025-06-04 18:03:47.852548,https://www.homes.bg/api/offers??currencyId=1&filterOrderBy=0&locationId=0&typeId=LandAgro,homes.bg,2036,2025-06-04,23894,,,,
"Земеделска земя, 6005m²","Категория 3, Нива",383500.0,EUR,False, продажба,,Поморие,с.Ахелой,,,,https://homes.bg/offer/zemya-za-prodazhba/zemedelska-zemya-6005m2-pomorie-s.aheloj/la24393,1.0,2025-06-04 18:03:47.852559,https://www.homes.bg/api/offers??currencyId=1&filterOrderBy=0&locationId=0&typeId=LandAgro,homes.bg,2036,2025-06-04,24393,,,,
"Земеделска земя, 38025m²","Категория 6, Нива",62000.0,EUR,False, продажба,,Поморие,с.Страцин,,,,https://homes.bg/offer/zemya-za-prodazhba/zemedelska-zemya-38025m2-pomorie-s.stracin/la24933,4.0,2025-06-04 18:03:47.852571,https://www.homes.bg/api/offers??currencyId=1&filterOrderBy=0&locationId=0&typeId=LandAgro,homes.bg,2036,2025-06-04,24933,,,,
"Земеделска земя, 9599m²","Категория 5, Нива",509995.0,EUR,False, продажба,,Несебър,гр.Обзор,,,,https://homes.bg/offer/zemya-za-prodazhba/zemedelska-zemya-9599m2-nesebyr-gr.obzor/la23896,2.0,2025-06-04 18:03:47.852583,https://www.homes.bg/api/offers??currencyId=1&filterOrderBy=0&locationId=0&typeId=LandAgro,homes.bg,2036,2025-06-04,23896,,,,
"Земеделска земя, 6138m²",Друго,122760.0,EUR,False, продажба,,София -,с.Чепинци,,,,https://homes.bg/offer/zemya-za-prodazhba/zemedelska-zemya-6138m2-sofiya---grad-s.chepinci/la35038,2.0,2025-06-04 18:03:47.852594,https://www.homes.bg/api/offers??currencyId=1&filterOrderBy=0&locationId=0&typeId=LandAgro,homes.bg,2036,2025-06-04,35038,,,,
"Земеделска земя, 5336m²",Друго,150000.0,EUR,False, продажба,,Варна,Варна,,,,https://homes.bg/offer/zemya-za-prodazhba/zemedelska-zemya-5336m2-varna-varna/la24970,2.0,2025-06-04 18:03:47.852606,https://www.homes.bg/api/offers??currencyId=1&filterOrderBy=0&locationId=0&typeId=LandAgro,homes.bg,2036,2025-06-04,24970,,,,
"Земеделска земя, 36500m²",,77000.0,EUR,False, продажба,,Елена,с.Буйновци,,,,https://homes.bg/offer/zemya-za-prodazhba/zemedelska-zemya-36500m2-elena-s.bujnovci/la23552,1.0,2025-06-04 18:03:47.852617,https://www.homes.bg/api/offers??currencyId=1&filterOrderBy=0&locationId=0&typeId=LandAgro,homes.bg,2036,2025-06-04,23552,,,,
"Земеделска земя, 330m²","Категория 9, Лозе",11700.0,ЛЕВА,False, продажба,,Благоевград,жк. Баларбаши,,,,https://homes.bg/offer/zemya-za-prodazhba/zemedelska-zemya-330m2-blagoevgrad-zhk.-balarbashi/la25048,5.0,2025-06-04 18:03:47.852629,https://www.homes.bg/api/offers??currencyId=1&filterOrderBy=0&locationId=0&typeId=LandAgro,homes.bg,2036,2025-06-04,25048,,,,
"Земеделска земя, 19000m²",Друго,1805000.0,EUR,False, продажба,,Софийска,гр.Божурище,,,,https://homes.bg/offer/zemya-za-prodazhba/zemedelska-zemya-19000m2-sofijska-gr.bozhurishte/la35056,1.0,2025-06-04 18:03:47.852639,https://www.homes.bg/api/offers??currencyId=1&filterOrderBy=0&locationId=0&typeId=LandAgro,homes.bg,2036,2025-06-04,35056,,,,
"Земеделска земя, 3898m²",Друго,401000.0,EUR,False, продажба,,Софийска,гр.Божурище,,,,https://homes.bg/offer/zemya-za-prodazhba/zemedelska-zemya-3898m2-sofijska-gr.bozhurishte/la35055,2.0,2025-06-04 18:03:47.852650,https://www.homes.bg/api/offers??currencyId=1&filterOrderBy=0&locationId=0&typeId=LandAgro,homes.bg,2036,2025-06-04,35055,,,,
"Земеделска земя, 3001m²",Гора,85000.0,EUR,False, продажба,,Смолян,к.к.Пампорово,,,,https://homes.bg/offer/zemya-za-prodazhba/zemedelska-zemya-3001m2-smolyan-k.k.pamporovo/la34738,2.0,2025-06-04 18:03:47.852660,https://www.homes.bg/api/offers??currencyId=1&filterOrderBy=0&locationId=0&typeId=LandAgro,homes.bg,2036,2025-06-04,34738,,,,
"Земеделска земя, 56000m²",Друго,100000.0,EUR,False, продажба,,Добрич,с.Стаевци,,,,https://homes.bg/offer/zemya-za-prodazhba/zemedelska-zemya-56000m2-dobrich-s.staevci/la34753,2.0,2025-06-04 18:03:47.852670,https://www.homes.bg/api/offers??currencyId=1&filterOrderBy=0&locationId=0&typeId=LandAgro,homes.bg,2036,2025-06-04,34753,,,,
"Земеделска земя, 8309m²",,35000.0,EUR,False, продажба,,Варна,с.Тополи,,,,https://homes.bg/offer/zemya-za-prodazhba/zemedelska-zemya-8309m2-varna-s.topoli/la33582,1.0,2025-06-04 18:03:47.852680,https://www.homes.bg/api/offers??currencyId=1&filterOrderBy=0&locationId=0&typeId=LandAgro,homes.bg,2036,2025-06-04,33582,,,,
"Земеделска земя, 8499m²",,59500.0,EUR,False, продажба,,Бургас,с.Твърдица,,,,https://homes.bg/offer/zemya-za-prodazhba/zemedelska-zemya-8499m2-burgas-s.tvyrdica/la34998,1.0,2025-06-04 18:03:47.852690,https://www.homes.bg/api/offers??currencyId=1&filterOrderBy=0&locationId=0&typeId=LandAgro,homes.bg,2036,2025-06-04,34998,,,,
"Земеделска земя, 5044m²",,504400.0,EUR,False, продажба,,Ямбол,с.Козарево,,,,https://homes.bg/offer/zemya-za-prodazhba/zemedelska-zemya-5044m2-yambol-s.kozarevo/la34991,1.0,2025-06-04 18:03:47.852715,https://www.homes.bg/api/offers??currencyId=1&filterOrderBy=0&locationId=0&typeId=LandAgro,homes.bg,2036,2025-06-04,34991,,,,
"Земеделска земя, 1900m²","Категория 3, Нива",76000.0,EUR,False, продажба,,Родопи,с.Белащица,,,,https://homes.bg/offer/zemya-za-prodazhba/zemedelska-zemya-1900m2-rodopi-s.belashtica/la35052,1.0,2025-06-04 18:03:47.852727,https://www.homes.bg/api/offers??currencyId=1&filterOrderBy=0&locationId=0&typeId=LandAgro,homes.bg,2036,2025-06-04,35052,,,,
"Земеделска земя, 7456m²",Нива,92990.0,EUR,False, продажба,,Пловдив,с.Войводиново,,,,https://homes.bg/offer/zemya-za-prodazhba/zemedelska-zemya-7456m2-plovdiv-s.vojvodinovo/la35048,1.0,2025-06-04 18:03:47.852748,https://www.homes.bg/api/offers??currencyId=1&filterOrderBy=0&locationId=0&typeId=LandAgro,homes.bg,2036,2025-06-04,35048,,,,
"Земеделска земя, 3742m²",Гора,57900.0,EUR,False, продажба,,Варна,Варна,,,,https://homes.bg/offer/zemya-za-prodazhba/zemedelska-zemya-3742m2-varna-varna/la33077,3.0,2025-06-04 18:03:47.852760,https://www.homes.bg/api/offers??currencyId=1&filterOrderBy=0&locationId=0&typeId=LandAgro,homes.bg,2036,2025-06-04,33077,,,,
"Земеделска земя, 76000m²",Друго,100000.0,EUR,False, продажба,,Варна,с.Новаково,,,,https://homes.bg/offer/zemya-za-prodazhba/zemedelska-zemya-76000m2-varna-s.novakovo/la34623,5.0,2025-06-04 18:03:47.852774,https://www.homes.bg/api/offers??currencyId=1&filterOrderBy=0&locationId=0&typeId=LandAgro,homes.bg,2036,2025-06-04,34623,,,,
"Земеделска земя, 1600m²",Друго,49000.0,EUR,False, продажба,,София -,с.Войнеговци,,,,https://homes.bg/offer/zemya-za-prodazhba/zemedelska-zemya-1600m2-sofiya---grad-s.vojnegovci/la34759,1.0,2025-06-04 18:03:47.852785,https://www.homes.bg/api/offers??currencyId=1&filterOrderBy=0&locationId=0&typeId=LandAgro,homes.bg,2036,2025-06-04,34759,,,,
"Земеделска земя, 1000m²","Категория 9, Лозе",10000.0,EUR,False, продажба,,Асеновград,гр.Асеновград,,,,https://homes.bg/offer/zemya-za-prodazhba/zemedelska-zemya-1000m2-asenovgrad-gr.asenovgrad/la35051,1.0,2025-06-04 18:03:47.852796,https://www.homes.bg/api/offers??currencyId=1&filterOrderBy=0&locationId=0&typeId=LandAgro,homes.bg,2036,2025-06-04,35051,,,,
"Земеделска земя, 1590m²",,18500.0,EUR,False, продажба,,Бургас,с.Габър,,,,https://homes.bg/offer/zemya-za-prodazhba/zemedelska-zemya-1590m2-burgas-s.gabyr/la34997,1.0,2025-06-04 18:03:47.852806,https://www.homes.bg/api/offers??currencyId=1&filterOrderBy=0&locationId=0&typeId=LandAgro,homes.bg,2036,2025-06-04,34997,,,,
"Земеделска земя, 36000m²","Категория 4, Гора",108000.0,ЛЕВА,False, продажба,,Севлиево,гр.Севлиево,,,,https://homes.bg/offer/zemya-za-prodazhba/zemedelska-zemya-36000m2-sevlievo-gr.sevlievo/la24094,0.0,2025-06-04 18:03:47.852817,https://www.homes.bg/api/offers??currencyId=1&filterOrderBy=0&locationId=0&typeId=LandAgro,homes.bg,2036,2025-06-04,24094,,,,
"Земеделска земя, 3756m²",Друго,0.0,EUR,False, продажба,,София -,с.Житен,,,,https://homes.bg/offer/zemya-za-prodazhba/zemedelska-zemya-3756m2-sofiya---grad-s.zhiten/la34325,3.0,2025-06-04 18:03:47.852828,https://www.homes.bg/api/offers??currencyId=1&filterOrderBy=0&locationId=0&typeId=LandAgro,homes.bg,2036,2025-06-04,34325,,,,
"Земеделска земя, 10000m²","Категория 5, Овощна градина",16500.0,EUR,False, продажба,,Асеновград,с.Новаково,,,,https://homes.bg/offer/zemya-za-prodazhba/zemedelska-zemya-10000m2-asenovgrad-s.novakovo/la35050,3.0,2025-06-04 18:03:47.852840,https://www.homes.bg/api/offers??currencyId=1&filterOrderBy=0&locationId=0&typeId=LandAgro,homes.bg,2036,2025-06-04,35050,,,,
"Земеделска земя, 3000m²",Лозе,23000.0,EUR,False, продажба,,Калояново,с.Горна Махала,,,,https://homes.bg/offer/zemya-za-prodazhba/zemedelska-zemya-3000m2-kaloyanovo-s.gorna-mahala/la35049,3.0,2025-06-04 18:03:47.852852,https://www.homes.bg/api/offers??currencyId=1&filterOrderBy=0&locationId=0&typeId=LandAgro,homes.bg,2036,2025-06-04,35049,,,,
"Земеделска земя, 32112m²","Категория 4, Нива",1284480.0,EUR,False, продажба,,Пловдив,с.Кадиево,,,,https://homes.bg/offer/zemya-za-prodazhba/zemedelska-zemya-32112m2-plovdiv-s.kadievo/la24859,2.0,2025-06-04 18:03:47.852863,https://www.homes.bg/api/offers??currencyId=1&filterOrderBy=0&locationId=0&typeId=LandAgro,homes.bg,2036,2025-06-04,24859,,,,
"Земеделска земя, 3526m²","Категория 4, Нива",141040.0,EUR,False, продажба,,Пловдив,с.Кадиево,,,,https://homes.bg/offer/zemya-za-prodazhba/zemedelska-zemya-3526m2-plovdiv-s.kadievo/la24987,2.0,2025-06-04 18:03:47.852874,https://www.homes.bg/api/offers??currencyId=1&filterOrderBy=0&locationId=0&typeId=LandAgro,homes.bg,2036,2025-06-04,24987,,,,
"Земеделска земя, 2901m²","Категория 4, Нива",116040.0,EUR,False, продажба,,Пловдив,с.Кадиево,,,,https://homes.bg/offer/zemya-za-prodazhba/zemedelska-zemya-2901m2-plovdiv-s.kadievo/la24988,1.0,2025-06-04 18:03:47.852884,https://www.homes.bg/api/offers??currencyId=1&filterOrderBy=0&locationId=0&typeId=LandAgro,homes.bg,2036,2025-06-04,24988,,,,
"Земеделска земя, 10900m²","Категория 5, Нива",436000.0,EUR,False, продажба,,Пловдив,с.Кадиево,,,,https://homes.bg/offer/zemya-za-prodazhba/zemedelska-zemya-10900m2-plovdiv-s.kadievo/la24989,1.0,2025-06-04 18:03:47.852894,https://www.homes.bg/api/offers??currencyId=1&filterOrderBy=0&locationId=0&typeId=LandAgro,homes.bg,2036,2025-06-04,24989,,,,
"Земеделска земя, 19690m²",Друго,662600.0,EUR,False, продажба,,Софийска,гр.Елин Пелин,,,,https://homes.bg/offer/zemya-za-prodazhba/zemedelska-zemya-19690m2-sofijska-gr.elin-pelin/la34911,5.0,2025-06-04 18:03:47.852905,https://www.homes.bg/api/offers??currencyId=1&filterOrderBy=0&locationId=0&typeId=LandAgro,homes.bg,2036,2025-06-04,34911,,,,
"Земеделска земя, 3927m²",Друго,24000.0,EUR,False, продажба,,Софийска,с.Нови Хан,,,,https://homes.bg/offer/zemya-za-prodazhba/zemedelska-zemya-3927m2-sofijska-s.novi-han/la25000,3.0,2025-06-04 18:03:47.852915,https://www.homes.bg/api/offers??currencyId=1&filterOrderBy=0&locationId=0&typeId=LandAgro,homes.bg,2036,2025-06-04,25000,,,,
"Земеделска земя, 3000m²","Категория 3, Нива",52000.0,EUR,False, продажба,,Стамболийски,с.Ново Село,,,,https://homes.bg/offer/zemya-za-prodazhba/zemedelska-zemya-3000m2-stambolijski-s.novo-selo/la35046,1.0,2025-06-04 18:03:47.852926,https://www.homes.bg/api/offers??currencyId=1&filterOrderBy=0&locationId=0&typeId=LandAgro,homes.bg,2036,2025-06-04,35046,,,,
"Земеделска земя, 6111m²",Друго,17000.0,EUR,False, продажба,,Варна,с.Калиманци,,,,https://homes.bg/offer/zemya-za-prodazhba/zemedelska-zemya-6111m2-varna-s.kalimanci/la35061,3.0,2025-06-04 18:03:47.852938,https://www.homes.bg/api/offers??currencyId=1&filterOrderBy=0&locationId=0&typeId=LandAgro,homes.bg,2036,2025-06-04,35061,,,,
"Земеделска земя, 5001m²",,20004.0,ЛЕВА,False, продажба,,Добрич,с.Раковски,,,,https://homes.bg/offer/zemya-za-prodazhba/zemedelska-zemya-5001m2-dobrich-s.rakovski/la34034,1.0,2025-06-04 18:03:47.852951,https://www.homes.bg/api/offers??currencyId=1&filterOrderBy=0&locationId=0&typeId=LandAgro,homes.bg,2036,2025-06-04,34034,,,,
"Земеделска земя, 6739m²",,26956.0,ЛЕВА,False, продажба,,Добрич,с.Хаджи Димитър,,,,https://homes.bg/offer/zemya-za-prodazhba/zemedelska-zemya-6739m2-dobrich-s.hadzhi-dimityr/la34033,1.0,2025-06-04 18:03:47.852961,https://www.homes.bg/api/offers??currencyId=1&filterOrderBy=0&locationId=0&typeId=LandAgro,homes.bg,2036,2025-06-04,34033,,,,
"Земеделска земя, 69149m²",,36000.0,EUR,False, продажба,,Стара Загора,с.Паничерево,,,,https://homes.bg/offer/zemya-za-prodazhba/zemedelska-zemya-69149m2-stara-zagora-s.panicherevo/la24543,1.0,2025-06-04 18:03:47.852971,https://www.homes.bg/api/offers??currencyId=1&filterOrderBy=0&locationId=0&typeId=LandAgro,homes.bg,2036,2025-06-04,24543,,,,
"Земеделска земя, 6000m²","Категория 10, Нива",60000.0,ЛЕВА,False, продажба,,Аксаково,с.Орешак,,,,https://homes.bg/offer/zemya-za-prodazhba/zemedelska-zemya-6000m2-aksakovo-s.oreshak/la34296,0.0,2025-06-04 18:03:47.852981,https://www.homes.bg/api/offers??currencyId=1&filterOrderBy=0&locationId=0&typeId=LandAgro,homes.bg,2036,2025-06-04,34296,,,,
"Земеделска земя, 9000m²",Нива,0.0,EUR,False, продажба,,Созопол,с.Атия,,,,https://homes.bg/offer/zemya-za-prodazhba/zemedelska-zemya-9000m2-sozopol-s.atiya/la21693,1.0,2025-06-04 18:03:47.852991,https://www.homes.bg/api/offers??currencyId=1&filterOrderBy=0&locationId=0&typeId=LandAgro,homes.bg,2036,2025-06-04,21693,,,,
"Земеделска земя, 10000m²",Нива,0.0,EUR,False, продажба,,Аврен,с.Здравец,,,,https://homes.bg/offer/zemya-za-prodazhba/zemedelska-zemya-10000m2-avren-s.zdravec/la34842,0.0,2025-06-04 18:03:47.853001,https://www.homes.bg/api/offers??currencyId=1&filterOrderBy=0&locationId=0&typeId=LandAgro,homes.bg,2036,2025-06-04,34842,,,,
"Земеделска земя, 2809m²",Нива,70000.0,EUR,False, продажба,,Пловдив,с.Извор,,,,https://homes.bg/offer/zemya-za-prodazhba/zemedelska-zemya-2809m2-plovdiv-s.izvor/la23117,4.0,2025-06-04 18:03:47.853013,https://www.homes.bg/api/offers??currencyId=1&filterOrderBy=0&locationId=0&typeId=LandAgro,homes.bg,2036,2025-06-04,23117,,,,
"Земеделска земя, 2330m²","Категория 4, Нива",151450.0,EUR,False, продажба,,Пловдив,кв. Прослав,,,,https://homes.bg/offer/zemya-za-prodazhba/zemedelska-zemya-2330m2-plovdiv-kv.-proslav/la35037,1.0,2025-06-04 18:03:47.853023,https://www.homes.bg/api/offers??currencyId=1&filterOrderBy=0&locationId=0&typeId=LandAgro,homes.bg,2036,2025-06-04,35037,,,,
"Земеделска земя, 5000m²","Категория 4, Нива",24448.0,ЛЕВА,False, продажба,,Пловдив,с.Динк,,,,https://homes.bg/offer/zemya-za-prodazhba/zemedelska-zemya-5000m2-plovdiv-s.dink/la35036,3.0,2025-06-04 18:03:47.853035,https://www.homes.bg/api/offers??currencyId=1&filterOrderBy=0&locationId=0&typeId=LandAgro,homes.bg,2036,2025-06-04,35036,,,,
"Земеделска земя, 2670m²",Друго,7500.0,EUR,False, продажба,,Бургас,гр.Поморие,,,,https://homes.bg/offer/zemya-za-prodazhba/zemedelska-zemya-2670m2-burgas-gr.pomorie/la34013,2.0,2025-06-04 18:03:47.853046,https://www.homes.bg/api/offers??currencyId=1&filterOrderBy=0&locationId=0&typeId=LandAgro,homes.bg,2036,2025-06-04,34013,,,,
"Земеделска земя, 4000m²",,330000.0,EUR,False, продажба,,Родопи,с.Марково,,,,https://homes.bg/offer/zemya-za-prodazhba/zemedelska-zemya-4000m2-rodopi-s.markovo/la35042,1.0,2025-06-04 18:03:47.853056,https://www.homes.bg/api/offers??currencyId=1&filterOrderBy=0&locationId=0&typeId=LandAgro,homes.bg,2036,2025-06-04,35042,,,,
"Земеделска земя, 1068m²","Категория 4, Овощна градина",23000.0,EUR,False, продажба,,Куклен,с.Руен,,,,https://homes.bg/offer/zemya-za-prodazhba/zemedelska-zemya-1068m2-kuklen-s.ruen/la35041,1.0,2025-06-04 18:03:47.853067,https://www.homes.bg/api/offers??currencyId=1&filterOrderBy=0&locationId=0&typeId=LandAgro,homes.bg,2036,2025-06-04,35041,,,,
"Земеделска земя, 1000m²","Категория 5, Нива",25000.0,ЛЕВА,False, продажба,,Сандански,с.Хърсово,,,,https://homes.bg/offer/zemya-za-prodazhba/zemedelska-zemya-1000m2-sandanski-s.hyrsovo/la35040,6.0,2025-06-04 18:03:47.853080,https://www.homes.bg/api/offers??currencyId=1&filterOrderBy=0&locationId=0&typeId=LandAgro,homes.bg,2036,2025-06-04,35040,,,,
"Земеделска земя, 8262m²","Категория 6, Овощна градина",100000.0,ЛЕВА,False, продажба,,Враца,с.Нефела,,,,https://homes.bg/offer/zemya-za-prodazhba/zemedelska-zemya-8262m2-vraca-s.nefela/la35039,3.0,2025-06-04 18:03:47.853092,https://www.homes.bg/api/offers??currencyId=1&filterOrderBy=0&locationId=0&typeId=LandAgro,homes.bg,2036,2025-06-04,35039,,,,
"Земеделска земя, 1000m²",,25000.0,ЛЕВА,False, продажба,,Благоевград,,,,,https://homes.bg/offer/zemya-za-prodazhba/zemedelska-zemya-1000m2-blagoevgrad-/la35044,10.0,2025-06-04 18:03:50.652262,https://www.homes.bg/api/offers??currencyId=1&filterOrderBy=0&locationId=0&typeId=LandAgro,homes.bg,2036,2025-06-04,35044,,,,
"Земеделска земя, 4089m²",Нива,122670.0,EUR,False, продажба,,Пловдив,с.Оризари,,,,https://homes.bg/offer/zemya-za-prodazhba/zemedelska-zemya-4089m2-plovdiv-s.orizari/la34953,2.0,2025-06-04 18:03:50.652344,https://www.homes.bg/api/offers??currencyId=1&filterOrderBy=0&locationId=0&typeId=LandAgro,homes.bg,2036,2025-06-04,34953,,,,
"Земеделска земя, 3225m²","Категория 4, Лозе",177375.0,EUR,False, продажба,,Родопи,с.Браниполе,,,,https://homes.bg/offer/zemya-za-prodazhba/zemedelska-zemya-3225m2-rodopi-s.branipole/la35035,1.0,2025-06-04 18:03:50.652364,https://www.homes.bg/api/offers??currencyId=1&filterOrderBy=0&locationId=0&typeId=LandAgro,homes.bg,2036,2025-06-04,35035,,,,
"Земеделска земя, 2759m²",Друго,137950.0,EUR,False, продажба,,Софийска,гр.Костинброд,,,,https://homes.bg/offer/zemya-za-prodazhba/zemedelska-zemya-2759m2-sofijska-gr.kostinbrod/la34877,7.0,2025-06-04 18:03:50.652383,https://www.homes.bg/api/offers??currencyId=1&filterOrderBy=0&locationId=0&typeId=LandAgro,homes.bg,2036,2025-06-04,34877,,,,
"Земеделска земя, 6992m²",Друго,253529.0,EUR,False, продажба,,София -,с.Лозен,,,,https://homes.bg/offer/zemya-za-prodazhba/zemedelska-zemya-6992m2-sofiya---grad-s.lozen/la34275,1.0,2025-06-04 18:03:50.652397,https://www.homes.bg/api/offers??currencyId=1&filterOrderBy=0&locationId=0&typeId=LandAgro,homes.bg,2036,2025-06-04,34275,,,,
"Земеделска земя, 2000m²",,50000.0,EUR,False, продажба,,Велико Търново,с.Беляковец,,,,https://homes.bg/offer/zemya-za-prodazhba/zemedelska-zemya-2000m2-veliko-tyrnovo-s.belyakovec/la34541,1.0,2025-06-04 18:03:50.652411,https://www.homes.bg/api/offers??currencyId=1&filterOrderBy=0&locationId=0&typeId=LandAgro,homes.bg,2036,2025-06-04,34541,,,,
"Земеделска земя, 2399m²",,53000.0,EUR,False, продажба,,Бургас,гр.Царево,,,,https://homes.bg/offer/zemya-za-prodazhba/zemedelska-zemya-2399m2-burgas-gr.carevo/la34373,2.0,2025-06-04 18:03:50.652425,https://www.homes.bg/api/offers??currencyId=1&filterOrderBy=0&locationId=0&typeId=LandAgro,homes.bg,2036,2025-06-04,34373,,,,
"Земеделска земя, 2503m²",Нива,137665.0,EUR,False, продажба,,Пловдив,кв. Коматево,,,,https://homes.bg/offer/zemya-za-prodazhba/zemedelska-zemya-2503m2-plovdiv-kv.-komatevo/la35031,1.0,2025-06-04 18:03:50.652439,https://www.homes.bg/api/offers??currencyId=1&filterOrderBy=0&locationId=0&typeId=LandAgro,homes.bg,2036,2025-06-04,35031,,,,
"Земеделска земя, 6691m²","Категория 4, Нива",167275.0,EUR,False, продажба,,Пловдив,кв. Коматево,,,,https://homes.bg/offer/zemya-za-prodazhba/zemedelska-zemya-6691m2-plovdiv-kv.-komatevo/la35030,1.0,2025-06-04 18:03:50.652452,https://www.homes.bg/api/offers??currencyId=1&filterOrderBy=0&locationId=0&typeId=LandAgro,homes.bg,2036,2025-06-04,35030,,,,
"Земеделска земя, 3525m²","Категория 3, Овощна градина",88125.0,EUR,False, продажба,,Асеновград,гр.Асеновград,,,,https://homes.bg/offer/zemya-za-prodazhba/zemedelska-zemya-3525m2-asenovgrad-gr.asenovgrad/la35033,2.0,2025-06-04 18:03:50.652466,https://www.homes.bg/api/offers??currencyId=1&filterOrderBy=0&locationId=0&typeId=LandAgro,homes.bg,2036,2025-06-04,35033,,,,
"Земеделска земя, 1017m²","Категория 8, Овощна градина",35000.0,EUR,False, продажба,,Родопи,с.Храбрино,,,,https://homes.bg/offer/zemya-za-prodazhba/zemedelska-zemya-1017m2-rodopi-s.hrabrino/la35032,1.0,2025-06-04 18:03:50.652479,https://www.homes.bg/api/offers??currencyId=1&filterOrderBy=0&locationId=0&typeId=LandAgro,homes.bg,2036,2025-06-04,35032,,,,
"Земеделска земя, 2001m²","Категория 3, Нива",92000.0,EUR,False, продажба,,Пловдив,жк. Тракия,,,,https://homes.bg/offer/zemya-za-prodazhba/zemedelska-zemya-2001m2-plovdiv-zhk.-trakiya/la35029,1.0,2025-06-04 18:03:50.652491,https://www.homes.bg/api/offers??currencyId=1&filterOrderBy=0&locationId=0&typeId=LandAgro,homes.bg,2036,2025-06-04,35029,,,,
"Земеделска земя, 770m²","Категория 4, Нива",50000.0,EUR,False, продажба,,Асеновград,гр.Асеновград,,,,https://homes.bg/offer/zemya-za-prodazhba/zemedelska-zemya-770m2-asenovgrad-gr.asenovgrad/la34083,2.0,2025-06-04 18:03:50.652505,https://www.homes.bg/api/offers??currencyId=1&filterOrderBy=0&locationId=0&typeId=LandAgro,homes.bg,2036,2025-06-04,34083,,,,
"Земеделска земя, 15000m²","Категория 6, Нива",45000.0,ЛЕВА,False, продажба,,Аксаково,с.Генерал-Кантарджиево,,,,https://homes.bg/offer/zemya-za-prodazhba/zemedelska-zemya-15000m2-aksakovo-s.general-kantardzhievo/la18033,0.0,2025-06-04 18:03:50.652518,https://www.homes.bg/api/offers??currencyId=1&filterOrderBy=0&locationId=0&typeId=LandAgro,homes.bg,2036,2025-06-04,18033,,,,
"Земеделска земя, 4627m²","Категория 4, Нива",46270.0,EUR,False, продажба,,Сливница,с.Гълъбовци,,,,https://homes.bg/offer/zemya-za-prodazhba/zemedelska-zemya-4627m2-slivnica-s.gylybovci/la9697,0.0,2025-06-04 18:03:50.652531,https://www.homes.bg/api/offers??currencyId=1&filterOrderBy=0&locationId=0&typeId=LandAgro,homes.bg,2036,2025-06-04,9697,,,,
"Земеделска земя, 7680m²","Категория 5, Нива",231000.0,EUR,False, продажба,,София, Бусманци,,,,https://homes.bg/offer/zemya-za-prodazhba/zemedelska-zemya-7680m2-sofiya-busmanci/la9694,0.0,2025-06-04 18:03:50.652544,https://www.homes.bg/api/offers??currencyId=1&filterOrderBy=0&locationId=0&typeId=LandAgro,homes.bg,2036,2025-06-04,9694,,,,
"Земеделска земя, 16698m²","Категория 6, Нива",500940.0,EUR,False, продажба,,Панчарево,с.Лозен,,,,https://homes.bg/offer/zemya-za-prodazhba/zemedelska-zemya-16698m2-pancharevo-s.lozen/la9695,0.0,2025-06-04 18:03:50.652556,https://www.homes.bg/api/offers??currencyId=1&filterOrderBy=0&locationId=0&typeId=LandAgro,homes.bg,2036,2025-06-04,9695,,,,
"Земеделска земя, 3000m²","Категория 9, Нива",45000.0,EUR,False, продажба,,Благоевград,с.Логодаж,,,,https://homes.bg/offer/zemya-za-prodazhba/zemedelska-zemya-3000m2-blagoevgrad-s.logodazh/la35015,4.0,2025-06-04 18:03:50.652571,https://www.homes.bg/api/offers??currencyId=1&filterOrderBy=0&locationId=0&typeId=LandAgro,homes.bg,2036,2025-06-04,35015,,,,
"Земеделска земя, 6018m²","Категория 7, Нива",35000.0,ЛЕВА,False, продажба,,Сандански,гр.Сандански,,,,https://homes.bg/offer/zemya-za-prodazhba/zemedelska-zemya-6018m2-sandanski-gr.sandanski/la35025,1.0,2025-06-04 18:03:50.652584,https://www.homes.bg/api/offers??currencyId=1&filterOrderBy=0&locationId=0&typeId=LandAgro,homes.bg,2036,2025-06-04,35025,,,,
"Земеделска земя, 4715m²","Категория 4, Нива",16000.0,ЛЕВА,False, продажба,,Кърджали,с.Люляково,,,,https://homes.bg/offer/zemya-za-prodazhba/zemedelska-zemya-4715m2-kyrdzhali-s.ljulyakovo/la35024,5.0,2025-06-04 18:03:50.652600,https://www.homes.bg/api/offers??currencyId=1&filterOrderBy=0&locationId=0&typeId=LandAgro,homes.bg,2036,2025-06-04,35024,,,,
"Земеделска земя, 6000m²","Категория 3, Нива",18000.0,ЛЕВА,False, продажба,,Дългопол,гр.Дългопол,,,,https://homes.bg/offer/zemya-za-prodazhba/zemedelska-zemya-6000m2-dylgopol-gr.dylgopol/la25166,0.0,2025-06-04 18:03:50.652612,https://www.homes.bg/api/offers??currencyId=1&filterOrderBy=0&locationId=0&typeId=LandAgro,homes.bg,2036,2025-06-04,25166,,,,
"Земеделска земя, 10000m²",,37000.0,ЛЕВА,False, продажба,,Сливен,с.Чинтулово,,,,https://homes.bg/offer/zemya-za-prodazhba/zemedelska-zemya-10000m2-sliven-s.chintulovo/la34897,4.0,2025-06-04 18:03:50.652639,https://www.homes.bg/api/offers??currencyId=1&filterOrderBy=0&locationId=0&typeId=LandAgro,homes.bg,2036,2025-06-04,34897,,,,
"Земеделска земя, 7729m²",,42000.0,EUR,False, продажба,,Ловеч,с.Малка Желязна,,,,https://homes.bg/offer/zemya-za-prodazhba/zemedelska-zemya-7729m2-lovech-s.malka-zhelyazna/la34948,1.0,2025-06-04 18:03:50.652652,https://www.homes.bg/api/offers??currencyId=1&filterOrderBy=0&locationId=0&typeId=LandAgro,homes.bg,2036,2025-06-04,34948,,,,
"Земеделска земя, 452m²","Категория 4, Ливада",9000.0,EUR,False, продажба,,Своге,с.Искрец,,,,https://homes.bg/offer/zemya-za-prodazhba/zemedelska-zemya-452m2-svoge-s.iskrec/la26587,1.0,2025-06-04 18:03:50.652665,https://www.homes.bg/api/offers??currencyId=1&filterOrderBy=0&locationId=0&typeId=LandAgro,homes.bg,2036,2025-06-04,26587,,,,
"Земеделска земя, 1015m²",,13000.0,EUR,False, продажба,,Ловеч,с.Рибарица,,,,https://homes.bg/offer/zemya-za-prodazhba/zemedelska-zemya-1015m2-lovech-s.ribarica/la34947,1.0,2025-06-04 18:03:50.652677,https://www.homes.bg/api/offers??currencyId=1&filterOrderBy=0&locationId=0&typeId=LandAgro,homes.bg,2036,2025-06-04,34947,,,,
"Земеделска земя, 23513m²",,205000.0,ЛЕВА,False, продажба,,Ямбол,с.Търнава,,,,https://homes.bg/offer/zemya-za-prodazhba/zemedelska-zemya-23513m2-yambol-s.tyrnava/la34152,1.0,2025-06-04 18:03:50.652690,https://www.homes.bg/api/offers??currencyId=1&filterOrderBy=0&locationId=0&typeId=LandAgro,homes.bg,2036,2025-06-04,34152,,,,
"Земеделска земя, 82000m²",Друго,574000.0,EUR,False, продажба,,Долни Чифлик,гр.Долни Чифлик,,,,https://homes.bg/offer/zemya-za-prodazhba/zemedelska-zemya-82000m2-dolni-chiflik-gr.dolni-chiflik/la15504,0.0,2025-06-04 18:03:50.652746,https://www.homes.bg/api/offers??currencyId=1&filterOrderBy=0&locationId=0&typeId=LandAgro,homes.bg,2036,2025-06-04,15504,,,,
"Земеделска земя, 1000m²","Категория 1, Ливада",80000.0,ЛЕВА,False, продажба,,София,кв. Филиповци,,,,https://homes.bg/offer/zemya-za-prodazhba/zemedelska-zemya-1000m2-sofiya-kv.-filipovci/la23379,0.0,2025-06-04 18:03:50.652759,https://www.homes.bg/api/offers??currencyId=1&filterOrderBy=0&locationId=0&typeId=LandAgro,homes.bg,2036,2025-06-04,23379,,,,
"Земеделска земя, 5881m²",,58810.0,EUR,False, продажба,,Варна,с.Слънчево,,,,https://homes.bg/offer/zemya-za-prodazhba/zemedelska-zemya-5881m2-varna-s.slynchevo/la34343,1.0,2025-06-04 18:03:50.652773,https://www.homes.bg/api/offers??currencyId=1&filterOrderBy=0&locationId=0&typeId=LandAgro,homes.bg,2036,2025-06-04,34343,,,,
"Земеделска земя, 16500m²",Друго,22000.0,EUR,False, продажба,,Бургас,гр.Царево,,,,https://homes.bg/offer/zemya-za-prodazhba/zemedelska-zemya-16500m2-burgas-gr.carevo/la24144,3.0,2025-06-04 18:03:50.652786,https://www.homes.bg/api/offers??currencyId=1&filterOrderBy=0&locationId=0&typeId=LandAgro,homes.bg,2036,2025-06-04,24144,,,,
"Земеделска земя, 5500m²",Друго,5300.0,EUR,False, продажба,,Бургас,с.Българи,,,,https://homes.bg/offer/zemya-za-prodazhba/zemedelska-zemya-5500m2-burgas-s.bylgari/la21004,1.0,2025-06-04 18:03:50.652799,https://www.homes.bg/api/offers??currencyId=1&filterOrderBy=0&locationId=0&typeId=LandAgro,homes.bg,2036,2025-06-04,21004,,,,
"Земеделска земя, 1445m²","Категория 7, Лозе",73500.0,ЛЕВА,False, продажба,,Благоевград,жк. Баларбаши,,,,https://homes.bg/offer/zemya-za-prodazhba/zemedelska-zemya-1445m2-blagoevgrad-zhk.-balarbashi/la34301,1.0,2025-06-04 18:03:50.652811,https://www.homes.bg/api/offers??currencyId=1&filterOrderBy=0&locationId=0&typeId=LandAgro,homes.bg,2036,2025-06-04,34301,,,,
"Земеделска земя, 5594m²",Нива,111880.0,EUR,False, продажба,,Благоевград,жк. Струмско,,,,https://homes.bg/offer/zemya-za-prodazhba/zemedelska-zemya-5594m2-blagoevgrad-zhk.-strumsko/la33664,1.0,2025-06-04 18:03:50.652824,https://www.homes.bg/api/offers??currencyId=1&filterOrderBy=0&locationId=0&typeId=LandAgro,homes.bg,2036,2025-06-04,33664,,,,
"Земеделска земя, 19000m²","Категория 6, Нива",380400.0,EUR,False, продажба,,Благоевград,жк. Струмско,,,,https://homes.bg/offer/zemya-za-prodazhba/zemedelska-zemya-19000m2-blagoevgrad-zhk.-strumsko/la33663,1.0,2025-06-04 18:03:50.652837,https://www.homes.bg/api/offers??currencyId=1&filterOrderBy=0&locationId=0&typeId=LandAgro,homes.bg,2036,2025-06-04,33663,,,,
"Земеделска земя, 1500m²","Категория 3, Нива",32000.0,ЛЕВА,False, продажба,,Благоевград, Първа Промишлена Зона,,,,https://homes.bg/offer/zemya-za-prodazhba/zemedelska-zemya-1500m2-blagoevgrad-pyrva-promishlena-zona/la33957,0.0,2025-06-04 18:03:50.652849,https://www.homes.bg/api/offers??currencyId=1&filterOrderBy=0&locationId=0&typeId=LandAgro,homes.bg,2036,2025-06-04,33957,,,,
"Земеделска земя, 1981m²","Категория 8, Нива",50000.0,ЛЕВА,False, продажба,,Благоевград,с.Изгрев,,,,https://homes.bg/offer/zemya-za-prodazhba/zemedelska-zemya-1981m2-blagoevgrad-s.izgrev/la33857,1.0,2025-06-04 18:03:50.652863,https://www.homes.bg/api/offers??currencyId=1&filterOrderBy=0&locationId=0&typeId=LandAgro,homes.bg,2036,2025-06-04,33857,,,,
"Земеделска земя, 2892m²","Категория 7, Нива",44700.0,EUR,False, продажба,,Благоевград,с.Дъбрава,,,,https://homes.bg/offer/zemya-za-prodazhba/zemedelska-zemya-2892m2-blagoevgrad-s.dybrava/la22161,1.0,2025-06-04 18:03:50.652876,https://www.homes.bg/api/offers??currencyId=1&filterOrderBy=0&locationId=0&typeId=LandAgro,homes.bg,2036,2025-06-04,22161,,,,
"Земеделска земя, 700m²",Лозе,17000.0,ЛЕВА,False, продажба,,Благоевград,жк. Баларбаши,,,,https://homes.bg/offer/zemya-za-prodazhba/zemedelska-zemya-700m2-blagoevgrad-zhk.-balarbashi/la33804,1.0,2025-06-04 18:03:50.652890,https://www.homes.bg/api/offers??currencyId=1&filterOrderBy=0&locationId=0&typeId=LandAgro,homes.bg,2036,2025-06-04,33804,,,,
"Земеделска земя, 2261m²",Друго,105399.0,EUR,False, продажба,,София -,с.Иваняне,,,,https://homes.bg/offer/zemya-za-prodazhba/zemedelska-zemya-2261m2-sofiya---grad-s.ivanyane/la34682,3.0,2025-06-04 18:03:50.652904,https://www.homes.bg/api/offers??currencyId=1&filterOrderBy=0&locationId=0&typeId=LandAgro,homes.bg,2036,2025-06-04,34682,,,,
"Земеделска земя, 2m²","Категория 10, Нива",0.0,EUR,False, продажба,,Стара Загора,с.Остра Могила,,,,https://homes.bg/offer/zemya-za-prodazhba/zemedelska-zemya-2m2-stara-zagora-s.ostra-mogila/la34424,1.0,2025-06-04 18:03:50.652917,https://www.homes.bg/api/offers??currencyId=1&filterOrderBy=0&locationId=0&typeId=LandAgro,homes.bg,2036,2025-06-04,34424,,,,
"Земеделска земя, 15000m²","Категория 3, Нива",4500.0,ЛЕВА,False, продажба,,Генерал Тошево,гр.Генерал-Тошево,,,,https://homes.bg/offer/zemya-za-prodazhba/zemedelska-zemya-15000m2-general-toshevo-gr.general-toshevo/la33978,0.0,2025-06-04 18:03:50.652931,https://www.homes.bg/api/offers??currencyId=1&filterOrderBy=0&locationId=0&typeId=LandAgro,homes.bg,2036,2025-06-04,33978,,,,
"Земеделска земя, 3501m²",,33200.0,EUR,False, продажба,,Благоевград, Втора Промишлена Зона,,,,https://homes.bg/offer/zemya-za-prodazhba/zemedelska-zemya-3501m2-blagoevgrad-vtora-promishlena-zona/la23923,1.0,2025-06-04 18:03:50.652944,https://www.homes.bg/api/offers??currencyId=1&filterOrderBy=0&locationId=0&typeId=LandAgro,homes.bg,2036,2025-06-04,23923,,,,
"Земеделска земя, 3746m²",,52000.0,ЛЕВА,False, продажба,,Ловеч,с.Голяма Желязна,,,,https://homes.bg/offer/zemya-za-prodazhba/zemedelska-zemya-3746m2-lovech-s.golyama-zhelyazna/la34990,1.0,2025-06-04 18:03:50.652961,https://www.homes.bg/api/offers??currencyId=1&filterOrderBy=0&locationId=0&typeId=LandAgro,homes.bg,2036,2025-06-04,34990,,,,
"Земеделска земя, 5000m²","Категория 3, Нива",150000.0,EUR,False, продажба,,Поморие,с.Ахелой,,,,https://homes.bg/offer/zemya-za-prodazhba/zemedelska-zemya-5000m2-pomorie-s.aheloj/la24983,3.0,2025-06-04 18:03:50.652975,https://www.homes.bg/api/offers??currencyId=1&filterOrderBy=0&locationId=0&typeId=LandAgro,homes.bg,2036,2025-06-04,24983,,,,
"Земеделска земя, 996m²","Категория 9, Нива",9960.0,ЛЕВА,False, продажба,,Батак,гр.Батак,,,,https://homes.bg/offer/zemya-za-prodazhba/zemedelska-zemya-996m2-batak-gr.batak/la19625,0.0,2025-06-04 18:03:50.652987,https://www.homes.bg/api/offers??currencyId=1&filterOrderBy=0&locationId=0&typeId=LandAgro,homes.bg,2036,2025-06-04,19625,,,,
"Земеделска земя, 2088m²","Категория 8, Ливада",41760.0,EUR,False, продажба,,Батак,гр.Батак,,,,https://homes.bg/offer/zemya-za-prodazhba/zemedelska-zemya-2088m2-batak-gr.batak/la22830,1.0,2025-06-04 18:03:50.652999,https://www.homes.bg/api/offers??currencyId=1&filterOrderBy=0&locationId=0&typeId=LandAgro,homes.bg,2036,2025-06-04,22830,,,,
"Земеделска земя, 2000m²","Категория 9, Нива",20000.0,EUR,False, продажба,,Батак,гр.Батак,,,,https://homes.bg/offer/zemya-za-prodazhba/zemedelska-zemya-2000m2-batak-gr.batak/la22831,1.0,2025-06-04 18:03:50.653012,https://www.homes.bg/api/offers??currencyId=1&filterOrderBy=0&locationId=0&typeId=LandAgro,homes.bg,2036,2025-06-04,22831,,,,
"Земеделска земя, 383m²","Категория 10, Ливада",11490.0,EUR,False, продажба,,Батак,гр.Батак,,,,https://homes.bg/offer/zemya-za-prodazhba/zemedelska-zemya-383m2-batak-gr.batak/la22832,1.0,2025-06-04 18:03:50.653025,https://www.homes.bg/api/offers??currencyId=1&filterOrderBy=0&locationId=0&typeId=LandAgro,homes.bg,2036,2025-06-04,22832,,,,
"Земеделска земя, 1001m²","Категория 8, Ливада",15000.0,ЛЕВА,False, продажба,,Батак,гр.Батак,,,,https://homes.bg/offer/zemya-za-prodazhba/zemedelska-zemya-1001m2-batak-gr.batak/la22833,1.0,2025-06-04 18:03:50.653037,https://www.homes.bg/api/offers??currencyId=1&filterOrderBy=0&locationId=0&typeId=LandAgro,homes.bg,2036,2025-06-04,22833,,,,
"Земеделска земя, 4000m²","Категория 7, Ливада",80000.0,EUR,False, продажба,,Батак,гр.Батак,,,,https://homes.bg/offer/zemya-za-prodazhba/zemedelska-zemya-4000m2-batak-gr.batak/la22829,1.0,2025-06-04 18:03:50.653050,https://www.homes.bg/api/offers??currencyId=1&filterOrderBy=0&locationId=0&typeId=LandAgro,homes.bg,2036,2025-06-04,22829,,,,
"Земеделска земя, 3959m²","Категория 8, Ливада",39590.0,EUR,False, продажба,,Батак,яз.Батак,,,,https://homes.bg/offer/zemya-za-prodazhba/zemedelska-zemya-3959m2-batak-yaz.batak/la34262,7.0,2025-06-04 18:03:50.653066,https://www.homes.bg/api/offers??currencyId=1&filterOrderBy=0&locationId=0&typeId=LandAgro,homes.bg,2036,2025-06-04,34262,,,,
"Земеделска земя, 2819m²","Категория 9, Ливада",14095.0,EUR,False, продажба,,Батак,яз.Батак,,,,https://homes.bg/offer/zemya-za-prodazhba/zemedelska-zemya-2819m2-batak-yaz.batak/la34263,2.0,2025-06-04 18:03:50.653079,https://www.homes.bg/api/offers??currencyId=1&filterOrderBy=0&locationId=0&typeId=LandAgro,homes.bg,2036,2025-06-04,34263,,,,
"Земеделска земя, 1729m²","Категория 10, Ливада",8645.0,EUR,False, продажба,,Батак,яз.Батак,,,,https://homes.bg/offer/zemya-za-prodazhba/zemedelska-zemya-1729m2-batak-yaz.batak/la34264,2.0,2025-06-04 18:03:50.653093,https://www.homes.bg/api/offers??currencyId=1&filterOrderBy=0&locationId=0&typeId=LandAgro,homes.bg,2036,2025-06-04,34264,,,,
"Земеделска земя, 5210m²","Категория 9, Ливада",26050.0,EUR,False, продажба,,Батак,яз.Батак,,,,https://homes.bg/offer/zemya-za-prodazhba/zemedelska-zemya-5210m2-batak-yaz.batak/la34265,2.0,2025-06-04 18:03:50.653106,https://www.homes.bg/api/offers??currencyId=1&filterOrderBy=0&locationId=0&typeId=LandAgro,homes.bg,2036,2025-06-04,34265,,,,
"Земеделска земя, 783m²","Категория 10, Ливада",3915.0,EUR,False, продажба,,Батак,яз.Батак,,,,https://homes.bg/offer/zemya-za-prodazhba/zemedelska-zemya-783m2-batak-yaz.batak/la34266,2.0,2025-06-04 18:03:50.653119,https://www.homes.bg/api/offers??currencyId=1&filterOrderBy=0&locationId=0&typeId=LandAgro,homes.bg,2036,2025-06-04,34266,,,,
"Земеделска земя, 7121m²",,428000.0,EUR,False, продажба,,Пловдив,с.Първенец,,,,https://homes.bg/offer/zemya-za-prodazhba/zemedelska-zemya-7121m2-plovdiv-s.pyrvenec/la34694,1.0,2025-06-04 18:03:50.653132,https://www.homes.bg/api/offers??currencyId=1&filterOrderBy=0&locationId=0&typeId=LandAgro,homes.bg,2036,2025-06-04,34694,,,,
"Земеделска земя, 47000m²","Категория 4, Нива",160000.0,EUR,False, продажба,,Хасково, Източна Индустриална Зона,,,,https://homes.bg/offer/zemya-za-prodazhba/zemedelska-zemya-47000m2-haskovo-iztochna-industrialna-zona/la34779,2.0,2025-06-04 18:03:50.653145,https://www.homes.bg/api/offers??currencyId=1&filterOrderBy=0&locationId=0&typeId=LandAgro,homes.bg,2036,2025-06-04,34779,,,,
"Земеделска земя, 7902m²",Нива,339786.0,EUR,False, продажба,,Пловдив,кв. Беломорски,,,,https://homes.bg/offer/zemya-za-prodazhba/zemedelska-zemya-7902m2-plovdiv-kv.-belomorski/la34996,4.0,2025-06-04 18:03:50.653160,https://www.homes.bg/api/offers??currencyId=1&filterOrderBy=0&locationId=0&typeId=LandAgro,homes.bg,2036,2025-06-04,34996,,,,
"Земеделска земя, 3124m²","Категория 4, Нива",39900.0,EUR,False, продажба,,Сливница,с.Алдомировци,,,,https://homes.bg/offer/zemya-za-prodazhba/zemedelska-zemya-3124m2-slivnica-s.aldomirovci/la24308,1.0,2025-06-04 18:03:50.653173,https://www.homes.bg/api/offers??currencyId=1&filterOrderBy=0&locationId=0&typeId=LandAgro,homes.bg,2036,2025-06-04,24308,,,,
"Земеделска земя, 4739m²",Друго,94700.0,EUR,False, продажба,,София -,с.Чепинци,,,,https://homes.bg/offer/zemya-za-prodazhba/zemedelska-zemya-4739m2-sofiya---grad-s.chepinci/la34324,4.0,2025-06-04 18:03:50.653187,https://www.homes.bg/api/offers??currencyId=1&filterOrderBy=0&locationId=0&typeId=LandAgro,homes.bg,2036,2025-06-04,34324,,,,
"Земеделска земя, 5000m²","Категория 9, Нива",17000.0,EUR,False, продажба,,Благоевград,жк. Баларбаши,,,,https://homes.bg/offer/zemya-za-prodazhba/zemedelska-zemya-5000m2-blagoevgrad-zhk.-balarbashi/la34780,9.0,2025-06-04 18:03:50.653205,https://www.homes.bg/api/offers??currencyId=1&filterOrderBy=0&locationId=0&typeId=LandAgro,homes.bg,2036,2025-06-04,34780,,,,
"Земеделска земя, 4232m²","Категория 7, Лозе",43280.0,EUR,False, продажба,,Благоевград,с.Дъбрава,,,,https://homes.bg/offer/zemya-za-prodazhba/zemedelska-zemya-4232m2-blagoevgrad-s.dybrava/la33930,4.0,2025-06-04 18:03:50.653220,https://www.homes.bg/api/offers??currencyId=1&filterOrderBy=0&locationId=0&typeId=LandAgro,homes.bg,2036,2025-06-04,33930,,,,
"Земеделска земя, 4232m²","Категория 7, Лозе",43280.0,EUR,False, продажба,,Благоевград,с.Дъбрава,,,,https://homes.bg/offer/zemya-za-prodazhba/zemedelska-zemya-4232m2-blagoevgrad-s.dybrava/la33931,4.0,2025-06-04 18:03:50.653234,https://www.homes.bg/api/offers??currencyId=1&filterOrderBy=0&locationId=0&typeId=LandAgro,homes.bg,2036,2025-06-04,33931,,,,
"Земеделска земя, 7367m²",Друго,50650.0,EUR,False, продажба,,Благоевград,с.Логодаж,,,,https://homes.bg/offer/zemya-za-prodazhba/zemedelska-zemya-7367m2-blagoevgrad-s.logodazh/la34252,4.0,2025-06-04 18:03:50.653248,https://www.homes.bg/api/offers??currencyId=1&filterOrderBy=0&locationId=0&typeId=LandAgro,homes.bg,2036,2025-06-04,34252,,,,
"Земеделска земя, 10000m²","Категория 5, Нива",50000.0,EUR,False, продажба,,Варна,м-т Боровец,,,,https://homes.bg/offer/zemya-za-prodazhba/zemedelska-zemya-10000m2-varna-m-t-borovec/la24851,0.0,2025-06-04 18:03:50.653260,https://www.homes.bg/api/offers??currencyId=1&filterOrderBy=0&locationId=0&typeId=LandAgro,homes.bg,2036,2025-06-04,24851,,,,
"Земеделска земя, 4940m²",Друго,0.0,EUR,False, продажба,,Пловдив, Индустриална зона - Юг,,,,https://homes.bg/offer/zemya-za-prodazhba/zemedelska-zemya-4940m2-plovdiv-industrialna-zona---jug/la24660,2.0,2025-06-04 18:03:50.653273,https://www.homes.bg/api/offers??currencyId=1&filterOrderBy=0&locationId=0&typeId=LandAgro,homes.bg,2036,2025-06-04,24660,,,,
"Земеделска земя, 5200m²",Друго,0.0,EUR,False, продажба,,Пловдив, Индустриална зона - Юг,,,,https://homes.bg/offer/zemya-za-prodazhba/zemedelska-zemya-5200m2-plovdiv-industrialna-zona---jug/la24661,1.0,2025-06-04 18:03:50.653286,https://www.homes.bg/api/offers??currencyId=1&filterOrderBy=0&locationId=0&typeId=LandAgro,homes.bg,2036,2025-06-04,24661,,,,
"Земеделска земя, 8822m²",,114690.0,EUR,False, продажба,,Варна,с.Слънчево,,,,https://homes.bg/offer/zemya-za-prodazhba/zemedelska-zemya-8822m2-varna-s.slynchevo/la34149,1.0,2025-06-04 18:03:50.653299,https://www.homes.bg/api/offers??currencyId=1&filterOrderBy=0&locationId=0&typeId=LandAgro,homes.bg,2036,2025-06-04,34149,,,,
"Земеделска земя, 10000m²","Категория 3, Нива",85000.0,EUR,False, продажба,,Лясковец,гр.Лясковец,,,,https://homes.bg/offer/zemya-za-prodazhba/zemedelska-zemya-10000m2-lyaskovec-gr.lyaskovec/la22356,2.0,2025-06-04 18:03:50.653312,https://www.homes.bg/api/offers??currencyId=1&filterOrderBy=0&locationId=0&typeId=LandAgro,homes.bg,2036,2025-06-04,22356,,,,
"Земеделска земя, 2270m²",Нива,100300.0,EUR,False, продажба,,Пловдив,с.Марково,,,,https://homes.bg/offer/zemya-za-prodazhba/zemedelska-zemya-2270m2-plovdiv-s.markovo/la34972,1.0,2025-06-04 18:03:50.653325,https://www.homes.bg/api/offers??currencyId=1&filterOrderBy=0&locationId=0&typeId=LandAgro,homes.bg,2036,2025-06-04,34972,,,,
"Земеделска земя, 5556m²",Нива,83340.0,EUR,False, продажба,,Пловдив,кв. Прослав,,,,https://homes.bg/offer/zemya-za-prodazhba/zemedelska-zemya-5556m2-plovdiv-kv.-proslav/la34793,1.0,2025-06-04 18:03:50.653338,https://www.homes.bg/api/offers??currencyId=1&filterOrderBy=0&locationId=0&typeId=LandAgro,homes.bg,2036,2025-06-04,34793,,,,
"Земеделска земя, 3503m²",,88000.0,EUR,False, продажба,,Пловдив, Индустриална зона - Юг,,,,https://homes.bg/offer/zemya-za-prodazhba/zemedelska-zemya-3503m2-plovdiv-industrialna-zona---jug/la35011,1.0,2025-06-04 18:03:50.653349,https://www.homes.bg/api/offers??currencyId=1&filterOrderBy=0&locationId=0&typeId=LandAgro,homes.bg,2036,2025-06-04,35011,,,,
"Земеделска земя, 8498m²","Категория 5, Нива",93478.0,EUR,False, продажба,,Пловдив,с.Царацово,,,,https://homes.bg/offer/zemya-za-prodazhba/zemedelska-zemya-8498m2-plovdiv-s.caracovo/la33783,1.0,2025-06-04 18:03:50.653360,https://www.homes.bg/api/offers??currencyId=1&filterOrderBy=0&locationId=0&typeId=LandAgro,homes.bg,2036,2025-06-04,33783,,,,
"Земеделска земя, 22475m²",Нива,247225.0,EUR,False, продажба,,Пловдив,с.Царацово,,,,https://homes.bg/offer/zemya-za-prodazhba/zemedelska-zemya-22475m2-plovdiv-s.caracovo/la23259,4.0,2025-06-04 18:03:50.653372,https://www.homes.bg/api/offers??currencyId=1&filterOrderBy=0&locationId=0&typeId=LandAgro,homes.bg,2036,2025-06-04,23259,,,,
"Земеделска земя, 1900m²","Категория 4, Нива",35000.0,EUR,False, продажба,,Софийска,гр.Елин Пелин,,,,https://homes.bg/offer/zemya-za-prodazhba/zemedelska-zemya-1900m2-sofijska-gr.elin-pelin/la35008,1.0,2025-06-04 18:03:50.653383,https://www.homes.bg/api/offers??currencyId=1&filterOrderBy=0&locationId=0&typeId=LandAgro,homes.bg,2036,2025-06-04,35008,,,,
"Земеделска земя, 7005m²","Категория 3, Нива",30000.0,ЛЕВА,False, продажба,,Велики Преслав,с.Хан Крум,,,,https://homes.bg/offer/zemya-za-prodazhba/zemedelska-zemya-7005m2-veliki-preslav-s.han-krum/la34433,1.0,2025-06-04 18:03:50.653394,https://www.homes.bg/api/offers??currencyId=1&filterOrderBy=0&locationId=0&typeId=LandAgro,homes.bg,2036,2025-06-04,34433,,,,
"Земеделска земя, 9872m²","Категория 5, Пасище",20000.0,ЛЕВА,False, продажба,,Момчилград,с.Постник,,,,https://homes.bg/offer/zemya-za-prodazhba/zemedelska-zemya-9872m2-momchilgrad-s.postnik/la24296,4.0,2025-06-04 18:03:50.653406,https://www.homes.bg/api/offers??currencyId=1&filterOrderBy=0&locationId=0&typeId=LandAgro,homes.bg,2036,2025-06-04,24296,,,,
"Земеделска земя, 2451m²",Нива,134805.0,EUR,False, продажба,,Пловдив,кв. Беломорски,,,,https://homes.bg/offer/zemya-za-prodazhba/zemedelska-zemya-2451m2-plovdiv-kv.-belomorski/la24456,1.0,2025-06-04 18:03:50.653416,https://www.homes.bg/api/offers??currencyId=1&filterOrderBy=0&locationId=0&typeId=LandAgro,homes.bg,2036,2025-06-04,24456,,,,
"Земеделска земя, 2004m²","Категория 9, Ливада",15000.0,ЛЕВА,False, продажба,,Благоевград,с.Бистрица,,,,https://homes.bg/offer/zemya-za-prodazhba/zemedelska-zemya-2004m2-blagoevgrad-s.bistrica/la35007,8.0,2025-06-04 18:03:50.653430,https://www.homes.bg/api/offers??currencyId=1&filterOrderBy=0&locationId=0&typeId=LandAgro,homes.bg,2036,2025-06-04,35007,,,,
"Земеделска земя, 1516m²","Категория 9, Нива",29000.0,ЛЕВА,False, продажба,,Кърджали,с.Опълченско,,,,https://homes.bg/offer/zemya-za-prodazhba/zemedelska-zemya-1516m2-kyrdzhali-s.opylchensko/la34475,1.0,2025-06-04 18:03:50.653440,https://www.homes.bg/api/offers??currencyId=1&filterOrderBy=0&locationId=0&typeId=LandAgro,homes.bg,2036,2025-06-04,34475,,,,
"Земеделска земя, 1900m²","Категория 5, Лозе",0.0,EUR,False, продажба,,Стралджа,с.Каменец,,,,https://homes.bg/offer/zemya-za-prodazhba/zemedelska-zemya-1900m2-straldzha-s.kamenec/la33943,1.0,2025-06-04 18:03:50.653451,https://www.homes.bg/api/offers??currencyId=1&filterOrderBy=0&locationId=0&typeId=LandAgro,homes.bg,2036,2025-06-04,33943,,,,
"Земеделска земя, 4997m²",,178500.0,EUR,False, продажба,,Благоевград,жк. Струмско,,,,https://homes.bg/offer/zemya-za-prodazhba/zemedelska-zemya-4997m2-blagoevgrad-zhk.-strumsko/la34974,1.0,2025-06-04 18:03:50.653461,https://www.homes.bg/api/offers??currencyId=1&filterOrderBy=0&locationId=0&typeId=LandAgro,homes.bg,2036,2025-06-04,34974,,,,
"Земеделска земя, 6599m²",,84990.0,EUR,False, продажба,,Пловдив,с.Цалапица,,,,https://homes.bg/offer/zemya-za-prodazhba/zemedelska-zemya-6599m2-plovdiv-s.calapica/la24839,1.0,2025-06-04 18:03:50.653471,https://www.homes.bg/api/offers??currencyId=1&filterOrderBy=0&locationId=0&typeId=LandAgro,homes.bg,2036,2025-06-04,24839,,,,
"Земеделска земя, 3399m²","Категория 4, Нива",204000.0,EUR,False, продажба,,Пловдив,с.Белащица,,,,https://homes.bg/offer/zemya-za-prodazhba/zemedelska-zemya-3399m2-plovdiv-s.belashtica/la34832,8.0,2025-06-04 18:03:50.653485,https://www.homes.bg/api/offers??currencyId=1&filterOrderBy=0&locationId=0&typeId=LandAgro,homes.bg,2036,2025-06-04,34832,,,,
"Земеделска земя, 7187m²","Категория 3, Овощна градина",220000.0,EUR,False, продажба,,Пловдив,с.Браниполе,,,,https://homes.bg/offer/zemya-za-prodazhba/zemedelska-zemya-7187m2-plovdiv-s.branipole/la34833,2.0,2025-06-04 18:03:50.653495,https://www.homes.bg/api/offers??currencyId=1&filterOrderBy=0&locationId=0&typeId=LandAgro,homes.bg,2036,2025-06-04,34833,,,,
"Земеделска земя, 2610m²","Категория 3, Лозе",131000.0,EUR,False, продажба,,Пловдив,с.Брестник,,,,https://homes.bg/offer/zemya-za-prodazhba/zemedelska-zemya-2610m2-plovdiv-s.brestnik/la24313,1.0,2025-06-04 18:03:50.653505,https://www.homes.bg/api/offers??currencyId=1&filterOrderBy=0&locationId=0&typeId=LandAgro,homes.bg,2036,2025-06-04,24313,,,,
"Земеделска земя, 5972m²",Друго,179500.0,EUR,False, продажба,,Бургас,гр.Царево,,,,https://homes.bg/offer/zemya-za-prodazhba/zemedelska-zemya-5972m2-burgas-gr.carevo/la24650,7.0,2025-06-04 18:03:50.653519,https://www.homes.bg/api/offers??currencyId=1&filterOrderBy=0&locationId=0&typeId=LandAgro,homes.bg,2036,2025-06-04,24650,,,,
"Земеделска земя, 2289m²",Друго,27500.0,EUR,False, продажба,,Бургас,гр.Ахтопол,,,,https://homes.bg/offer/zemya-za-prodazhba/zemedelska-zemya-2289m2-burgas-gr.ahtopol/la35000,2.0,2025-06-04 18:03:50.653530,https://www.homes.bg/api/offers??currencyId=1&filterOrderBy=0&locationId=0&typeId=LandAgro,homes.bg,2036,2025-06-04,35000,,,,
"Земеделска земя, 2587m²","Категория 10, Нива",38805.0,ЛЕВА,False, продажба,,Разлог,с.Добърско,,,,https://homes.bg/offer/zemya-za-prodazhba/zemedelska-zemya-2587m2-razlog-s.dobyrsko/la34985,9.0,2025-06-04 18:03:50.653543,https://www.homes.bg/api/offers??currencyId=1&filterOrderBy=0&locationId=0&typeId=LandAgro,homes.bg,2036,2025-06-04,34985,,,,
"Земеделска земя, 1895m²",Нива,66325.0,EUR,False, продажба,,Пловдив,с.Брестник,,,,https://homes.bg/offer/zemya-za-prodazhba/zemedelska-zemya-1895m2-plovdiv-s.brestnik/la33562,1.0,2025-06-04 18:03:50.653553,https://www.homes.bg/api/offers??currencyId=1&filterOrderBy=0&locationId=0&typeId=LandAgro,homes.bg,2036,2025-06-04,33562,,,,
"Земеделска земя, 6222m²",Друго,342210.0,EUR,False, продажба,,Пловдив,с.Крумово,,,,https://homes.bg/offer/zemya-za-prodazhba/zemedelska-zemya-6222m2-plovdiv-s.krumovo/la34835,1.0,2025-06-04 18:03:50.653563,https://www.homes.bg/api/offers??currencyId=1&filterOrderBy=0&locationId=0&typeId=LandAgro,homes.bg,2036,2025-06-04,34835,,,,
"Земеделска земя, 5098m²","Категория 9, Лозе",11250.0,EUR,False, продажба,,Кресна,с.Долна Градешница,,,,https://homes.bg/offer/zemya-za-prodazhba/zemedelska-zemya-5098m2-kresna-s.dolna-gradeshnica/la34018,4.0,2025-06-04 18:03:50.653574,https://www.homes.bg/api/offers??currencyId=1&filterOrderBy=0&locationId=0&typeId=LandAgro,homes.bg,2036,2025-06-04,34018,,,,
"Земеделска земя, 3629m²","Категория 9, Нива",90725.0,EUR,False, продажба,,Благоевград, Втора Промишлена Зона,,,,https://homes.bg/offer/zemya-za-prodazhba/zemedelska-zemya-3629m2-blagoevgrad-vtora-promishlena-zona/la24723,4.0,2025-06-04 18:03:50.653586,https://www.homes.bg/api/offers??currencyId=1&filterOrderBy=0&locationId=0&typeId=LandAgro,homes.bg,2036,2025-06-04,24723,,,,
"Земеделска земя, 410m²","Категория 5, Нива",20500.0,EUR,False, продажба,,Благоевград, Втора Промишлена Зона,,,,https://homes.bg/offer/zemya-za-prodazhba/zemedelska-zemya-410m2-blagoevgrad-vtora-promishlena-zona/la24722,2.0,2025-06-04 18:03:50.653600,https://www.homes.bg/api/offers??currencyId=1&filterOrderBy=0&locationId=0&typeId=LandAgro,homes.bg,2036,2025-06-04,24722,,,,
"Земеделска земя, 2439m²","Категория 4, Овощна градина",53700.0,EUR,False, продажба,,Благоевград, Първа Промишлена Зона,,,,https://homes.bg/offer/zemya-za-prodazhba/zemedelska-zemya-2439m2-blagoevgrad-pyrva-promishlena-zona/la34569,3.0,2025-06-04 18:03:50.653612,https://www.homes.bg/api/offers??currencyId=1&filterOrderBy=0&locationId=0&typeId=LandAgro,homes.bg,2036,2025-06-04,34569,,,,
"Земеделска земя, 2214m²","Категория 4, Нива",15500.0,EUR,False, продажба,,Костинброд,гр.Костинброд,,,,https://homes.bg/offer/zemya-za-prodazhba/zemedelska-zemya-2214m2-kostinbrod-gr.kostinbrod/la33467,5.0,2025-06-04 18:03:50.653624,https://www.homes.bg/api/offers??currencyId=1&filterOrderBy=0&locationId=0&typeId=LandAgro,homes.bg,2036,2025-06-04,33467,,,,
"Земеделска земя, 3003m²","Категория 5, Нива",108900.0,EUR,False, продажба,,Благоевград, Първа Промишлена Зона,,,,https://homes.bg/offer/zemya-za-prodazhba/zemedelska-zemya-3003m2-blagoevgrad-pyrva-promishlena-zona/la33611,3.0,2025-06-04 18:03:50.653635,https://www.homes.bg/api/offers??currencyId=1&filterOrderBy=0&locationId=0&typeId=LandAgro,homes.bg,2036,2025-06-04,33611,,,,
"Земеделска земя, 2003m²","Категория 7, Ливада",65000.0,EUR,False, продажба,,Разлог,гр.Разлог,,,,https://homes.bg/offer/zemya-za-prodazhba/zemedelska-zemya-2003m2-razlog-gr.razlog/la24010,6.0,2025-06-04 18:03:50.653647,https://www.homes.bg/api/offers??currencyId=1&filterOrderBy=0&locationId=0&typeId=LandAgro,homes.bg,2036,2025-06-04,24010,,,,
"Земеделска земя, 1000m²","Категория 7, Нива",15000.0,EUR,False, продажба,,Благоевград,с.Дъбрава,,,,https://homes.bg/offer/zemya-za-prodazhba/zemedelska-zemya-1000m2-blagoevgrad-s.dybrava/la34465,3.0,2025-06-04 18:03:50.653658,https://www.homes.bg/api/offers??currencyId=1&filterOrderBy=0&locationId=0&typeId=LandAgro,homes.bg,2036,2025-06-04,34465,,,,
"Земеделска земя, 4560m²",Друго,68400.0,EUR,False, продажба,,Варна,к.к.Камчия,,,,https://homes.bg/offer/zemya-za-prodazhba/zemedelska-zemya-4560m2-varna-k.k.kamchiya/la24968,3.0,2025-06-04 18:03:50.653670,https://www.homes.bg/api/offers??currencyId=1&filterOrderBy=0&locationId=0&typeId=LandAgro,homes.bg,2036,2025-06-04,24968,,,,
"Земеделска земя, 2216m²","Категория 7, Нива",18000.0,ЛЕВА,False, продажба,,Асеновград,гр.Асеновград,,,,https://homes.bg/offer/zemya-za-prodazhba/zemedelska-zemya-2216m2-asenovgrad-gr.asenovgrad/la34085,2.0,2025-06-04 18:03:53.471388,https://www.homes.bg/api/offers??currencyId=1&filterOrderBy=0&locationId=0&typeId=LandAgro,homes.bg,2036,2025-06-04,34085,,,,
"Земеделска земя, 2000m²",Нива,38000.0,EUR,False, продажба,,Пловдив,с.Брестник,,,,https://homes.bg/offer/zemya-za-prodazhba/zemedelska-zemya-2000m2-plovdiv-s.brestnik/la34090,2.0,2025-06-04 18:03:53.471466,https://www.homes.bg/api/offers??currencyId=1&filterOrderBy=0&locationId=0&typeId=LandAgro,homes.bg,2036,2025-06-04,34090,,,,
"Земеделска земя, 14998m²","Категория 4, Нива",39000.0,ЛЕВА,False, продажба,,Варна,с.Блъсково,,,,https://homes.bg/offer/zemya-za-prodazhba/zemedelska-zemya-14998m2-varna-s.blyskovo/la34986,1.0,2025-06-04 18:03:53.471485,https://www.homes.bg/api/offers??currencyId=1&filterOrderBy=0&locationId=0&typeId=LandAgro,homes.bg,2036,2025-06-04,34986,,,,
"Земеделска земя, 1000m²",Гора,35000.0,EUR,False, продажба,,Созопол,гр.Созопол,,,,https://homes.bg/offer/zemya-za-prodazhba/zemedelska-zemya-1000m2-sozopol-gr.sozopol/la21718,1.0,2025-06-04 18:03:53.471501,https://www.homes.bg/api/offers??currencyId=1&filterOrderBy=0&locationId=0&typeId=LandAgro,homes.bg,2036,2025-06-04,21718,,,,
"Земеделска земя, 2915m²","Категория 4, Пасище",58300.0,EUR,False, продажба,,Созопол,с.Равадиново,,,,https://homes.bg/offer/zemya-za-prodazhba/zemedelska-zemya-2915m2-sozopol-s.ravadinovo/la21717,1.0,2025-06-04 18:03:53.471515,https://www.homes.bg/api/offers??currencyId=1&filterOrderBy=0&locationId=0&typeId=LandAgro,homes.bg,2036,2025-06-04,21717,,,,
"Земеделска земя, 3175m²","Категория 10, Нива",63500.0,EUR,False, продажба,,Созопол,с.Равадиново,,,,https://homes.bg/offer/zemya-za-prodazhba/zemedelska-zemya-3175m2-sozopol-s.ravadinovo/la21716,1.0,2025-06-04 18:03:53.471530,https://www.homes.bg/api/offers??currencyId=1&filterOrderBy=0&locationId=0&typeId=LandAgro,homes.bg,2036,2025-06-04,21716,,,,
"Земеделска земя, 6751m²","Категория 3, Нива",35000.0,EUR,False, продажба,,Плевен,с.Опанец,,,,https://homes.bg/offer/zemya-za-prodazhba/zemedelska-zemya-6751m2-pleven-s.opanec/la34977,3.0,2025-06-04 18:03:53.471545,https://www.homes.bg/api/offers??currencyId=1&filterOrderBy=0&locationId=0&typeId=LandAgro,homes.bg,2036,2025-06-04,34977,,,,
"Земеделска земя, 3203m²",Нива,112105.0,EUR,False, продажба,,Пловдив, Индустриална зона - Юг,,,,https://homes.bg/offer/zemya-za-prodazhba/zemedelska-zemya-3203m2-plovdiv-industrialna-zona---jug/la34973,1.0,2025-06-04 18:03:53.471559,https://www.homes.bg/api/offers??currencyId=1&filterOrderBy=0&locationId=0&typeId=LandAgro,homes.bg,2036,2025-06-04,34973,,,,
"Земеделска земя, 6300m²",Друго,114000.0,EUR,False, продажба,,Добрич,с.Кранево,,,,https://homes.bg/offer/zemya-za-prodazhba/zemedelska-zemya-6300m2-dobrich-s.kranevo/la34868,1.0,2025-06-04 18:03:53.471572,https://www.homes.bg/api/offers??currencyId=1&filterOrderBy=0&locationId=0&typeId=LandAgro,homes.bg,2036,2025-06-04,34868,,,,
"Земеделска земя, 5042m²","Категория 1, Нива",22000.0,EUR,False, продажба,,Поморие,с.Лъка,,,,https://homes.bg/offer/zemya-za-prodazhba/zemedelska-zemya-5042m2-pomorie-s.lyka/la34984,3.0,2025-06-04 18:03:53.471586,https://www.homes.bg/api/offers??currencyId=1&filterOrderBy=0&locationId=0&typeId=LandAgro,homes.bg,2036,2025-06-04,34984,,,,
"Земеделска земя, 46161m²",Друго,115402.0,EUR,False, продажба,,Пловдив,гр.Съединение,,,,https://homes.bg/offer/zemya-za-prodazhba/zemedelska-zemya-46161m2-plovdiv-gr.syedinenie/la22992,1.0,2025-06-04 18:03:53.471608,https://www.homes.bg/api/offers??currencyId=1&filterOrderBy=0&locationId=0&typeId=LandAgro,homes.bg,2036,2025-06-04,22992,,,,
"Земеделска земя, 12497m²","Категория 4, Нива",643596.0,EUR,False, продажба,,Пловдив,жк Южен,,,,https://homes.bg/offer/zemya-za-prodazhba/zemedelska-zemya-12497m2-plovdiv-zhk-juzhen/la34882,1.0,2025-06-04 18:03:53.471623,https://www.homes.bg/api/offers??currencyId=1&filterOrderBy=0&locationId=0&typeId=LandAgro,homes.bg,2036,2025-06-04,34882,,,,
"Земеделска земя, 4780m²","Категория 3, Нива",210000.0,ЛЕВА,False, продажба,,Монтана,жк. Жеравица,,,,https://homes.bg/offer/zemya-za-prodazhba/zemedelska-zemya-4780m2-montana-zhk.-zheravica/la33717,0.0,2025-06-04 18:03:53.471633,https://www.homes.bg/api/offers??currencyId=1&filterOrderBy=0&locationId=0&typeId=LandAgro,homes.bg,2036,2025-06-04,33717,,,,
"Земеделска земя, 599m²",,18000.0,EUR,False, продажба,,Софийска,с.Хераково,,,,https://homes.bg/offer/zemya-za-prodazhba/zemedelska-zemya-599m2-sofijska-s.herakovo/la34981,2.0,2025-06-04 18:03:53.471645,https://www.homes.bg/api/offers??currencyId=1&filterOrderBy=0&locationId=0&typeId=LandAgro,homes.bg,2036,2025-06-04,34981,,,,
"Земеделска земя, 6898m²",,138000.0,EUR,False, продажба,,Софийска,с.Храбърско,,,,https://homes.bg/offer/zemya-za-prodazhba/zemedelska-zemya-6898m2-sofijska-s.hrabyrsko/la34548,1.0,2025-06-04 18:03:53.471656,https://www.homes.bg/api/offers??currencyId=1&filterOrderBy=0&locationId=0&typeId=LandAgro,homes.bg,2036,2025-06-04,34548,,,,
"Земеделска земя, 6763m²",,34000.0,EUR,False, продажба,,Софийска,с.Хераково,,,,https://homes.bg/offer/zemya-za-prodazhba/zemedelska-zemya-6763m2-sofijska-s.herakovo/la34979,2.0,2025-06-04 18:03:53.471667,https://www.homes.bg/api/offers??currencyId=1&filterOrderBy=0&locationId=0&typeId=LandAgro,homes.bg,2036,2025-06-04,34979,,,,
"Земеделска земя, 3002m²",,36000.0,EUR,False, продажба,,Софийска,с.Хераково,,,,https://homes.bg/offer/zemya-za-prodazhba/zemedelska-zemya-3002m2-sofijska-s.herakovo/la34983,2.0,2025-06-04 18:03:53.471678,https://www.homes.bg/api/offers??currencyId=1&filterOrderBy=0&locationId=0&typeId=LandAgro,homes.bg,2036,2025-06-04,34983,,,,
"Земеделска земя, 796m²",,28000.0,EUR,False, продажба,,Софийска,с.Хераково,,,,https://homes.bg/offer/zemya-za-prodazhba/zemedelska-zemya-796m2-sofijska-s.herakovo/la34982,2.0,2025-06-04 18:03:53.471689,https://www.homes.bg/api/offers??currencyId=1&filterOrderBy=0&locationId=0&typeId=LandAgro,homes.bg,2036,2025-06-04,34982,,,,
"Земеделска земя, 900m²",,45000.0,EUR,False, продажба,,Софийска,с.Хераково,,,,https://homes.bg/offer/zemya-za-prodazhba/zemedelska-zemya-900m2-sofijska-s.herakovo/la34980,2.0,2025-06-04 18:03:53.471729,https://www.homes.bg/api/offers??currencyId=1&filterOrderBy=0&locationId=0&typeId=LandAgro,homes.bg,2036,2025-06-04,34980,,,,
"Земеделска земя, 11182m²",,78274.0,EUR,False, продажба,,Велико Търново,с.Балван,,,,https://homes.bg/offer/zemya-za-prodazhba/zemedelska-zemya-11182m2-veliko-tyrnovo-s.balvan/la21735,2.0,2025-06-04 18:03:53.471741,https://www.homes.bg/api/offers??currencyId=1&filterOrderBy=0&locationId=0&typeId=LandAgro,homes.bg,2036,2025-06-04,21735,,,,
"Земеделска земя, 500m²",,30000.0,EUR,False, продажба,,Благоевград,с.Еленово,,,,https://homes.bg/offer/zemya-za-prodazhba/zemedelska-zemya-500m2-blagoevgrad-s.elenovo/la33678,1.0,2025-06-04 18:03:53.471753,https://www.homes.bg/api/offers??currencyId=1&filterOrderBy=0&locationId=0&typeId=LandAgro,homes.bg,2036,2025-06-04,33678,,,,
"Земеделска земя, 20157m²","Категория 3, Нива",125000.0,EUR,False, продажба,,Велико Търново,с.Шемшево,,,,https://homes.bg/offer/zemya-za-prodazhba/zemedelska-zemya-20157m2-veliko-tyrnovo-s.shemshevo/la34970,0.0,2025-06-04 18:03:53.471764,https://www.homes.bg/api/offers??currencyId=1&filterOrderBy=0&locationId=0&typeId=LandAgro,homes.bg,2036,2025-06-04,34970,,,,
"Земеделска земя, 1000m²","Категория 6, Нива",8000.0,ЛЕВА,False, продажба,,Благоевград,с.Логодаж,,,,https://homes.bg/offer/zemya-za-prodazhba/zemedelska-zemya-1000m2-blagoevgrad-s.logodazh/la21840,6.0,2025-06-04 18:03:53.471776,https://www.homes.bg/api/offers??currencyId=1&filterOrderBy=0&locationId=0&typeId=LandAgro,homes.bg,2036,2025-06-04,21840,,,,
"Земеделска земя, 10081m²","Категория 7, Нива",82700.0,ЛЕВА,False, продажба,,Благоевград,жк. Еленово,,,,https://homes.bg/offer/zemya-za-prodazhba/zemedelska-zemya-10081m2-blagoevgrad-zhk.-elenovo/la22015,1.0,2025-06-04 18:03:53.471787,https://www.homes.bg/api/offers??currencyId=1&filterOrderBy=0&locationId=0&typeId=LandAgro,homes.bg,2036,2025-06-04,22015,,,,
"Земеделска земя, 2001m²","Категория 7, Ливада",40000.0,ЛЕВА,False, продажба,,Симитли,с.Черниче,,,,https://homes.bg/offer/zemya-za-prodazhba/zemedelska-zemya-2001m2-simitli-s.cherniche/la22875,4.0,2025-06-04 18:03:53.471800,https://www.homes.bg/api/offers??currencyId=1&filterOrderBy=0&locationId=0&typeId=LandAgro,homes.bg,2036,2025-06-04,22875,,,,
"Земеделска земя, 1333m²","Категория 10, Овощна градина",93310.0,ЛЕВА,False, продажба,,Благоевград,жк. Еленово,,,,https://homes.bg/offer/zemya-za-prodazhba/zemedelska-zemya-1333m2-blagoevgrad-zhk.-elenovo/la21642,4.0,2025-06-04 18:03:53.471813,https://www.homes.bg/api/offers??currencyId=1&filterOrderBy=0&locationId=0&typeId=LandAgro,homes.bg,2036,2025-06-04,21642,,,,
"Земеделска земя, 1000m²","Категория 6, Нива",30600.0,EUR,False, продажба,,Благоевград,с.Българчево,,,,https://homes.bg/offer/zemya-za-prodazhba/zemedelska-zemya-1000m2-blagoevgrad-s.bylgarchevo/la24644,4.0,2025-06-04 18:03:53.471826,https://www.homes.bg/api/offers??currencyId=1&filterOrderBy=0&locationId=0&typeId=LandAgro,homes.bg,2036,2025-06-04,24644,,,,
"Земеделска земя, 1625m²","Категория 7, Нива",67500.0,ЛЕВА,False, продажба,,Благоевград, Втора Промишлена Зона,,,,https://homes.bg/offer/zemya-za-prodazhba/zemedelska-zemya-1625m2-blagoevgrad-vtora-promishlena-zona/la24509,3.0,2025-06-04 18:03:53.471837,https://www.homes.bg/api/offers??currencyId=1&filterOrderBy=0&locationId=0&typeId=LandAgro,homes.bg,2036,2025-06-04,24509,,,,
"Земеделска земя, 2063m²","Категория 9, Ливада",20630.0,ЛЕВА,False, продажба,,Благоевград,жк. Еленово,,,,https://homes.bg/offer/zemya-za-prodazhba/zemedelska-zemya-2063m2-blagoevgrad-zhk.-elenovo/la21645,5.0,2025-06-04 18:03:53.471853,https://www.homes.bg/api/offers??currencyId=1&filterOrderBy=0&locationId=0&typeId=LandAgro,homes.bg,2036,2025-06-04,21645,,,,
"Земеделска земя, 1001m²","Категория 2, Нива",20000.0,EUR,False, продажба,,Благоевград,жк. Баларбаши,,,,https://homes.bg/offer/zemya-za-prodazhba/zemedelska-zemya-1001m2-blagoevgrad-zhk.-balarbashi/la20459,6.0,2025-06-04 18:03:53.471867,https://www.homes.bg/api/offers??currencyId=1&filterOrderBy=0&locationId=0&typeId=LandAgro,homes.bg,2036,2025-06-04,20459,,,,
"Земеделска земя, 3400m²","Категория 7, Нива",46000.0,EUR,False, продажба,,Благоевград, Втора Промишлена Зона,,,,https://homes.bg/offer/zemya-za-prodazhba/zemedelska-zemya-3400m2-blagoevgrad-vtora-promishlena-zona/la22869,1.0,2025-06-04 18:03:53.471877,https://www.homes.bg/api/offers??currencyId=1&filterOrderBy=0&locationId=0&typeId=LandAgro,homes.bg,2036,2025-06-04,22869,,,,
"Земеделска земя, 2000m²","Категория 5, Нива",46000.0,EUR,False, продажба,,Благоевград, Втора Промишлена Зона,,,,https://homes.bg/offer/zemya-za-prodazhba/zemedelska-zemya-2000m2-blagoevgrad-vtora-promishlena-zona/la24958,6.0,2025-06-04 18:03:53.471890,https://www.homes.bg/api/offers??currencyId=1&filterOrderBy=0&locationId=0&typeId=LandAgro,homes.bg,2036,2025-06-04,24958,,,,
"Земеделска земя, 97469m²","Категория 8, Друго",487000.0,ЛЕВА,False, продажба,,Рила,гр.Рила,,,,https://homes.bg/offer/zemya-za-prodazhba/zemedelska-zemya-97469m2-rila-gr.rila/la24235,1.0,2025-06-04 18:03:53.471902,https://www.homes.bg/api/offers??currencyId=1&filterOrderBy=0&locationId=0&typeId=LandAgro,homes.bg,2036,2025-06-04,24235,,,,
"Земеделска земя, 4000m²","Категория 5, Нива",60000.0,ЛЕВА,False, продажба,,Благоевград, Втора Промишлена Зона,,,,https://homes.bg/offer/zemya-za-prodazhba/zemedelska-zemya-4000m2-blagoevgrad-vtora-promishlena-zona/la24561,4.0,2025-06-04 18:03:53.471915,https://www.homes.bg/api/offers??currencyId=1&filterOrderBy=0&locationId=0&typeId=LandAgro,homes.bg,2036,2025-06-04,24561,,,,
"Земеделска земя, 3006m²",,60120.0,ЛЕВА,False, продажба,,Благоевград,жк. Струмско,,,,https://homes.bg/offer/zemya-za-prodazhba/zemedelska-zemya-3006m2-blagoevgrad-zhk.-strumsko/la21278,1.0,2025-06-04 18:03:53.471926,https://www.homes.bg/api/offers??currencyId=1&filterOrderBy=0&locationId=0&typeId=LandAgro,homes.bg,2036,2025-06-04,21278,,,,
"Земеделска земя, 1764m²",Друго,105840.0,EUR,False, продажба,,София -,с.Мрамор,,,,https://homes.bg/offer/zemya-za-prodazhba/zemedelska-zemya-1764m2-sofiya---grad-s.mramor/la34637,2.0,2025-06-04 18:03:53.471939,https://www.homes.bg/api/offers??currencyId=1&filterOrderBy=0&locationId=0&typeId=LandAgro,homes.bg,2036,2025-06-04,34637,,,,
"Земеделска земя, 3599m²",Друго,89975.0,EUR,False, продажба,,София -,с.Иваняне,,,,https://homes.bg/offer/zemya-za-prodazhba/zemedelska-zemya-3599m2-sofiya---grad-s.ivanyane/la34461,1.0,2025-06-04 18:03:53.471951,https://www.homes.bg/api/offers??currencyId=1&filterOrderBy=0&locationId=0&typeId=LandAgro,homes.bg,2036,2025-06-04,34461,,,,
"Земеделска земя, 135000m²",Друго,176000.0,EUR,False, продажба,,Видин,гр.Димово,,,,https://homes.bg/offer/zemya-za-prodazhba/zemedelska-zemya-135000m2-vidin-gr.dimovo/la34741,5.0,2025-06-04 18:03:53.471965,https://www.homes.bg/api/offers??currencyId=1&filterOrderBy=0&locationId=0&typeId=LandAgro,homes.bg,2036,2025-06-04,34741,,,,
"Земеделска земя, 8400m²",Друго,126000.0,EUR,False, продажба,,Варна,Варна,,,,https://homes.bg/offer/zemya-za-prodazhba/zemedelska-zemya-8400m2-varna-varna/la34012,1.0,2025-06-04 18:03:53.471976,https://www.homes.bg/api/offers??currencyId=1&filterOrderBy=0&locationId=0&typeId=LandAgro,homes.bg,2036,2025-06-04,34012,,,,
"Земеделска земя, 53000m²",Гора,265000.0,EUR,False, продажба,,Шумен,с.Сушина,,,,https://homes.bg/offer/zemya-za-prodazhba/zemedelska-zemya-53000m2-shumen-s.sushina/la34280,1.0,2025-06-04 18:03:53.471987,https://www.homes.bg/api/offers??currencyId=1&filterOrderBy=0&locationId=0&typeId=LandAgro,homes.bg,2036,2025-06-04,34280,,,,
"Земеделска земя, 854m²",Друго,11000.0,EUR,False, продажба,,Добрич,жк. Дружба 1,,,,https://homes.bg/offer/zemya-za-prodazhba/zemedelska-zemya-854m2-dobrich-zhk.-druzhba-1/la34518,1.0,2025-06-04 18:03:53.471998,https://www.homes.bg/api/offers??currencyId=1&filterOrderBy=0&locationId=0&typeId=LandAgro,homes.bg,2036,2025-06-04,34518,,,,
"Земеделска земя, 2668m²",Друго,75000.0,EUR,False, продажба,,Варна,Варна,,,,https://homes.bg/offer/zemya-za-prodazhba/zemedelska-zemya-2668m2-varna-varna/la24969,2.0,2025-06-04 18:03:53.472009,https://www.homes.bg/api/offers??currencyId=1&filterOrderBy=0&locationId=0&typeId=LandAgro,homes.bg,2036,2025-06-04,24969,,,,
"Земеделска земя, 2600m²","Категория 9, Лозе",45000.0,ЛЕВА,False, продажба,,Асеновград,гр.Асеновград,,,,https://homes.bg/offer/zemya-za-prodazhba/zemedelska-zemya-2600m2-asenovgrad-gr.asenovgrad/la34064,2.0,2025-06-04 18:03:53.472021,https://www.homes.bg/api/offers??currencyId=1&filterOrderBy=0&locationId=0&typeId=LandAgro,homes.bg,2036,2025-06-04,34064,,,,
"Земеделска земя, 10000m²",,20000.0,EUR,False, продажба,,Варна,с.Приселци,,,,https://homes.bg/offer/zemya-za-prodazhba/zemedelska-zemya-10000m2-varna-s.priselci/la34003,1.0,2025-06-04 18:03:53.472032,https://www.homes.bg/api/offers??currencyId=1&filterOrderBy=0&locationId=0&typeId=LandAgro,homes.bg,2036,2025-06-04,34003,,,,
"Земеделска земя, 4006m²",,22200.0,ЛЕВА,False, продажба,,Благоевград,с.Дъбрава,,,,https://homes.bg/offer/zemya-za-prodazhba/zemedelska-zemya-4006m2-blagoevgrad-s.dybrava/la22199,2.0,2025-06-04 18:03:53.472043,https://www.homes.bg/api/offers??currencyId=1&filterOrderBy=0&locationId=0&typeId=LandAgro,homes.bg,2036,2025-06-04,22199,,,,
"Земеделска земя, 6000m²",Гора,170000.0,EUR,False, продажба,,Варна,Варна,,,,https://homes.bg/offer/zemya-za-prodazhba/zemedelska-zemya-6000m2-varna-varna/la34934,3.0,2025-06-04 18:03:53.472055,https://www.homes.bg/api/offers??currencyId=1&filterOrderBy=0&locationId=0&typeId=LandAgro,homes.bg,2036,2025-06-04,34934,,,,
"Земеделска земя, 4569m²",Друго,182760.0,EUR,False, продажба,,София -,с.Локорско,,,,https://homes.bg/offer/zemya-za-prodazhba/zemedelska-zemya-4569m2-sofiya---grad-s.lokorsko/la34418,4.0,2025-06-04 18:03:53.472070,https://www.homes.bg/api/offers??currencyId=1&filterOrderBy=0&locationId=0&typeId=LandAgro,homes.bg,2036,2025-06-04,34418,,,,
"Земеделска земя, 2839m²","Категория 8, Нива",127755.0,EUR,False, продажба,,Благоевград,с.Изгрев,,,,https://homes.bg/offer/zemya-za-prodazhba/zemedelska-zemya-2839m2-blagoevgrad-s.izgrev/la34969,4.0,2025-06-04 18:03:53.472083,https://www.homes.bg/api/offers??currencyId=1&filterOrderBy=0&locationId=0&typeId=LandAgro,homes.bg,2036,2025-06-04,34969,,,,
"Земеделска земя, 4006m²","Категория 7, Нива",22200.0,ЛЕВА,False, продажба,,Благоевград,с.Дъбрава,,,,https://homes.bg/offer/zemya-za-prodazhba/zemedelska-zemya-4006m2-blagoevgrad-s.dybrava/la22158,1.0,2025-06-04 18:03:53.472093,https://www.homes.bg/api/offers??currencyId=1&filterOrderBy=0&locationId=0&typeId=LandAgro,homes.bg,2036,2025-06-04,22158,,,,
"Земеделска земя, 2500m²",Нива,75000.0,EUR,False, продажба,,София, Нови Искър,,,,https://homes.bg/offer/zemya-za-prodazhba/zemedelska-zemya-2500m2-sofiya-novi-iskyr/la34966,2.0,2025-06-04 18:03:53.472104,https://www.homes.bg/api/offers??currencyId=1&filterOrderBy=0&locationId=0&typeId=LandAgro,homes.bg,2036,2025-06-04,34966,,,,
"Земеделска земя, 4999m²","Категория 5, Нива",149970.0,EUR,False, продажба,,София, Нови Искър,,,,https://homes.bg/offer/zemya-za-prodazhba/zemedelska-zemya-4999m2-sofiya-novi-iskyr/la34968,2.0,2025-06-04 18:03:53.472115,https://www.homes.bg/api/offers??currencyId=1&filterOrderBy=0&locationId=0&typeId=LandAgro,homes.bg,2036,2025-06-04,34968,,,,
"Земеделска земя, 4198m²","Категория 5, Нива",125940.0,EUR,False, продажба,,София, Нови Искър,,,,https://homes.bg/offer/zemya-za-prodazhba/zemedelska-zemya-4198m2-sofiya-novi-iskyr/la34967,2.0,2025-06-04 18:03:53.472126,https://www.homes.bg/api/offers??currencyId=1&filterOrderBy=0&locationId=0&typeId=LandAgro,homes.bg,2036,2025-06-04,34967,,,,
"Земеделска земя, 1496m²","Категория 8, Нива",44880.0,EUR,False, продажба,,София, Нови Искър,,,,https://homes.bg/offer/zemya-za-prodazhba/zemedelska-zemya-1496m2-sofiya-novi-iskyr/la34964,2.0,2025-06-04 18:03:53.472137,https://www.homes.bg/api/offers??currencyId=1&filterOrderBy=0&locationId=0&typeId=LandAgro,homes.bg,2036,2025-06-04,34964,,,,
"Земеделска земя, 5198m²","Категория 8, Нива",155940.0,EUR,False, продажба,,София, Нови Искър,,,,https://homes.bg/offer/zemya-za-prodazhba/zemedelska-zemya-5198m2-sofiya-novi-iskyr/la34965,2.0,2025-06-04 18:03:53.472148,https://www.homes.bg/api/offers??currencyId=1&filterOrderBy=0&locationId=0&typeId=LandAgro,homes.bg,2036,2025-06-04,34965,,,,
"Земеделска земя, 2703m²",Нива,19700.0,EUR,False, продажба,,Пловдив,гр.Кричим,,,,https://homes.bg/offer/zemya-za-prodazhba/zemedelska-zemya-2703m2-plovdiv-gr.krichim/la34954,1.0,2025-06-04 18:03:53.472159,https://www.homes.bg/api/offers??currencyId=1&filterOrderBy=0&locationId=0&typeId=LandAgro,homes.bg,2036,2025-06-04,34954,,,,
"Земеделска земя, 22256m²",Друго,667680.0,EUR,False, продажба,,Бургас,жк. Изгрев,,,,https://homes.bg/offer/zemya-za-prodazhba/zemedelska-zemya-22256m2-burgas-zhk.-izgrev/la34568,2.0,2025-06-04 18:03:53.472170,https://www.homes.bg/api/offers??currencyId=1&filterOrderBy=0&locationId=0&typeId=LandAgro,homes.bg,2036,2025-06-04,34568,,,,
"Земеделска земя, 14998m²",Друго,89988.0,EUR,False, продажба,,Бургас,с.Росен,,,,https://homes.bg/offer/zemya-za-prodazhba/zemedelska-zemya-14998m2-burgas-s.rosen/la34575,3.0,2025-06-04 18:03:53.472181,https://www.homes.bg/api/offers??currencyId=1&filterOrderBy=0&locationId=0&typeId=LandAgro,homes.bg,2036,2025-06-04,34575,,,,
"Земеделска земя, 3923m²","Категория 4, Друго",10000.0,ЛЕВА,False, продажба,,Созопол,с.Равадиново,,,,https://homes.bg/offer/zemya-za-prodazhba/zemedelska-zemya-3923m2-sozopol-s.ravadinovo/la34963,0.0,2025-06-04 18:03:53.472191,https://www.homes.bg/api/offers??currencyId=1&filterOrderBy=0&locationId=0&typeId=LandAgro,homes.bg,2036,2025-06-04,34963,,,,
"Земеделска земя, 2100m²","Категория 8, Нива",7200.0,EUR,False, продажба,,Стамболийски,гр.Стамболийски,,,,https://homes.bg/offer/zemya-za-prodazhba/zemedelska-zemya-2100m2-stambolijski-gr.stambolijski/la33841,4.0,2025-06-04 18:03:53.472203,https://www.homes.bg/api/offers??currencyId=1&filterOrderBy=0&locationId=0&typeId=LandAgro,homes.bg,2036,2025-06-04,33841,,,,
"Земеделска земя, 1800m²","Категория 3, Овощна градина",41000.0,ЛЕВА,False, продажба,,Стамболийски,гр.Стамболийски,,,,https://homes.bg/offer/zemya-za-prodazhba/zemedelska-zemya-1800m2-stambolijski-gr.stambolijski/la21526,0.0,2025-06-04 18:03:53.472213,https://www.homes.bg/api/offers??currencyId=1&filterOrderBy=0&locationId=0&typeId=LandAgro,homes.bg,2036,2025-06-04,21526,,,,
"Земеделска земя, 3400m²",Овощна градина,41300.0,EUR,False, продажба,,Стамболийски,гр.Стамболийски,,,,https://homes.bg/offer/zemya-za-prodazhba/zemedelska-zemya-3400m2-stambolijski-gr.stambolijski/la33805,3.0,2025-06-04 18:03:53.472225,https://www.homes.bg/api/offers??currencyId=1&filterOrderBy=0&locationId=0&typeId=LandAgro,homes.bg,2036,2025-06-04,33805,,,,
"Земеделска земя, 2800m²","Категория 4, Лозе",8300.0,ЛЕВА,False, продажба,,Перущица,гр.Перущица,,,,https://homes.bg/offer/zemya-za-prodazhba/zemedelska-zemya-2800m2-perushtica-gr.perushtica/la33921,5.0,2025-06-04 18:03:53.472238,https://www.homes.bg/api/offers??currencyId=1&filterOrderBy=0&locationId=0&typeId=LandAgro,homes.bg,2036,2025-06-04,33921,,,,
"Земеделска земя, 2800m²","Категория 4, Лозе",8300.0,ЛЕВА,False, продажба,,Перущица,гр.Перущица,,,,https://homes.bg/offer/zemya-za-prodazhba/zemedelska-zemya-2800m2-perushtica-gr.perushtica/la33922,5.0,2025-06-04 18:03:53.472250,https://www.homes.bg/api/offers??currencyId=1&filterOrderBy=0&locationId=0&typeId=LandAgro,homes.bg,2036,2025-06-04,33922,,,,
"Земеделска земя, 30000m²","Категория 8, Овощна градина",85000.0,ЛЕВА,False, продажба,,Перущица,гр.Перущица,,,,https://homes.bg/offer/zemya-za-prodazhba/zemedelska-zemya-30000m2-perushtica-gr.perushtica/la24706,0.0,2025-06-04 18:03:53.472261,https://www.homes.bg/api/offers??currencyId=1&filterOrderBy=0&locationId=0&typeId=LandAgro,homes.bg,2036,2025-06-04,24706,,,,
"Земеделска земя, 57000m²",,128440.0,EUR,False, продажба,,Поморие,с.Бата,,,,https://homes.bg/offer/zemya-za-prodazhba/zemedelska-zemya-57000m2-pomorie-s.bata/la24139,3.0,2025-06-04 18:03:53.472280,https://www.homes.bg/api/offers??currencyId=1&filterOrderBy=0&locationId=0&typeId=LandAgro,homes.bg,2036,2025-06-04,24139,,,,
"Земеделска земя, 102915m²",Гора,33240.0,EUR,False, продажба,,Софийска,с.Искрец,,,,https://homes.bg/offer/zemya-za-prodazhba/zemedelska-zemya-102915m2-sofijska-s.iskrec/la34276,3.0,2025-06-04 18:03:53.472293,https://www.homes.bg/api/offers??currencyId=1&filterOrderBy=0&locationId=0&typeId=LandAgro,homes.bg,2036,2025-06-04,34276,,,,
"Земеделска земя, 4126m²",,20000.0,EUR,False, продажба,,Благоевград,гр.Симитли,,,,https://homes.bg/offer/zemya-za-prodazhba/zemedelska-zemya-4126m2-blagoevgrad-gr.simitli/la34955,6.0,2025-06-04 18:03:53.472306,https://www.homes.bg/api/offers??currencyId=1&filterOrderBy=0&locationId=0&typeId=LandAgro,homes.bg,2036,2025-06-04,34955,,,,
"Земеделска земя, 4502m²","Категория 3, Нива",95000.0,EUR,False, продажба,,Пловдив,с.Брестник,,,,https://homes.bg/offer/zemya-za-prodazhba/zemedelska-zemya-4502m2-plovdiv-s.brestnik/la34901,2.0,2025-06-04 18:03:53.472318,https://www.homes.bg/api/offers??currencyId=1&filterOrderBy=0&locationId=0&typeId=LandAgro,homes.bg,2036,2025-06-04,34901,,,,
"Земеделска земя, 4999m²","Категория 5, Нива",99980.0,EUR,False, продажба,,Пловдив,с.Царацово,,,,https://homes.bg/offer/zemya-za-prodazhba/zemedelska-zemya-4999m2-plovdiv-s.caracovo/la25103,2.0,2025-06-04 18:03:53.472328,https://www.homes.bg/api/offers??currencyId=1&filterOrderBy=0&locationId=0&typeId=LandAgro,homes.bg,2036,2025-06-04,25103,,,,
"Земеделска земя, 6970m²",Нива,113250.0,EUR,False, продажба,,Пловдив,с.Крумово,,,,https://homes.bg/offer/zemya-za-prodazhba/zemedelska-zemya-6970m2-plovdiv-s.krumovo/la34946,3.0,2025-06-04 18:03:53.472340,https://www.homes.bg/api/offers??currencyId=1&filterOrderBy=0&locationId=0&typeId=LandAgro,homes.bg,2036,2025-06-04,34946,,,,
"Земеделска земя, 5000m²","Категория 3, Нива",60000.0,EUR,False, продажба,,Бургас, Северна Промишлена Зона,,,,https://homes.bg/offer/zemya-za-prodazhba/zemedelska-zemya-5000m2-burgas-severna-promishlena-zona/la34945,0.0,2025-06-04 18:03:53.472351,https://www.homes.bg/api/offers??currencyId=1&filterOrderBy=0&locationId=0&typeId=LandAgro,homes.bg,2036,2025-06-04,34945,,,,
"Земеделска земя, 1500m²",Друго,215000.0,EUR,False, продажба,,София -,с.Казичене,,,,https://homes.bg/offer/zemya-za-prodazhba/zemedelska-zemya-1500m2-sofiya---grad-s.kazichene/la34374,1.0,2025-06-04 18:03:53.472365,https://www.homes.bg/api/offers??currencyId=1&filterOrderBy=0&locationId=0&typeId=LandAgro,homes.bg,2036,2025-06-04,34374,,,,
"Земеделска земя, 3750m²",Нива,190000.0,EUR,False, продажба,,Пловдив,кв. Коматево,,,,https://homes.bg/offer/zemya-za-prodazhba/zemedelska-zemya-3750m2-plovdiv-kv.-komatevo/la34940,1.0,2025-06-04 18:03:53.472379,https://www.homes.bg/api/offers??currencyId=1&filterOrderBy=0&locationId=0&typeId=LandAgro,homes.bg,2036,2025-06-04,34940,,,,
"Земеделска земя, 13333m²",,22000.0,EUR,False, продажба,,Крушари,с.Полковник-Дяково,,,,https://homes.bg/offer/zemya-za-prodazhba/zemedelska-zemya-13333m2-krushari-s.polkovnik-dyakovo/la34917,0.0,2025-06-04 18:03:53.472390,https://www.homes.bg/api/offers??currencyId=1&filterOrderBy=0&locationId=0&typeId=LandAgro,homes.bg,2036,2025-06-04,34917,,,,
"Земеделска земя, 12499m²",,26000.0,EUR,False, продажба,,Добрич-селска,с.Карапелит,,,,https://homes.bg/offer/zemya-za-prodazhba/zemedelska-zemya-12499m2-dobrich-selska-s.karapelit/la34820,1.0,2025-06-04 18:03:53.472401,https://www.homes.bg/api/offers??currencyId=1&filterOrderBy=0&locationId=0&typeId=LandAgro,homes.bg,2036,2025-06-04,34820,,,,
"Земеделска земя, 8996m²",,40000.0,EUR,False, продажба,,Варна,с.Близнаци,,,,https://homes.bg/offer/zemya-za-prodazhba/zemedelska-zemya-8996m2-varna-s.bliznaci/la34004,1.0,2025-06-04 18:03:53.472412,https://www.homes.bg/api/offers??currencyId=1&filterOrderBy=0&locationId=0&typeId=LandAgro,homes.bg,2036,2025-06-04,34004,,,,
"Земеделска земя, 6443m²",,15000.0,EUR,False, продажба,,Варна,с.Близнаци,,,,https://homes.bg/offer/zemya-za-prodazhba/zemedelska-zemya-6443m2-varna-s.bliznaci/la34002,1.0,2025-06-04 18:03:53.472423,https://www.homes.bg/api/offers??currencyId=1&filterOrderBy=0&locationId=0&typeId=LandAgro,homes.bg,2036,2025-06-04,34002,,,,
"Земеделска земя, 3768m²","Категория 4, Лозе",279000.0,EUR,False, продажба,,Бургас,с.Равда,,,,https://homes.bg/offer/zemya-za-prodazhba/zemedelska-zemya-3768m2-burgas-s.ravda/la34268,2.0,2025-06-04 18:03:53.472434,https://www.homes.bg/api/offers??currencyId=1&filterOrderBy=0&locationId=0&typeId=LandAgro,homes.bg,2036,2025-06-04,34268,,,,
"Земеделска земя, 3753m²","Категория 3, Овощна градина",48789.0,ЛЕВА,False, продажба,,Несебър,с.Кошарица,,,,https://homes.bg/offer/zemya-za-prodazhba/zemedelska-zemya-3753m2-nesebyr-s.kosharica/la34939,10.0,2025-06-04 18:03:53.472450,https://www.homes.bg/api/offers??currencyId=1&filterOrderBy=0&locationId=0&typeId=LandAgro,homes.bg,2036,2025-06-04,34939,,,,
"Земеделска земя, 3960m²","Категория 5, Нива",23000.0,EUR,False, продажба,,Кюстендил,с.Жиленци,,,,https://homes.bg/offer/zemya-za-prodazhba/zemedelska-zemya-3960m2-kjustendil-s.zhilenci/la33990,3.0,2025-06-04 18:03:53.472461,https://www.homes.bg/api/offers??currencyId=1&filterOrderBy=0&locationId=0&typeId=LandAgro,homes.bg,2036,2025-06-04,33990,,,,
"Земеделска земя, 3500m²","Категория 4, Ливада",70900.0,EUR,False, продажба,,Велико Търново,с.Присово,,,,https://homes.bg/offer/zemya-za-prodazhba/zemedelska-zemya-3500m2-veliko-tyrnovo-s.prisovo/la24781,9.0,2025-06-04 18:03:53.472476,https://www.homes.bg/api/offers??currencyId=1&filterOrderBy=0&locationId=0&typeId=LandAgro,homes.bg,2036,2025-06-04,24781,,,,
"Земеделска земя, 3250m²",Нива,183999.0,EUR,False, продажба,,Пловдив,с.Браниполе,,,,https://homes.bg/offer/zemya-za-prodazhba/zemedelska-zemya-3250m2-plovdiv-s.branipole/la34933,1.0,2025-06-04 18:03:53.472487,https://www.homes.bg/api/offers??currencyId=1&filterOrderBy=0&locationId=0&typeId=LandAgro,homes.bg,2036,2025-06-04,34933,,,,
"Земеделска земя, 4051m²",Друго,272787.0,EUR,False, продажба,,София -,с.Иваняне,,,,https://homes.bg/offer/zemya-za-prodazhba/zemedelska-zemya-4051m2-sofiya---grad-s.ivanyane/la34919,3.0,2025-06-04 18:03:53.472500,https://www.homes.bg/api/offers??currencyId=1&filterOrderBy=0&locationId=0&typeId=LandAgro,homes.bg,2036,2025-06-04,34919,,,,
"Земеделска земя, 6303m²",Друго,489743.0,EUR,False, продажба,,София -,с.Иваняне,,,,https://homes.bg/offer/zemya-za-prodazhba/zemedelska-zemya-6303m2-sofiya---grad-s.ivanyane/la34684,2.0,2025-06-04 18:03:53.472512,https://www.homes.bg/api/offers??currencyId=1&filterOrderBy=0&locationId=0&typeId=LandAgro,homes.bg,2036,2025-06-04,34684,,,,
"Земеделска земя, 2710m²",Нива,108000.0,EUR,False, продажба,,Пловдив,с.Скутаре,,,,https://homes.bg/offer/zemya-za-prodazhba/zemedelska-zemya-2710m2-plovdiv-s.skutare/la34931,1.0,2025-06-04 18:03:53.472522,https://www.homes.bg/api/offers??currencyId=1&filterOrderBy=0&locationId=0&typeId=LandAgro,homes.bg,2036,2025-06-04,34931,,,,
"Земеделска земя, 13106m²",Нива,222802.0,EUR,False, продажба,,Пловдив,с.Костиево,,,,https://homes.bg/offer/zemya-za-prodazhba/zemedelska-zemya-13106m2-plovdiv-s.kostievo/la34930,1.0,2025-06-04 18:03:53.472532,https://www.homes.bg/api/offers??currencyId=1&filterOrderBy=0&locationId=0&typeId=LandAgro,homes.bg,2036,2025-06-04,34930,,,,
"Земеделска земя, 12700m²",,82000.0,EUR,False, продажба,,Велико Търново,с.Леденик,,,,https://homes.bg/offer/zemya-za-prodazhba/zemedelska-zemya-12700m2-veliko-tyrnovo-s.ledenik/la34153,0.0,2025-06-04 18:03:53.472542,https://www.homes.bg/api/offers??currencyId=1&filterOrderBy=0&locationId=0&typeId=LandAgro,homes.bg,2036,2025-06-04,34153,,,,
"Земеделска земя, 3499m²",Друго,63000.0,EUR,False, продажба,,Добрич,с.Кранево,,,,https://homes.bg/offer/zemya-za-prodazhba/zemedelska-zemya-3499m2-dobrich-s.kranevo/la34864,1.0,2025-06-04 18:03:53.472553,https://www.homes.bg/api/offers??currencyId=1&filterOrderBy=0&locationId=0&typeId=LandAgro,homes.bg,2036,2025-06-04,34864,,,,
"Земеделска земя, 4269m²",Друго,168000.0,EUR,False, продажба,,Пловдив, Индустриална зона - Север,,,,https://homes.bg/offer/zemya-za-prodazhba/zemedelska-zemya-4269m2-plovdiv-industrialna-zona---sever/la34926,4.0,2025-06-04 18:03:53.472564,https://www.homes.bg/api/offers??currencyId=1&filterOrderBy=0&locationId=0&typeId=LandAgro,homes.bg,2036,2025-06-04,34926,,,,
"Земеделска земя, 2153m²","Категория 9, Нива",65000.0,EUR,False, продажба,,Банско,гр.Банско,,,,https://homes.bg/offer/zemya-za-prodazhba/zemedelska-zemya-2153m2-bansko-gr.bansko/la34924,8.0,2025-06-04 18:03:53.472578,https://www.homes.bg/api/offers??currencyId=1&filterOrderBy=0&locationId=0&typeId=LandAgro,homes.bg,2036,2025-06-04,34924,,,,
"Земеделска земя, 2047m²","Категория 7, Нива",67000.0,EUR,False, продажба,,Благоевград,с.Дъбрава,,,,https://homes.bg/offer/zemya-za-prodazhba/zemedelska-zemya-2047m2-blagoevgrad-s.dybrava/la34923,7.0,2025-06-04 18:03:53.472591,https://www.homes.bg/api/offers??currencyId=1&filterOrderBy=0&locationId=0&typeId=LandAgro,homes.bg,2036,2025-06-04,34923,,,,
"Земеделска земя, 2517m²",Друго,299900.0,EUR,False, продажба,,София -,с.Мърчаево,,,,https://homes.bg/offer/zemya-za-prodazhba/zemedelska-zemya-2517m2-sofiya---grad-s.myrchaevo/la34376,0.0,2025-06-04 18:03:53.472601,https://www.homes.bg/api/offers??currencyId=1&filterOrderBy=0&locationId=0&typeId=LandAgro,homes.bg,2036,2025-06-04,34376,,,,
"Земеделска земя, 1999m²",Друго,124242.0,EUR,False, продажба,,София -,с.Иваняне,,,,https://homes.bg/offer/zemya-za-prodazhba/zemedelska-zemya-1999m2-sofiya---grad-s.ivanyane/la34920,2.0,2025-06-04 18:03:53.472612,https://www.homes.bg/api/offers??currencyId=1&filterOrderBy=0&locationId=0&typeId=LandAgro,homes.bg,2036,2025-06-04,34920,,,,
"Земеделска земя, 800m²",Друго,49730.0,EUR,False, продажба,,София -,с.Иваняне,,,,https://homes.bg/offer/zemya-za-prodazhba/zemedelska-zemya-800m2-sofiya---grad-s.ivanyane/la34921,3.0,2025-06-04 18:03:53.472624,https://www.homes.bg/api/offers??currencyId=1&filterOrderBy=0&locationId=0&typeId=LandAgro,homes.bg,2036,2025-06-04,34921,,,,
"Земеделска земя, 900m²",Нива,54000.0,ЛЕВА,False, продажба,,Пловдив,с.Катуница,,,,https://homes.bg/offer/zemya-za-prodazhba/zemedelska-zemya-900m2-plovdiv-s.katunica/la34918,2.0,2025-06-04 18:03:53.472635,https://www.homes.bg/api/offers??currencyId=1&filterOrderBy=0&locationId=0&typeId=LandAgro,homes.bg,2036,2025-06-04,34918,,,,
"Земеделска земя, 1098m²",Друго,41000.0,EUR,False, продажба,,Бургас,жк. Меден Рудник,,,,https://homes.bg/offer/zemya-za-prodazhba/zemedelska-zemya-1098m2-burgas-zhk.-meden-rudnik/la34915,0.0,2025-06-04 18:03:53.472644,https://www.homes.bg/api/offers??currencyId=1&filterOrderBy=0&locationId=0&typeId=LandAgro,homes.bg,2036,2025-06-04,34915,,,,
"Земеделска земя, 3920m²","Категория 8, Нива",113052.0,EUR,False, продажба,,Пловдив,с.Първенец,,,,https://homes.bg/offer/zemya-za-prodazhba/zemedelska-zemya-3920m2-plovdiv-s.pyrvenec/la34895,2.0,2025-06-04 18:03:53.472654,https://www.homes.bg/api/offers??currencyId=1&filterOrderBy=0&locationId=0&typeId=LandAgro,homes.bg,2036,2025-06-04,34895,,,,
"Земеделска земя, 4300m²",Нива,73000.0,EUR,False, продажба,,София, Банкя,,,,https://homes.bg/offer/zemya-za-prodazhba/zemedelska-zemya-4300m2-sofiya-bankya/la34916,2.0,2025-06-04 18:03:53.472664,https://www.homes.bg/api/offers??currencyId=1&filterOrderBy=0&locationId=0&typeId=LandAgro,homes.bg,2036,2025-06-04,34916,,,,
"Земеделска земя, 12000m²",Друго,15000.0,EUR,False, продажба,,Бургас,с.Фазаново,,,,https://homes.bg/offer/zemya-za-prodazhba/zemedelska-zemya-12000m2-burgas-s.fazanovo/la34903,6.0,2025-06-04 18:03:53.472677,https://www.homes.bg/api/offers??currencyId=1&filterOrderBy=0&locationId=0&typeId=LandAgro,homes.bg,2036,2025-06-04,34903,,,,
"Земеделска земя, 1318m²",Друго,23725.0,EUR,False, продажба,,Бургас,с.Ахелой,,,,https://homes.bg/offer/zemya-za-prodazhba/zemedelska-zemya-1318m2-burgas-s.aheloj/la25179,4.0,2025-06-04 18:03:53.472688,https://www.homes.bg/api/offers??currencyId=1&filterOrderBy=0&locationId=0&typeId=LandAgro,homes.bg,2036,2025-06-04,25179,,,,
"Земеделска земя, 2000m²",,140000.0,ЛЕВА,False, продажба,,Пловдив,гр.Сопот,,,,https://homes.bg/offer/zemya-za-prodazhba/zemedelska-zemya-2000m2-plovdiv-gr.sopot/la34848,0.0,2025-06-04 18:03:56.288253,https://www.homes.bg/api/offers??currencyId=1&filterOrderBy=0&locationId=0&typeId=LandAgro,homes.bg,2036,2025-06-04,34848,,,,
"Земеделска земя, 3000m²","Категория 4, Нива",180000.0,EUR,False, продажба,,Пловдив,с.Марково,,,,https://homes.bg/offer/zemya-za-prodazhba/zemedelska-zemya-3000m2-plovdiv-s.markovo/la25035,1.0,2025-06-04 18:03:56.288330,https://www.homes.bg/api/offers??currencyId=1&filterOrderBy=0&locationId=0&typeId=LandAgro,homes.bg,2036,2025-06-04,25035,,,,
"Земеделска земя, 4100m²",Друго,102500.0,EUR,False, продажба,,София -,с.Иваняне,,,,https://homes.bg/offer/zemya-za-prodazhba/zemedelska-zemya-4100m2-sofiya---grad-s.ivanyane/la34462,1.0,2025-06-04 18:03:56.288350,https://www.homes.bg/api/offers??currencyId=1&filterOrderBy=0&locationId=0&typeId=LandAgro,homes.bg,2036,2025-06-04,34462,,,,
"Земеделска земя, 4930m²",Друго,34510.0,EUR,False, продажба,,Пловдив,с.Войводиново,,,,https://homes.bg/offer/zemya-za-prodazhba/zemedelska-zemya-4930m2-plovdiv-s.vojvodinovo/la34650,2.0,2025-06-04 18:03:56.288368,https://www.homes.bg/api/offers??currencyId=1&filterOrderBy=0&locationId=0&typeId=LandAgro,homes.bg,2036,2025-06-04,34650,,,,
"Земеделска земя, 24751m²",Друго,175000.0,EUR,False, продажба,,Пловдив,с.Цалапица,,,,https://homes.bg/offer/zemya-za-prodazhba/zemedelska-zemya-24751m2-plovdiv-s.calapica/la34652,1.0,2025-06-04 18:03:56.288385,https://www.homes.bg/api/offers??currencyId=1&filterOrderBy=0&locationId=0&typeId=LandAgro,homes.bg,2036,2025-06-04,34652,,,,
"Земеделска земя, 4330m²","Категория 5, Нива",110000.0,EUR,False, продажба,,Пловдив,с.Цалапица,,,,https://homes.bg/offer/zemya-za-prodazhba/zemedelska-zemya-4330m2-plovdiv-s.calapica/la34171,1.0,2025-06-04 18:03:56.288400,https://www.homes.bg/api/offers??currencyId=1&filterOrderBy=0&locationId=0&typeId=LandAgro,homes.bg,2036,2025-06-04,34171,,,,
"Земеделска земя, 15000m²","Категория 10, Пасище",180000.0,EUR,False, продажба,,Бургас,кв. Долно Езерово,,,,https://homes.bg/offer/zemya-za-prodazhba/zemedelska-zemya-15000m2-burgas-kv.-dolno-ezerovo/la34914,0.0,2025-06-04 18:03:56.288415,https://www.homes.bg/api/offers??currencyId=1&filterOrderBy=0&locationId=0&typeId=LandAgro,homes.bg,2036,2025-06-04,34914,,,,
"Земеделска земя, 3110m²","Категория 7, Пасище",61000.0,EUR,False, продажба,,Пловдив,с.Храбрино,,,,https://homes.bg/offer/zemya-za-prodazhba/zemedelska-zemya-3110m2-plovdiv-s.hrabrino/la34310,3.0,2025-06-04 18:03:56.288431,https://www.homes.bg/api/offers??currencyId=1&filterOrderBy=0&locationId=0&typeId=LandAgro,homes.bg,2036,2025-06-04,34310,,,,
"Земеделска земя, 12800m²","Категория 6, Лозе",38400.0,ЛЕВА,False, продажба,,Септември,с.Виноградец,,,,https://homes.bg/offer/zemya-za-prodazhba/zemedelska-zemya-12800m2-septemvri-s.vinogradec/la34909,1.0,2025-06-04 18:03:56.288445,https://www.homes.bg/api/offers??currencyId=1&filterOrderBy=0&locationId=0&typeId=LandAgro,homes.bg,2036,2025-06-04,34909,,,,
"Земеделска земя, 37235m²",,819170.0,EUR,False, продажба,,Бургас,кв. Долно Езерово,,,,https://homes.bg/offer/zemya-za-prodazhba/zemedelska-zemya-37235m2-burgas-kv.-dolno-ezerovo/la22810,2.0,2025-06-04 18:03:56.288461,https://www.homes.bg/api/offers??currencyId=1&filterOrderBy=0&locationId=0&typeId=LandAgro,homes.bg,2036,2025-06-04,22810,,,,
"Земеделска земя, 1002m²",,17500.0,ЛЕВА,False, продажба,,Кюстендил,с.Стоб,,,,https://homes.bg/offer/zemya-za-prodazhba/zemedelska-zemya-1002m2-kjustendil-s.stob/la24638,1.0,2025-06-04 18:03:56.288475,https://www.homes.bg/api/offers??currencyId=1&filterOrderBy=0&locationId=0&typeId=LandAgro,homes.bg,2036,2025-06-04,24638,,,,
"Земеделска земя, 4741m²",,237050.0,EUR,False, продажба,,София -,с.Негован,,,,https://homes.bg/offer/zemya-za-prodazhba/zemedelska-zemya-4741m2-sofiya---grad-s.negovan/la34397,0.0,2025-06-04 18:03:56.288502,https://www.homes.bg/api/offers??currencyId=1&filterOrderBy=0&locationId=0&typeId=LandAgro,homes.bg,2036,2025-06-04,34397,,,,
"Земеделска земя, 670m²","Категория 5, Лозе",18000.0,ЛЕВА,False, продажба,,Дупница,гр.Дупница,,,,https://homes.bg/offer/zemya-za-prodazhba/zemedelska-zemya-670m2-dupnica-gr.dupnica/la34907,6.0,2025-06-04 18:03:56.288520,https://www.homes.bg/api/offers??currencyId=1&filterOrderBy=0&locationId=0&typeId=LandAgro,homes.bg,2036,2025-06-04,34907,,,,
"Земеделска земя, 14101m²",,98728.0,EUR,False, продажба,,Софийска,гр.Ихтиман,,,,https://homes.bg/offer/zemya-za-prodazhba/zemedelska-zemya-14101m2-sofijska-gr.ihtiman/la33956,3.0,2025-06-04 18:03:56.288536,https://www.homes.bg/api/offers??currencyId=1&filterOrderBy=0&locationId=0&typeId=LandAgro,homes.bg,2036,2025-06-04,33956,,,,
"Земеделска земя, 3000m²",,150000.0,EUR,False, продажба,,Пловдив,кв. Прослав,,,,https://homes.bg/offer/zemya-za-prodazhba/zemedelska-zemya-3000m2-plovdiv-kv.-proslav/la34245,2.0,2025-06-04 18:03:56.288552,https://www.homes.bg/api/offers??currencyId=1&filterOrderBy=0&locationId=0&typeId=LandAgro,homes.bg,2036,2025-06-04,34245,,,,
"Земеделска земя, 2363m²","Категория 5, Нива",43000.0,EUR,False, продажба,,Варна,с.Близнаци,,,,https://homes.bg/offer/zemya-za-prodazhba/zemedelska-zemya-2363m2-varna-s.bliznaci/la34843,3.0,2025-06-04 18:03:56.288566,https://www.homes.bg/api/offers??currencyId=1&filterOrderBy=0&locationId=0&typeId=LandAgro,homes.bg,2036,2025-06-04,34843,,,,
"Земеделска земя, 7013m²","Категория 3, Нива",28500.0,EUR,False, продажба,,Пловдив,гр.Асеновград,,,,https://homes.bg/offer/zemya-za-prodazhba/zemedelska-zemya-7013m2-plovdiv-gr.asenovgrad/la34638,5.0,2025-06-04 18:03:56.288582,https://www.homes.bg/api/offers??currencyId=1&filterOrderBy=0&locationId=0&typeId=LandAgro,homes.bg,2036,2025-06-04,34638,,,,
"Земеделска земя, 5400m²",Нива,270000.0,EUR,False, продажба,,Пловдив,жк Южен,,,,https://homes.bg/offer/zemya-za-prodazhba/zemedelska-zemya-5400m2-plovdiv-zhk-juzhen/la34546,2.0,2025-06-04 18:03:56.288601,https://www.homes.bg/api/offers??currencyId=1&filterOrderBy=0&locationId=0&typeId=LandAgro,homes.bg,2036,2025-06-04,34546,,,,
"Земеделска земя, 10391m²","Категория 5, Нива",91520.0,EUR,False, продажба,,Пловдив,с.Маноле,,,,https://homes.bg/offer/zemya-za-prodazhba/zemedelska-zemya-10391m2-plovdiv-s.manole/la34781,1.0,2025-06-04 18:03:56.288614,https://www.homes.bg/api/offers??currencyId=1&filterOrderBy=0&locationId=0&typeId=LandAgro,homes.bg,2036,2025-06-04,34781,,,,
"Земеделска земя, 3941m²",Друго,35000.0,EUR,False, продажба,,Перник,с.Ковачевци,,,,https://homes.bg/offer/zemya-za-prodazhba/zemedelska-zemya-3941m2-pernik-s.kovachevci/la34375,1.0,2025-06-04 18:03:56.288628,https://www.homes.bg/api/offers??currencyId=1&filterOrderBy=0&locationId=0&typeId=LandAgro,homes.bg,2036,2025-06-04,34375,,,,
"Земеделска земя, 35907m²",,323163.0,EUR,False, продажба,,Бургас, Сарафово,,,,https://homes.bg/offer/zemya-za-prodazhba/zemedelska-zemya-35907m2-burgas-sarafovo/la24372,1.0,2025-06-04 18:03:56.288641,https://www.homes.bg/api/offers??currencyId=1&filterOrderBy=0&locationId=0&typeId=LandAgro,homes.bg,2036,2025-06-04,24372,,,,
"Земеделска земя, 27294m²",,339000.0,EUR,False, продажба,,Бургас, Сарафово,,,,https://homes.bg/offer/zemya-za-prodazhba/zemedelska-zemya-27294m2-burgas-sarafovo/la34080,1.0,2025-06-04 18:03:56.288655,https://www.homes.bg/api/offers??currencyId=1&filterOrderBy=0&locationId=0&typeId=LandAgro,homes.bg,2036,2025-06-04,34080,,,,
"Земеделска земя, 2000m²",,250000.0,ЛЕВА,False, продажба,,Ямбол,с.Кукорево,,,,https://homes.bg/offer/zemya-za-prodazhba/zemedelska-zemya-2000m2-yambol-s.kukorevo/la34869,1.0,2025-06-04 18:03:56.288668,https://www.homes.bg/api/offers??currencyId=1&filterOrderBy=0&locationId=0&typeId=LandAgro,homes.bg,2036,2025-06-04,34869,,,,
"Земеделска земя, 3127m²",,128900.0,EUR,False, продажба,,Благоевград,с.Дъбрава,,,,https://homes.bg/offer/zemya-za-prodazhba/zemedelska-zemya-3127m2-blagoevgrad-s.dybrava/la34896,1.0,2025-06-04 18:03:56.288682,https://www.homes.bg/api/offers??currencyId=1&filterOrderBy=0&locationId=0&typeId=LandAgro,homes.bg,2036,2025-06-04,34896,,,,
"Земеделска земя, 800m²",,8000.0,ЛЕВА,False, продажба,,Ловеч,жк. Младост,,,,https://homes.bg/offer/zemya-za-prodazhba/zemedelska-zemya-800m2-lovech-zhk.-mladost/la34483,1.0,2025-06-04 18:03:56.288734,https://www.homes.bg/api/offers??currencyId=1&filterOrderBy=0&locationId=0&typeId=LandAgro,homes.bg,2036,2025-06-04,34483,,,,
"Земеделска земя, 4199m²","Категория 8, Пасище",200000.0,EUR,False, продажба,,Несебър,гр.Несебър,,,,https://homes.bg/offer/zemya-za-prodazhba/zemedelska-zemya-4199m2-nesebyr-gr.nesebyr/la34890,0.0,2025-06-04 18:03:56.288752,https://www.homes.bg/api/offers??currencyId=1&filterOrderBy=0&locationId=0&typeId=LandAgro,homes.bg,2036,2025-06-04,34890,,,,
"Земеделска земя, 3120m²",Друго,98600.0,EUR,False, продажба,,София -,с.Чепинци,,,,https://homes.bg/offer/zemya-za-prodazhba/zemedelska-zemya-3120m2-sofiya---grad-s.chepinci/la34323,5.0,2025-06-04 18:03:56.288770,https://www.homes.bg/api/offers??currencyId=1&filterOrderBy=0&locationId=0&typeId=LandAgro,homes.bg,2036,2025-06-04,34323,,,,
"Земеделска земя, 1938m²",Друго,116300.0,EUR,False, продажба,,София -,с.Мрамор,,,,https://homes.bg/offer/zemya-za-prodazhba/zemedelska-zemya-1938m2-sofiya---grad-s.mramor/la34710,3.0,2025-06-04 18:03:56.288786,https://www.homes.bg/api/offers??currencyId=1&filterOrderBy=0&locationId=0&typeId=LandAgro,homes.bg,2036,2025-06-04,34710,,,,
"Земеделска земя, 1765m²",Друго,132375.0,EUR,False, продажба,,София -,с.Мрамор,,,,https://homes.bg/offer/zemya-za-prodazhba/zemedelska-zemya-1765m2-sofiya---grad-s.mramor/la34714,2.0,2025-06-04 18:03:56.288800,https://www.homes.bg/api/offers??currencyId=1&filterOrderBy=0&locationId=0&typeId=LandAgro,homes.bg,2036,2025-06-04,34714,,,,
"Земеделска земя, 7897m²","Категория 5, Нива",57300.0,EUR,False, продажба,,Варна,кв. Аспарухово,,,,https://homes.bg/offer/zemya-za-prodazhba/zemedelska-zemya-7897m2-varna-kv.-asparuhovo/la34005,1.0,2025-06-04 18:03:56.288814,https://www.homes.bg/api/offers??currencyId=1&filterOrderBy=0&locationId=0&typeId=LandAgro,homes.bg,2036,2025-06-04,34005,,,,
"Земеделска земя, 3700m²","Категория 5, Нива",27100.0,EUR,False, продажба,,Варна,кв. Аспарухово,,,,https://homes.bg/offer/zemya-za-prodazhba/zemedelska-zemya-3700m2-varna-kv.-asparuhovo/la34006,1.0,2025-06-04 18:03:56.288828,https://www.homes.bg/api/offers??currencyId=1&filterOrderBy=0&locationId=0&typeId=LandAgro,homes.bg,2036,2025-06-04,34006,,,,
"Земеделска земя, 1500m²",,10000.0,ЛЕВА,False, продажба,,Враца,с.Паволче,,,,https://homes.bg/offer/zemya-za-prodazhba/zemedelska-zemya-1500m2-vraca-s.pavolche/la19917,1.0,2025-06-04 18:03:56.288842,https://www.homes.bg/api/offers??currencyId=1&filterOrderBy=0&locationId=0&typeId=LandAgro,homes.bg,2036,2025-06-04,19917,,,,
"Земеделска земя, 29000m²","Категория 4, Лозе",33000.0,ЛЕВА,False, продажба,,Перущица,гр.Перущица,,,,https://homes.bg/offer/zemya-za-prodazhba/zemedelska-zemya-29000m2-perushtica-gr.perushtica/la11556,1.0,2025-06-04 18:03:56.288855,https://www.homes.bg/api/offers??currencyId=1&filterOrderBy=0&locationId=0&typeId=LandAgro,homes.bg,2036,2025-06-04,11556,,,,
"Земеделска земя, 2502m²",Друго,100000.0,EUR,False, продажба,,Софийска,с.Гурмазово,,,,https://homes.bg/offer/zemya-za-prodazhba/zemedelska-zemya-2502m2-sofijska-s.gurmazovo/la34876,1.0,2025-06-04 18:03:56.288869,https://www.homes.bg/api/offers??currencyId=1&filterOrderBy=0&locationId=0&typeId=LandAgro,homes.bg,2036,2025-06-04,34876,,,,
"Земеделска земя, 5947m²",,65000.0,ЛЕВА,False, продажба,,Велико Търново,с.Малки Чифлик,,,,https://homes.bg/offer/zemya-za-prodazhba/zemedelska-zemya-5947m2-veliko-tyrnovo-s.malki-chiflik/la34818,1.0,2025-06-04 18:03:56.288887,https://www.homes.bg/api/offers??currencyId=1&filterOrderBy=0&locationId=0&typeId=LandAgro,homes.bg,2036,2025-06-04,34818,,,,
"Земеделска земя, 4500m²",Нива,315000.0,EUR,False, продажба,,Пловдив,кв. Беломорски,,,,https://homes.bg/offer/zemya-za-prodazhba/zemedelska-zemya-4500m2-plovdiv-kv.-belomorski/la34834,1.0,2025-06-04 18:03:56.288906,https://www.homes.bg/api/offers??currencyId=1&filterOrderBy=0&locationId=0&typeId=LandAgro,homes.bg,2036,2025-06-04,34834,,,,
"Земеделска земя, 3000m²",Нива,75000.0,EUR,False, продажба,,Пловдив,с.Скутаре,,,,https://homes.bg/offer/zemya-za-prodazhba/zemedelska-zemya-3000m2-plovdiv-s.skutare/la34817,1.0,2025-06-04 18:03:56.288920,https://www.homes.bg/api/offers??currencyId=1&filterOrderBy=0&locationId=0&typeId=LandAgro,homes.bg,2036,2025-06-04,34817,,,,
"Земеделска земя, 1984m²",Друго,11500.0,EUR,False, продажба,,Бургас,с.Българи,,,,https://homes.bg/offer/zemya-za-prodazhba/zemedelska-zemya-1984m2-burgas-s.bylgari/la33887,5.0,2025-06-04 18:03:56.288935,https://www.homes.bg/api/offers??currencyId=1&filterOrderBy=0&locationId=0&typeId=LandAgro,homes.bg,2036,2025-06-04,33887,,,,
"Земеделска земя, 2700m²",Друго,140000.0,EUR,False, продажба,,Бургас,с.Варвара,,,,https://homes.bg/offer/zemya-za-prodazhba/zemedelska-zemya-2700m2-burgas-s.varvara/la24922,7.0,2025-06-04 18:03:56.288950,https://www.homes.bg/api/offers??currencyId=1&filterOrderBy=0&locationId=0&typeId=LandAgro,homes.bg,2036,2025-06-04,24922,,,,
"Земеделска земя, 3005m²",,67000.0,ЛЕВА,False, продажба,,Благоевград,с.Логодаж,,,,https://homes.bg/offer/zemya-za-prodazhba/zemedelska-zemya-3005m2-blagoevgrad-s.logodazh/la34721,0.0,2025-06-04 18:03:56.288964,https://www.homes.bg/api/offers??currencyId=1&filterOrderBy=0&locationId=0&typeId=LandAgro,homes.bg,2036,2025-06-04,34721,,,,
"Земеделска земя, 26000m²","Категория 4, Ливада",173055.0,EUR,False, продажба,,Перник,кв. Кристал,,,,https://homes.bg/offer/zemya-za-prodazhba/zemedelska-zemya-26000m2-pernik-kv.-kristal/la24923,4.0,2025-06-04 18:03:56.288978,https://www.homes.bg/api/offers??currencyId=1&filterOrderBy=0&locationId=0&typeId=LandAgro,homes.bg,2036,2025-06-04,24923,,,,
"Земеделска земя, 13296m²","Категория 7, Нива",10000.0,EUR,False, продажба,,Елена,с.Шилковци,,,,https://homes.bg/offer/zemya-za-prodazhba/zemedelska-zemya-13296m2-elena-s.shilkovci/la33502,1.0,2025-06-04 18:03:56.288989,https://www.homes.bg/api/offers??currencyId=1&filterOrderBy=0&locationId=0&typeId=LandAgro,homes.bg,2036,2025-06-04,33502,,,,
"Земеделска земя, 4506m²",,157710.0,EUR,False, продажба,,Пазарджик,жк. Ябълките,,,,https://homes.bg/offer/zemya-za-prodazhba/zemedelska-zemya-4506m2-pazardzhik-zhk.-yabylkite/la34807,3.0,2025-06-04 18:03:56.289004,https://www.homes.bg/api/offers??currencyId=1&filterOrderBy=0&locationId=0&typeId=LandAgro,homes.bg,2036,2025-06-04,34807,,,,
"Земеделска земя, 6699m²",,250000.0,EUR,False, продажба,,Велико Търново,с.Леденик,,,,https://homes.bg/offer/zemya-za-prodazhba/zemedelska-zemya-6699m2-veliko-tyrnovo-s.ledenik/la34883,0.0,2025-06-04 18:03:56.289023,https://www.homes.bg/api/offers??currencyId=1&filterOrderBy=0&locationId=0&typeId=LandAgro,homes.bg,2036,2025-06-04,34883,,,,
"Земеделска земя, 951m²",,26000.0,EUR,False, продажба,,Плевен,жк. Дружба 3,,,,https://homes.bg/offer/zemya-za-prodazhba/zemedelska-zemya-951m2-pleven-zhk.-druzhba-3/la34824,1.0,2025-06-04 18:03:56.289034,https://www.homes.bg/api/offers??currencyId=1&filterOrderBy=0&locationId=0&typeId=LandAgro,homes.bg,2036,2025-06-04,34824,,,,
"Земеделска земя, 4274m²","Категория 4, Нива",170000.0,EUR,False, продажба,,Пловдив,кв. Коматево,,,,https://homes.bg/offer/zemya-za-prodazhba/zemedelska-zemya-4274m2-plovdiv-kv.-komatevo/la34873,1.0,2025-06-04 18:03:56.289047,https://www.homes.bg/api/offers??currencyId=1&filterOrderBy=0&locationId=0&typeId=LandAgro,homes.bg,2036,2025-06-04,34873,,,,
"Земеделска земя, 3580m²","Категория 3, Нива",20000.0,EUR,False, продажба,,Габрово,гр.Севлиево,,,,https://homes.bg/offer/zemya-za-prodazhba/zemedelska-zemya-3580m2-gabrovo-gr.sevlievo/la34874,5.0,2025-06-04 18:03:56.289062,https://www.homes.bg/api/offers??currencyId=1&filterOrderBy=0&locationId=0&typeId=LandAgro,homes.bg,2036,2025-06-04,34874,,,,
"Земеделска земя, 45496m²",Гора,50000.0,ЛЕВА,False, продажба,,Ловеч,с.Умаревци,,,,https://homes.bg/offer/zemya-za-prodazhba/zemedelska-zemya-45496m2-lovech-s.umarevci/la24072,8.0,2025-06-04 18:03:56.289077,https://www.homes.bg/api/offers??currencyId=1&filterOrderBy=0&locationId=0&typeId=LandAgro,homes.bg,2036,2025-06-04,24072,,,,
"Земеделска земя, 2800m²","Категория 3, Овощна градина",32000.0,ЛЕВА,False, продажба,,Поморие,гр.Поморие,,,,https://homes.bg/offer/zemya-za-prodazhba/zemedelska-zemya-2800m2-pomorie-gr.pomorie/la23409,6.0,2025-06-04 18:03:56.289092,https://www.homes.bg/api/offers??currencyId=1&filterOrderBy=0&locationId=0&typeId=LandAgro,homes.bg,2036,2025-06-04,23409,,,,
"Земеделска земя, 3999m²","Категория 5, Лозе",9200.0,ЛЕВА,False, продажба,,Септември,с.Виноградец,,,,https://homes.bg/offer/zemya-za-prodazhba/zemedelska-zemya-3999m2-septemvri-s.vinogradec/la34879,3.0,2025-06-04 18:03:56.289104,https://www.homes.bg/api/offers??currencyId=1&filterOrderBy=0&locationId=0&typeId=LandAgro,homes.bg,2036,2025-06-04,34879,,,,
"Земеделска земя, 2995m²",Гора,164725.0,EUR,False, продажба,,Бургас,гр.Созопол,,,,https://homes.bg/offer/zemya-za-prodazhba/zemedelska-zemya-2995m2-burgas-gr.sozopol/la23926,1.0,2025-06-04 18:03:56.289115,https://www.homes.bg/api/offers??currencyId=1&filterOrderBy=0&locationId=0&typeId=LandAgro,homes.bg,2036,2025-06-04,23926,,,,
"Земеделска земя, 6481m²",,11000.0,EUR,False, продажба,,Добрич-селска,с.Дряновец,,,,https://homes.bg/offer/zemya-za-prodazhba/zemedelska-zemya-6481m2-dobrich-selska-s.dryanovec/la34819,1.0,2025-06-04 18:03:56.289125,https://www.homes.bg/api/offers??currencyId=1&filterOrderBy=0&locationId=0&typeId=LandAgro,homes.bg,2036,2025-06-04,34819,,,,
"Земеделска земя, 3670m²",,55050.0,EUR,False, продажба,,Бургас,Бургас,,,,https://homes.bg/offer/zemya-za-prodazhba/zemedelska-zemya-3670m2-burgas-burgas/la25178,2.0,2025-06-04 18:03:56.289136,https://www.homes.bg/api/offers??currencyId=1&filterOrderBy=0&locationId=0&typeId=LandAgro,homes.bg,2036,2025-06-04,25178,,,,
"Земеделска земя, 1932m²","Категория 9, Друго",48000.0,EUR,False, продажба,,Асеновград,гр.Асеновград,,,,https://homes.bg/offer/zemya-za-prodazhba/zemedelska-zemya-1932m2-asenovgrad-gr.asenovgrad/la22632,2.0,2025-06-04 18:03:56.289148,https://www.homes.bg/api/offers??currencyId=1&filterOrderBy=0&locationId=0&typeId=LandAgro,homes.bg,2036,2025-06-04,22632,,,,
"Земеделска земя, 1086m²","Категория 3, Лозе",25000.0,ЛЕВА,False, продажба,,Асеновград,с.Козаново,,,,https://homes.bg/offer/zemya-za-prodazhba/zemedelska-zemya-1086m2-asenovgrad-s.kozanovo/la34084,1.0,2025-06-04 18:03:56.289161,https://www.homes.bg/api/offers??currencyId=1&filterOrderBy=0&locationId=0&typeId=LandAgro,homes.bg,2036,2025-06-04,34084,,,,
"Земеделска земя, 1873m²","Категория 9, Овощна градина",22000.0,ЛЕВА,False, продажба,,Асеновград,гр.Асеновград,,,,https://homes.bg/offer/zemya-za-prodazhba/zemedelska-zemya-1873m2-asenovgrad-gr.asenovgrad/la34511,2.0,2025-06-04 18:03:56.289173,https://www.homes.bg/api/offers??currencyId=1&filterOrderBy=0&locationId=0&typeId=LandAgro,homes.bg,2036,2025-06-04,34511,,,,
"Земеделска земя, 5997m²","Категория 5, Овощна градина",18000.0,EUR,False, продажба,,Бургас, Банево,,,,https://homes.bg/offer/zemya-za-prodazhba/zemedelska-zemya-5997m2-burgas-banevo/la12024,0.0,2025-06-04 18:03:56.289183,https://www.homes.bg/api/offers??currencyId=1&filterOrderBy=0&locationId=0&typeId=LandAgro,homes.bg,2036,2025-06-04,12024,,,,
"Земеделска земя, 13499m²","Категория 3, Нива",108000.0,EUR,False, продажба,,Бургас,кв. Рудник,,,,https://homes.bg/offer/zemya-za-prodazhba/zemedelska-zemya-13499m2-burgas-kv.-rudnik/la20973,0.0,2025-06-04 18:03:56.289193,https://www.homes.bg/api/offers??currencyId=1&filterOrderBy=0&locationId=0&typeId=LandAgro,homes.bg,2036,2025-06-04,20973,,,,
"Земеделска земя, 11991m²","Категория 3, Нива",72000.0,EUR,False, продажба,,Бургас,кв. Рудник,,,,https://homes.bg/offer/zemya-za-prodazhba/zemedelska-zemya-11991m2-burgas-kv.-rudnik/la34872,0.0,2025-06-04 18:03:56.289202,https://www.homes.bg/api/offers??currencyId=1&filterOrderBy=0&locationId=0&typeId=LandAgro,homes.bg,2036,2025-06-04,34872,,,,
"Земеделска земя, 5000m²","Категория 3, Нива",40000.0,EUR,False, продажба,,Бургас,кв. Рудник,,,,https://homes.bg/offer/zemya-za-prodazhba/zemedelska-zemya-5000m2-burgas-kv.-rudnik/la20972,0.0,2025-06-04 18:03:56.289212,https://www.homes.bg/api/offers??currencyId=1&filterOrderBy=0&locationId=0&typeId=LandAgro,homes.bg,2036,2025-06-04,20972,,,,
"Земеделска земя, 6419m²","Категория 4, Лозе",44933.0,ЛЕВА,False, продажба,,Несебър,с.Кошарица,,,,https://homes.bg/offer/zemya-za-prodazhba/zemedelska-zemya-6419m2-nesebyr-s.kosharica/la11846,0.0,2025-06-04 18:03:56.289222,https://www.homes.bg/api/offers??currencyId=1&filterOrderBy=0&locationId=0&typeId=LandAgro,homes.bg,2036,2025-06-04,11846,,,,
"Земеделска земя, 7129m²","Категория 4, Нива",64161.0,ЛЕВА,False, продажба,,Несебър,с.Кошарица,,,,https://homes.bg/offer/zemya-za-prodazhba/zemedelska-zemya-7129m2-nesebyr-s.kosharica/la11844,0.0,2025-06-04 18:03:56.289231,https://www.homes.bg/api/offers??currencyId=1&filterOrderBy=0&locationId=0&typeId=LandAgro,homes.bg,2036,2025-06-04,11844,,,,
"Земеделска земя, 5679m²","Категория 3, Пасище",68148.0,ЛЕВА,False, продажба,,Несебър,с.Кошарица,,,,https://homes.bg/offer/zemya-za-prodazhba/zemedelska-zemya-5679m2-nesebyr-s.kosharica/la11989,0.0,2025-06-04 18:03:56.289241,https://www.homes.bg/api/offers??currencyId=1&filterOrderBy=0&locationId=0&typeId=LandAgro,homes.bg,2036,2025-06-04,11989,,,,
"Земеделска земя, 3060m²",Нива,18000.0,ЛЕВА,False, продажба,,Несебър,с.Кошарица,,,,https://homes.bg/offer/zemya-za-prodazhba/zemedelska-zemya-3060m2-nesebyr-s.kosharica/la11843,0.0,2025-06-04 18:03:56.289253,https://www.homes.bg/api/offers??currencyId=1&filterOrderBy=0&locationId=0&typeId=LandAgro,homes.bg,2036,2025-06-04,11843,,,,
"Земеделска земя, 2458m²","Категория 3, Лозе",22122.0,ЛЕВА,False, продажба,,Несебър,с.Кошарица,,,,https://homes.bg/offer/zemya-za-prodazhba/zemedelska-zemya-2458m2-nesebyr-s.kosharica/la11845,0.0,2025-06-04 18:03:56.289263,https://www.homes.bg/api/offers??currencyId=1&filterOrderBy=0&locationId=0&typeId=LandAgro,homes.bg,2036,2025-06-04,11845,,,,
"Земеделска земя, 5998m²",Нива,269910.0,EUR,False, продажба,,Пловдив,жк. Изгрев,,,,https://homes.bg/offer/zemya-za-prodazhba/zemedelska-zemya-5998m2-plovdiv-zhk.-izgrev/la34871,1.0,2025-06-04 18:03:56.289273,https://www.homes.bg/api/offers??currencyId=1&filterOrderBy=0&locationId=0&typeId=LandAgro,homes.bg,2036,2025-06-04,34871,,,,
"Земеделска земя, 400m²","Категория 3, Нива",7000.0,EUR,False, продажба,,Велико Търново,гр.Килифарево,,,,https://homes.bg/offer/zemya-za-prodazhba/zemedelska-zemya-400m2-veliko-tyrnovo-gr.kilifarevo/la34162,6.0,2025-06-04 18:03:56.289286,https://www.homes.bg/api/offers??currencyId=1&filterOrderBy=0&locationId=0&typeId=LandAgro,homes.bg,2036,2025-06-04,34162,,,,
"Земеделска земя, 1018m²",,86000.0,EUR,False, продажба,,Бургас,гр.Черноморец,,,,https://homes.bg/offer/zemya-za-prodazhba/zemedelska-zemya-1018m2-burgas-gr.chernomorec/la23590,1.0,2025-06-04 18:03:56.289297,https://www.homes.bg/api/offers??currencyId=1&filterOrderBy=0&locationId=0&typeId=LandAgro,homes.bg,2036,2025-06-04,23590,,,,
"Земеделска земя, 2630m²",,5700.0,EUR,False, продажба,,Бургас,с.Лъка,,,,https://homes.bg/offer/zemya-za-prodazhba/zemedelska-zemya-2630m2-burgas-s.lyka/la34008,1.0,2025-06-04 18:03:56.289307,https://www.homes.bg/api/offers??currencyId=1&filterOrderBy=0&locationId=0&typeId=LandAgro,homes.bg,2036,2025-06-04,34008,,,,
"Земеделска земя, 3288m²",,99000.0,EUR,False, продажба,,Бургас,гр.Черноморец,,,,https://homes.bg/offer/zemya-za-prodazhba/zemedelska-zemya-3288m2-burgas-gr.chernomorec/la23591,1.0,2025-06-04 18:03:56.289316,https://www.homes.bg/api/offers??currencyId=1&filterOrderBy=0&locationId=0&typeId=LandAgro,homes.bg,2036,2025-06-04,23591,,,,
"Земеделска земя, 1501m²","Категория 3, Нива",49533.0,EUR,False, продажба,,Пловдив, Индустриална зона - Юг,,,,https://homes.bg/offer/zemya-za-prodazhba/zemedelska-zemya-1501m2-plovdiv-industrialna-zona---jug/la23419,1.0,2025-06-04 18:03:56.289326,https://www.homes.bg/api/offers??currencyId=1&filterOrderBy=0&locationId=0&typeId=LandAgro,homes.bg,2036,2025-06-04,23419,,,,
"Земеделска земя, 6825m²",Нива,216000.0,EUR,False, продажба,,Пловдив, Индустриална зона - Север,,,,https://homes.bg/offer/zemya-za-prodazhba/zemedelska-zemya-6825m2-plovdiv-industrialna-zona---sever/la20591,4.0,2025-06-04 18:03:56.289336,https://www.homes.bg/api/offers??currencyId=1&filterOrderBy=0&locationId=0&typeId=LandAgro,homes.bg,2036,2025-06-04,20591,,,,
"Земеделска земя, 3498m²","Категория 4, Нива",0.0,EUR,False, продажба,,Благоевград, Широк Център,,,,https://homes.bg/offer/zemya-za-prodazhba/zemedelska-zemya-3498m2-blagoevgrad-shirok-centyr/la34675,6.0,2025-06-04 18:03:56.289348,https://www.homes.bg/api/offers??currencyId=1&filterOrderBy=0&locationId=0&typeId=LandAgro,homes.bg,2036,2025-06-04,34675,,,,
"Земеделска земя, 3135m²",,78375.0,EUR,False, продажба,,Бургас,гр.Черноморец,,,,https://homes.bg/offer/zemya-za-prodazhba/zemedelska-zemya-3135m2-burgas-gr.chernomorec/la33949,1.0,2025-06-04 18:03:56.289358,https://www.homes.bg/api/offers??currencyId=1&filterOrderBy=0&locationId=0&typeId=LandAgro,homes.bg,2036,2025-06-04,33949,,,,
"Земеделска земя, 1000m²",,21500.0,EUR,False, продажба,,Бургас,гр.Каблешково,,,,https://homes.bg/offer/zemya-za-prodazhba/zemedelska-zemya-1000m2-burgas-gr.kableshkovo/la22051,1.0,2025-06-04 18:03:56.289367,https://www.homes.bg/api/offers??currencyId=1&filterOrderBy=0&locationId=0&typeId=LandAgro,homes.bg,2036,2025-06-04,22051,,,,
"Земеделска земя, 6287m²",,127500.0,EUR,False, продажба,,Бургас,Бургас,,,,https://homes.bg/offer/zemya-za-prodazhba/zemedelska-zemya-6287m2-burgas-burgas/la24001,0.0,2025-06-04 18:03:56.289376,https://www.homes.bg/api/offers??currencyId=1&filterOrderBy=0&locationId=0&typeId=LandAgro,homes.bg,2036,2025-06-04,24001,,,,
"Земеделска земя, 3399m²",Нива,91773.0,EUR,False, продажба,,Пловдив, Индустриална зона - Север,,,,https://homes.bg/offer/zemya-za-prodazhba/zemedelska-zemya-3399m2-plovdiv-industrialna-zona---sever/la19618,8.0,2025-06-04 18:03:56.289388,https://www.homes.bg/api/offers??currencyId=1&filterOrderBy=0&locationId=0&typeId=LandAgro,homes.bg,2036,2025-06-04,19618,,,,
"Земеделска земя, 2399m²","Категория 3, Нива",100758.0,EUR,False, продажба,,Пловдив,с.Браниполе,,,,https://homes.bg/offer/zemya-za-prodazhba/zemedelska-zemya-2399m2-plovdiv-s.branipole/la34862,5.0,2025-06-04 18:03:56.289405,https://www.homes.bg/api/offers??currencyId=1&filterOrderBy=0&locationId=0&typeId=LandAgro,homes.bg,2036,2025-06-04,34862,,,,
"Земеделска земя, 1365m²","Категория 5, Нива",45000.0,EUR,False, продажба,,Пловдив,с.Труд,,,,https://homes.bg/offer/zemya-za-prodazhba/zemedelska-zemya-1365m2-plovdiv-s.trud/la34829,5.0,2025-06-04 18:03:56.289417,https://www.homes.bg/api/offers??currencyId=1&filterOrderBy=0&locationId=0&typeId=LandAgro,homes.bg,2036,2025-06-04,34829,,,,
"Земеделска земя, 3600m²",Нива,216000.0,EUR,False, продажба,,Пловдив, Индустриална зона - Север,,,,https://homes.bg/offer/zemya-za-prodazhba/zemedelska-zemya-3600m2-plovdiv-industrialna-zona---sever/la25047,6.0,2025-06-04 18:03:56.289427,https://www.homes.bg/api/offers??currencyId=1&filterOrderBy=0&locationId=0&typeId=LandAgro,homes.bg,2036,2025-06-04,25047,,,,
"Земеделска земя, 4943m²",Нива,222435.0,EUR,False, продажба,,Пловдив, Индустриална зона - Изток,,,,https://homes.bg/offer/zemya-za-prodazhba/zemedelska-zemya-4943m2-plovdiv-industrialna-zona---iztok/la19637,1.0,2025-06-04 18:03:56.289436,https://www.homes.bg/api/offers??currencyId=1&filterOrderBy=0&locationId=0&typeId=LandAgro,homes.bg,2036,2025-06-04,19637,,,,
"Земеделска земя, 886m²","Категория 8, Лозе",15000.0,ЛЕВА,False, продажба,,Враца,с.Паволче,,,,https://homes.bg/offer/zemya-za-prodazhba/zemedelska-zemya-886m2-vraca-s.pavolche/la20624,1.0,2025-06-04 18:03:56.289446,https://www.homes.bg/api/offers??currencyId=1&filterOrderBy=0&locationId=0&typeId=LandAgro,homes.bg,2036,2025-06-04,20624,,,,
"Земеделска земя, 2666m²",Нива,41000.0,EUR,False, продажба,,Враца, Дъбника,,,,https://homes.bg/offer/zemya-za-prodazhba/zemedelska-zemya-2666m2-vraca-dybnika/la19931,1.0,2025-06-04 18:03:56.289455,https://www.homes.bg/api/offers??currencyId=1&filterOrderBy=0&locationId=0&typeId=LandAgro,homes.bg,2036,2025-06-04,19931,,,,
"Земеделска земя, 1290m²","Категория 4, Лозе",35000.0,ЛЕВА,False, продажба,,Враца,кв. Студентски Град,,,,https://homes.bg/offer/zemya-za-prodazhba/zemedelska-zemya-1290m2-vraca-kv.-studentski-grad/la19926,1.0,2025-06-04 18:03:56.289465,https://www.homes.bg/api/offers??currencyId=1&filterOrderBy=0&locationId=0&typeId=LandAgro,homes.bg,2036,2025-06-04,19926,,,,
"Земеделска земя, 5358m²",,241110.0,EUR,False, продажба,,Бургас,с.Равда,,,,https://homes.bg/offer/zemya-za-prodazhba/zemedelska-zemya-5358m2-burgas-s.ravda/la33901,1.0,2025-06-04 18:03:56.289475,https://www.homes.bg/api/offers??currencyId=1&filterOrderBy=0&locationId=0&typeId=LandAgro,homes.bg,2036,2025-06-04,33901,,,,
"Земеделска земя, 2393m²",,287160.0,EUR,False, продажба,,Бургас, Сарафово,,,,https://homes.bg/offer/zemya-za-prodazhba/zemedelska-zemya-2393m2-burgas-sarafovo/la34247,1.0,2025-06-04 18:03:56.289485,https://www.homes.bg/api/offers??currencyId=1&filterOrderBy=0&locationId=0&typeId=LandAgro,homes.bg,2036,2025-06-04,34247,,,,
"Земеделска земя, 5600m²","Категория 5, Нива",336000.0,EUR,False, продажба,,Koчериново,с.Бараково,,,,https://homes.bg/offer/zemya-za-prodazhba/zemedelska-zemya-5600m2-kocherinovo-s.barakovo/la24613,7.0,2025-06-04 18:03:56.289496,https://www.homes.bg/api/offers??currencyId=1&filterOrderBy=0&locationId=0&typeId=LandAgro,homes.bg,2036,2025-06-04,24613,,,,
"Земеделска земя, 1210m²","Категория 4, Овощна градина",17900.0,EUR,False, продажба,,Благоевград,с.Логодаж,,,,https://homes.bg/offer/zemya-za-prodazhba/zemedelska-zemya-1210m2-blagoevgrad-s.logodazh/la20884,7.0,2025-06-04 18:03:56.289506,https://www.homes.bg/api/offers??currencyId=1&filterOrderBy=0&locationId=0&typeId=LandAgro,homes.bg,2036,2025-06-04,20884,,,,
"Земеделска земя, 4879m²","Категория 5, Нива",75000.0,ЛЕВА,False, продажба,,Благоевград, Първа Промишлена Зона,,,,https://homes.bg/offer/zemya-za-prodazhba/zemedelska-zemya-4879m2-blagoevgrad-pyrva-promishlena-zona/la33511,9.0,2025-06-04 18:03:56.289517,https://www.homes.bg/api/offers??currencyId=1&filterOrderBy=0&locationId=0&typeId=LandAgro,homes.bg,2036,2025-06-04,33511,,,,
"Земеделска земя, 2685m²","Категория 9, Лозе",67000.0,ЛЕВА,False, продажба,,Благоевград,с.Рилци,,,,https://homes.bg/offer/zemya-za-prodazhba/zemedelska-zemya-2685m2-blagoevgrad-s.rilci/la33512,10.0,2025-06-04 18:03:56.289529,https://www.homes.bg/api/offers??currencyId=1&filterOrderBy=0&locationId=0&typeId=LandAgro,homes.bg,2036,2025-06-04,33512,,,,
"Земеделска земя, 5000m²",Нива,5000.0,EUR,False, продажба,,Петрич,с.Марикостиново,,,,https://homes.bg/offer/zemya-za-prodazhba/zemedelska-zemya-5000m2-petrich-s.marikostinovo/la19228,10.0,2025-06-04 18:03:56.289541,https://www.homes.bg/api/offers??currencyId=1&filterOrderBy=0&locationId=0&typeId=LandAgro,homes.bg,2036,2025-06-04,19228,,,,
"Земеделска земя, 26900m²","Категория 6, Нива",25000.0,EUR,False, продажба,,Кърджали,с.Звиница,,,,https://homes.bg/offer/zemya-za-prodazhba/zemedelska-zemya-26900m2-kyrdzhali-s.zvinica/la13133,4.0,2025-06-04 18:03:56.289554,https://www.homes.bg/api/offers??currencyId=1&filterOrderBy=0&locationId=0&typeId=LandAgro,homes.bg,2036,2025-06-04,13133,,,,
"Земеделска земя, 1530m²",,60000.0,EUR,False, продажба,,Ямбол,Ямбол,,,,https://homes.bg/offer/zemya-za-prodazhba/zemedelska-zemya-1530m2-yambol-yambol/la34851,1.0,2025-06-04 18:03:56.289563,https://www.homes.bg/api/offers??currencyId=1&filterOrderBy=0&locationId=0&typeId=LandAgro,homes.bg,2036,2025-06-04,34851,,,,
"Земеделска земя, 12000m²",Нива,31600.0,EUR,False, продажба,,Пловдив,с.Труд,,,,https://homes.bg/offer/zemya-za-prodazhba/zemedelska-zemya-12000m2-plovdiv-s.trud/la34784,1.0,2025-06-04 18:03:56.289576,https://www.homes.bg/api/offers??currencyId=1&filterOrderBy=0&locationId=0&typeId=LandAgro,homes.bg,2036,2025-06-04,34784,,,,
"Земеделска земя, 1357m²",,60000.0,EUR,False, продажба,,Ямбол,Ямбол,,,,https://homes.bg/offer/zemya-za-prodazhba/zemedelska-zemya-1357m2-yambol-yambol/la34850,1.0,2025-06-04 18:03:56.289587,https://www.homes.bg/api/offers??currencyId=1&filterOrderBy=0&locationId=0&typeId=LandAgro,homes.bg,2036,2025-06-04,34850,,,,
"Земеделска земя, 480m²",Нива,10000.0,EUR,False, продажба,,Варна,с.Слънчево,,,,https://homes.bg/offer/zemya-za-prodazhba/zemedelska-zemya-480m2-varna-s.slynchevo/la34823,3.0,2025-06-04 18:03:56.289597,https://www.homes.bg/api/offers??currencyId=1&filterOrderBy=0&locationId=0&typeId=LandAgro,homes.bg,2036,2025-06-04,34823,,,,
"Земеделска земя, 6000m²",,18000.0,EUR,False, продажба,,Тунджа,с.Дражево,,,,https://homes.bg/offer/zemya-za-prodazhba/zemedelska-zemya-6000m2-tundzha-s.drazhevo/la34849,1.0,2025-06-04 18:03:56.289608,https://www.homes.bg/api/offers??currencyId=1&filterOrderBy=0&locationId=0&typeId=LandAgro,homes.bg,2036,2025-06-04,34849,,,,
"Земеделска земя, 13000m²",Нива,39999.0,EUR,False, продажба,,Пловдив,с.Калековец,,,,https://homes.bg/offer/zemya-za-prodazhba/zemedelska-zemya-13000m2-plovdiv-s.kalekovec/la34795,1.0,2025-06-04 18:03:56.289619,https://www.homes.bg/api/offers??currencyId=1&filterOrderBy=0&locationId=0&typeId=LandAgro,homes.bg,2036,2025-06-04,34795,,,,
"Земеделска земя, 27000m²",,540000.0,EUR,False, продажба,,Тунджа,с.Окоп,,,,https://homes.bg/offer/zemya-za-prodazhba/zemedelska-zemya-27000m2-tundzha-s.okop/la34852,1.0,2025-06-04 18:03:56.289629,https://www.homes.bg/api/offers??currencyId=1&filterOrderBy=0&locationId=0&typeId=LandAgro,homes.bg,2036,2025-06-04,34852,,,,
"Земеделска земя, 2892m²",,44700.0,EUR,False, продажба,,Благоевград,с.Дъбрава,,,,https://homes.bg/offer/zemya-za-prodazhba/zemedelska-zemya-2892m2-blagoevgrad-s.dybrava/la22198,2.0,2025-06-04 18:03:56.289641,https://www.homes.bg/api/offers??currencyId=1&filterOrderBy=0&locationId=0&typeId=LandAgro,homes.bg,2036,2025-06-04,22198,,,,
"Земеделска земя, 8163m²",,129700.0,EUR,False, продажба,,Бургас,с.Лозенец,,,,https://homes.bg/offer/zemya-za-prodazhba/zemedelska-zemya-8163m2-burgas-s.lozenec/la33634,2.0,2025-06-04 18:03:59.080256,https://www.homes.bg/api/offers??currencyId=1&filterOrderBy=0&locationId=0&typeId=LandAgro,homes.bg,2036,2025-06-04,33634,,,,
"Земеделска земя, 5007m²",,109700.0,EUR,False, продажба,,Бургас,с.Велика,,,,https://homes.bg/offer/zemya-za-prodazhba/zemedelska-zemya-5007m2-burgas-s.velika/la33638,2.0,2025-06-04 18:03:59.080338,https://www.homes.bg/api/offers??currencyId=1&filterOrderBy=0&locationId=0&typeId=LandAgro,homes.bg,2036,2025-06-04,33638,,,,
"Земеделска земя, 9005m²",,191700.0,EUR,False, продажба,,Бургас,с.Лозенец,,,,https://homes.bg/offer/zemya-za-prodazhba/zemedelska-zemya-9005m2-burgas-s.lozenec/la33639,2.0,2025-06-04 18:03:59.080360,https://www.homes.bg/api/offers??currencyId=1&filterOrderBy=0&locationId=0&typeId=LandAgro,homes.bg,2036,2025-06-04,33639,,,,
"Земеделска земя, 8000m²","Категория 3, Лозе",26500.0,EUR,False, продажба,,Бургас,гр.Поморие,,,,https://homes.bg/offer/zemya-za-prodazhba/zemedelska-zemya-8000m2-burgas-gr.pomorie/la34840,1.0,2025-06-04 18:03:59.080378,https://www.homes.bg/api/offers??currencyId=1&filterOrderBy=0&locationId=0&typeId=LandAgro,homes.bg,2036,2025-06-04,34840,,,,
"Земеделска земя, 10000m²",Нива,0.0,ЛЕВА,False, продажба,,Хасково, Източна Индустриална Зона,,,,https://homes.bg/offer/zemya-za-prodazhba/zemedelska-zemya-10000m2-haskovo-iztochna-industrialna-zona/la11311,2.0,2025-06-04 18:03:59.080394,https://www.homes.bg/api/offers??currencyId=1&filterOrderBy=0&locationId=0&typeId=LandAgro,homes.bg,2036,2025-06-04,11311,,,,
"Земеделска земя, 10000m²",Друго,0.0,EUR,False, продажба,,Хасково,с.Узунджово,,,,https://homes.bg/offer/zemya-za-prodazhba/zemedelska-zemya-10000m2-haskovo-s.uzundzhovo/la11794,0.0,2025-06-04 18:03:59.080410,https://www.homes.bg/api/offers??currencyId=1&filterOrderBy=0&locationId=0&typeId=LandAgro,homes.bg,2036,2025-06-04,11794,,,,
"Земеделска земя, 10000m²",Нива,0.0,EUR,False, продажба,,Хасково, Северна Индустриална Зона,,,,https://homes.bg/offer/zemya-za-prodazhba/zemedelska-zemya-10000m2-haskovo-severna-industrialna-zona/la11312,0.0,2025-06-04 18:03:59.080424,https://www.homes.bg/api/offers??currencyId=1&filterOrderBy=0&locationId=0&typeId=LandAgro,homes.bg,2036,2025-06-04,11312,,,,
"Земеделска земя, 1000m²",,31200.0,ЛЕВА,False, продажба,,Благоевград,с.Логодаж,,,,https://homes.bg/offer/zemya-za-prodazhba/zemedelska-zemya-1000m2-blagoevgrad-s.logodazh/la34726,0.0,2025-06-04 18:03:59.080438,https://www.homes.bg/api/offers??currencyId=1&filterOrderBy=0&locationId=0&typeId=LandAgro,homes.bg,2036,2025-06-04,34726,,,,
"Земеделска земя, 601m²",,16200.0,ЛЕВА,False, продажба,,Благоевград,с.Логодаж,,,,https://homes.bg/offer/zemya-za-prodazhba/zemedelska-zemya-601m2-blagoevgrad-s.logodazh/la34860,1.0,2025-06-04 18:03:59.080453,https://www.homes.bg/api/offers??currencyId=1&filterOrderBy=0&locationId=0&typeId=LandAgro,homes.bg,2036,2025-06-04,34860,,,,
"Земеделска земя, 2496m²",,52000.0,EUR,False, продажба,,Благоевград,с.Покровник,,,,https://homes.bg/offer/zemya-za-prodazhba/zemedelska-zemya-2496m2-blagoevgrad-s.pokrovnik/la23706,1.0,2025-06-04 18:03:59.080468,https://www.homes.bg/api/offers??currencyId=1&filterOrderBy=0&locationId=0&typeId=LandAgro,homes.bg,2036,2025-06-04,23706,,,,
"Земеделска земя, 1000m²",,31200.0,ЛЕВА,False, продажба,,Благоевград,с.Логодаж,,,,https://homes.bg/offer/zemya-za-prodazhba/zemedelska-zemya-1000m2-blagoevgrad-s.logodazh/la34725,0.0,2025-06-04 18:03:59.080482,https://www.homes.bg/api/offers??currencyId=1&filterOrderBy=0&locationId=0&typeId=LandAgro,homes.bg,2036,2025-06-04,34725,,,,
"Земеделска земя, 5000m²",Нива,140000.0,EUR,False, продажба,,Пловдив,с.Златитрап,,,,https://homes.bg/offer/zemya-za-prodazhba/zemedelska-zemya-5000m2-plovdiv-s.zlatitrap/la34844,4.0,2025-06-04 18:03:59.080499,https://www.homes.bg/api/offers??currencyId=1&filterOrderBy=0&locationId=0&typeId=LandAgro,homes.bg,2036,2025-06-04,34844,,,,
"Земеделска земя, 5000m²",Ливада,87000.0,EUR,False, продажба,,Враца, Източна Промишлена Зона,,,,https://homes.bg/offer/zemya-za-prodazhba/zemedelska-zemya-5000m2-vraca-iztochna-promishlena-zona/la17444,3.0,2025-06-04 18:03:59.080515,https://www.homes.bg/api/offers??currencyId=1&filterOrderBy=0&locationId=0&typeId=LandAgro,homes.bg,2036,2025-06-04,17444,,,,
"Земеделска земя, 1052m²","Категория 9, Лозе",5000.0,ЛЕВА,False, продажба,,Бургас,кв. Рудник,,,,https://homes.bg/offer/zemya-za-prodazhba/zemedelska-zemya-1052m2-burgas-kv.-rudnik/la23158,0.0,2025-06-04 18:03:59.080529,https://www.homes.bg/api/offers??currencyId=1&filterOrderBy=0&locationId=0&typeId=LandAgro,homes.bg,2036,2025-06-04,23158,,,,
"Земеделска земя, 1500m²",Нива,36000.0,EUR,False, продажба,,Пловдив,с.Граф-Игнатиево,,,,https://homes.bg/offer/zemya-za-prodazhba/zemedelska-zemya-1500m2-plovdiv-s.graf-ignatievo/la23916,9.0,2025-06-04 18:03:59.080549,https://www.homes.bg/api/offers??currencyId=1&filterOrderBy=0&locationId=0&typeId=LandAgro,homes.bg,2036,2025-06-04,23916,,,,
"Земеделска земя, 2205m²",Нива,100000.0,EUR,False, продажба,,Шумен,с.Косово,,,,https://homes.bg/offer/zemya-za-prodazhba/zemedelska-zemya-2205m2-shumen-s.kosovo/la34838,10.0,2025-06-04 18:03:59.080569,https://www.homes.bg/api/offers??currencyId=1&filterOrderBy=0&locationId=0&typeId=LandAgro,homes.bg,2036,2025-06-04,34838,,,,
"Земеделска земя, 7000m²","Категория 4, Лозе",29500.0,ЛЕВА,False, продажба,,Родопи,с.Брестовица,,,,https://homes.bg/offer/zemya-za-prodazhba/zemedelska-zemya-7000m2-rodopi-s.brestovica/la23245,2.0,2025-06-04 18:03:59.080585,https://www.homes.bg/api/offers??currencyId=1&filterOrderBy=0&locationId=0&typeId=LandAgro,homes.bg,2036,2025-06-04,23245,,,,
"Земеделска земя, 120000m²","Категория 4, Овощна градина",300000.0,EUR,False, продажба,,Родопи,с.Брестовица,,,,https://homes.bg/offer/zemya-za-prodazhba/zemedelska-zemya-120000m2-rodopi-s.brestovica/la21441,0.0,2025-06-04 18:03:59.080598,https://www.homes.bg/api/offers??currencyId=1&filterOrderBy=0&locationId=0&typeId=LandAgro,homes.bg,2036,2025-06-04,21441,,,,
"Земеделска земя, 1000m²",Гора,20500.0,EUR,False, продажба,,Родопи,с.Брестовица,,,,https://homes.bg/offer/zemya-za-prodazhba/zemedelska-zemya-1000m2-rodopi-s.brestovica/la23425,3.0,2025-06-04 18:03:59.080613,https://www.homes.bg/api/offers??currencyId=1&filterOrderBy=0&locationId=0&typeId=LandAgro,homes.bg,2036,2025-06-04,23425,,,,
"Земеделска земя, 9140m²","Категория 4, Нива",93500.0,ЛЕВА,False, продажба,,Родопи,с.Брестовица,,,,https://homes.bg/offer/zemya-za-prodazhba/zemedelska-zemya-9140m2-rodopi-s.brestovica/la22222,3.0,2025-06-04 18:03:59.080628,https://www.homes.bg/api/offers??currencyId=1&filterOrderBy=0&locationId=0&typeId=LandAgro,homes.bg,2036,2025-06-04,22222,,,,
"Земеделска земя, 12211m²",Овощна градина,12000.0,EUR,False, продажба,,Павликени,с.Върбовка,,,,https://homes.bg/offer/zemya-za-prodazhba/zemedelska-zemya-12211m2-pavlikeni-s.vyrbovka/la34841,1.0,2025-06-04 18:03:59.080644,https://www.homes.bg/api/offers??currencyId=1&filterOrderBy=0&locationId=0&typeId=LandAgro,homes.bg,2036,2025-06-04,34841,,,,
"Земеделска земя, 10238m²",Друго,296902.0,EUR,False, продажба,,София -,с.Железница,,,,https://homes.bg/offer/zemya-za-prodazhba/zemedelska-zemya-10238m2-sofiya---grad-s.zheleznica/la34456,1.0,2025-06-04 18:03:59.080658,https://www.homes.bg/api/offers??currencyId=1&filterOrderBy=0&locationId=0&typeId=LandAgro,homes.bg,2036,2025-06-04,34456,,,,
"Земеделска земя, 1399m²",,140000.0,ЛЕВА,False, продажба,,Благоевград, Втора Промишлена Зона,,,,https://homes.bg/offer/zemya-za-prodazhba/zemedelska-zemya-1399m2-blagoevgrad-vtora-promishlena-zona/la34075,2.0,2025-06-04 18:03:59.080673,https://www.homes.bg/api/offers??currencyId=1&filterOrderBy=0&locationId=0&typeId=LandAgro,homes.bg,2036,2025-06-04,34075,,,,
"Земеделска земя, 4699m²","Категория 4, Нива",97000.0,EUR,False, продажба,,Пловдив,с.Брестовица,,,,https://homes.bg/offer/zemya-za-prodazhba/zemedelska-zemya-4699m2-plovdiv-s.brestovica/la25086,5.0,2025-06-04 18:03:59.080731,https://www.homes.bg/api/offers??currencyId=1&filterOrderBy=0&locationId=0&typeId=LandAgro,homes.bg,2036,2025-06-04,25086,,,,
"Земеделска земя, 6800m²","Категория 4, Нива",140500.0,EUR,False, продажба,,Пловдив,с.Брестовица,,,,https://homes.bg/offer/zemya-za-prodazhba/zemedelska-zemya-6800m2-plovdiv-s.brestovica/la25150,6.0,2025-06-04 18:03:59.080772,https://www.homes.bg/api/offers??currencyId=1&filterOrderBy=0&locationId=0&typeId=LandAgro,homes.bg,2036,2025-06-04,25150,,,,
"Земеделска земя, 4960m²","Категория 5, Нива",60000.0,ЛЕВА,False, продажба,,Плевен,жк. Сторгозия,,,,https://homes.bg/offer/zemya-za-prodazhba/zemedelska-zemya-4960m2-pleven-zhk.-storgoziya/la24140,6.0,2025-06-04 18:03:59.080804,https://www.homes.bg/api/offers??currencyId=1&filterOrderBy=0&locationId=0&typeId=LandAgro,homes.bg,2036,2025-06-04,24140,,,,
"Земеделска земя, 1000m²","Категория 7, Гора",27900.0,EUR,False, продажба,,Куклен,с.Добралък,,,,https://homes.bg/offer/zemya-za-prodazhba/zemedelska-zemya-1000m2-kuklen-s.dobralyk/la25151,1.0,2025-06-04 18:03:59.080820,https://www.homes.bg/api/offers??currencyId=1&filterOrderBy=0&locationId=0&typeId=LandAgro,homes.bg,2036,2025-06-04,25151,,,,
"Земеделска земя, 7200m²","Категория 3, Нива",32000.0,ЛЕВА,False, продажба,,Асеновград,гр.Асеновград,,,,https://homes.bg/offer/zemya-za-prodazhba/zemedelska-zemya-7200m2-asenovgrad-gr.asenovgrad/la19628,2.0,2025-06-04 18:03:59.080835,https://www.homes.bg/api/offers??currencyId=1&filterOrderBy=0&locationId=0&typeId=LandAgro,homes.bg,2036,2025-06-04,19628,,,,
"Земеделска земя, 6752m²","Категория 3, Нива",67520.0,EUR,False, продажба,,Бургас, Северна Промишлена Зона,,,,https://homes.bg/offer/zemya-za-prodazhba/zemedelska-zemya-6752m2-burgas-severna-promishlena-zona/la34837,0.0,2025-06-04 18:03:59.080849,https://www.homes.bg/api/offers??currencyId=1&filterOrderBy=0&locationId=0&typeId=LandAgro,homes.bg,2036,2025-06-04,34837,,,,
"Земеделска земя, 11515m²","Категория 10, Пасище",57600.0,EUR,False, продажба,,Бургас, Северна Промишлена Зона,,,,https://homes.bg/offer/zemya-za-prodazhba/zemedelska-zemya-11515m2-burgas-severna-promishlena-zona/la34520,0.0,2025-06-04 18:03:59.080863,https://www.homes.bg/api/offers??currencyId=1&filterOrderBy=0&locationId=0&typeId=LandAgro,homes.bg,2036,2025-06-04,34520,,,,
"Земеделска земя, 2920m²",Нива,204400.0,EUR,False, продажба,,Пловдив,гр.Асеновград,,,,https://homes.bg/offer/zemya-za-prodazhba/zemedelska-zemya-2920m2-plovdiv-gr.asenovgrad/la24515,1.0,2025-06-04 18:03:59.080877,https://www.homes.bg/api/offers??currencyId=1&filterOrderBy=0&locationId=0&typeId=LandAgro,homes.bg,2036,2025-06-04,24515,,,,
"Земеделска земя, 3700m²","Категория 4, Нива",113000.0,EUR,False, продажба,,Пловдив,с.Марково,,,,https://homes.bg/offer/zemya-za-prodazhba/zemedelska-zemya-3700m2-plovdiv-s.markovo/la34828,1.0,2025-06-04 18:03:59.080892,https://www.homes.bg/api/offers??currencyId=1&filterOrderBy=0&locationId=0&typeId=LandAgro,homes.bg,2036,2025-06-04,34828,,,,
"Земеделска земя, 8796m²","Категория 5, Нива",275000.0,EUR,False, продажба,,Пловдив,с.Труд,,,,https://homes.bg/offer/zemya-za-prodazhba/zemedelska-zemya-8796m2-plovdiv-s.trud/la34830,5.0,2025-06-04 18:03:59.080909,https://www.homes.bg/api/offers??currencyId=1&filterOrderBy=0&locationId=0&typeId=LandAgro,homes.bg,2036,2025-06-04,34830,,,,
"Земеделска земя, 1791m²","Категория 4, Нива",67000.0,EUR,False, продажба,,Пловдив,с.Труд,,,,https://homes.bg/offer/zemya-za-prodazhba/zemedelska-zemya-1791m2-plovdiv-s.trud/la34814,6.0,2025-06-04 18:03:59.080940,https://www.homes.bg/api/offers??currencyId=1&filterOrderBy=0&locationId=0&typeId=LandAgro,homes.bg,2036,2025-06-04,34814,,,,
"Земеделска земя, 3000m²","Категория 4, Нива",110000.0,EUR,False, продажба,,Пловдив,с.Труд,,,,https://homes.bg/offer/zemya-za-prodazhba/zemedelska-zemya-3000m2-plovdiv-s.trud/la34815,6.0,2025-06-04 18:03:59.080961,https://www.homes.bg/api/offers??currencyId=1&filterOrderBy=0&locationId=0&typeId=LandAgro,homes.bg,2036,2025-06-04,34815,,,,
"Земеделска земя, 4000m²","Категория 5, Нива",150000.0,EUR,False, продажба,,Пловдив,с.Труд,,,,https://homes.bg/offer/zemya-za-prodazhba/zemedelska-zemya-4000m2-plovdiv-s.trud/la34813,5.0,2025-06-04 18:03:59.080978,https://www.homes.bg/api/offers??currencyId=1&filterOrderBy=0&locationId=0&typeId=LandAgro,homes.bg,2036,2025-06-04,34813,,,,
"Земеделска земя, 977m²",,107470.0,EUR,False, продажба,,Стражица,с.Лозен,,,,https://homes.bg/offer/zemya-za-prodazhba/zemedelska-zemya-977m2-strazhica-s.lozen/la25261,7.0,2025-06-04 18:03:59.080999,https://www.homes.bg/api/offers??currencyId=1&filterOrderBy=0&locationId=0&typeId=LandAgro,homes.bg,2036,2025-06-04,25261,,,,
"Земеделска земя, 11998m²",,1199800.0,EUR,False, продажба,,София -,,,,,https://homes.bg/offer/zemya-za-prodazhba/zemedelska-zemya-11998m2-sofiya---grad-/la25260,6.0,2025-06-04 18:03:59.081019,https://www.homes.bg/api/offers??currencyId=1&filterOrderBy=0&locationId=0&typeId=LandAgro,homes.bg,2036,2025-06-04,25260,,,,
"Земеделска земя, 3200m²",,320000.0,EUR,False, продажба,,Стражица,с.Лозен,,,,https://homes.bg/offer/zemya-za-prodazhba/zemedelska-zemya-3200m2-strazhica-s.lozen/la25262,4.0,2025-06-04 18:03:59.081039,https://www.homes.bg/api/offers??currencyId=1&filterOrderBy=0&locationId=0&typeId=LandAgro,homes.bg,2036,2025-06-04,25262,,,,
"Земеделска земя, 4235m²",,423500.0,EUR,False, продажба,,София -,,,,,https://homes.bg/offer/zemya-za-prodazhba/zemedelska-zemya-4235m2-sofiya---grad-/la25263,4.0,2025-06-04 18:03:59.081055,https://www.homes.bg/api/offers??currencyId=1&filterOrderBy=0&locationId=0&typeId=LandAgro,homes.bg,2036,2025-06-04,25263,,,,
"Земеделска земя, 10000m²",,36000.0,EUR,False, продажба,,Бургас,с.Веселие,,,,https://homes.bg/offer/zemya-za-prodazhba/zemedelska-zemya-10000m2-burgas-s.veselie/la34617,5.0,2025-06-04 18:03:59.081074,https://www.homes.bg/api/offers??currencyId=1&filterOrderBy=0&locationId=0&typeId=LandAgro,homes.bg,2036,2025-06-04,34617,,,,
"Земеделска земя, 3800m²","Категория 5, Нива",32000.0,EUR,False, продажба,,Пловдив,с.Строево,,,,https://homes.bg/offer/zemya-za-prodazhba/zemedelska-zemya-3800m2-plovdiv-s.stroevo/la34007,5.0,2025-06-04 18:03:59.081095,https://www.homes.bg/api/offers??currencyId=1&filterOrderBy=0&locationId=0&typeId=LandAgro,homes.bg,2036,2025-06-04,34007,,,,
"Земеделска земя, 1692m²",Друго,22000.0,EUR,False, продажба,,Пазарджик,гр.Ракитово,,,,https://homes.bg/offer/zemya-za-prodazhba/zemedelska-zemya-1692m2-pazardzhik-gr.rakitovo/la25153,3.0,2025-06-04 18:03:59.081113,https://www.homes.bg/api/offers??currencyId=1&filterOrderBy=0&locationId=0&typeId=LandAgro,homes.bg,2036,2025-06-04,25153,,,,
"Земеделска земя, 1800m²",Друго,33000.0,EUR,False, продажба,,Пазарджик,яз.Батак,,,,https://homes.bg/offer/zemya-za-prodazhba/zemedelska-zemya-1800m2-pazardzhik-yaz.batak/la25154,5.0,2025-06-04 18:03:59.081133,https://www.homes.bg/api/offers??currencyId=1&filterOrderBy=0&locationId=0&typeId=LandAgro,homes.bg,2036,2025-06-04,25154,,,,
"Земеделска земя, 8250m²",Друго,200000.0,EUR,False, продажба,,София -,с.Мрамор,,,,https://homes.bg/offer/zemya-za-prodazhba/zemedelska-zemya-8250m2-sofiya---grad-s.mramor/la34713,1.0,2025-06-04 18:03:59.081151,https://www.homes.bg/api/offers??currencyId=1&filterOrderBy=0&locationId=0&typeId=LandAgro,homes.bg,2036,2025-06-04,34713,,,,
"Земеделска земя, 9350m²","Категория 4, Нива",25000.0,ЛЕВА,False, продажба,,Стара Загора, Широк център,,,,https://homes.bg/offer/zemya-za-prodazhba/zemedelska-zemya-9350m2-stara-zagora-shirok-centyr/la34228,1.0,2025-06-04 18:03:59.081165,https://www.homes.bg/api/offers??currencyId=1&filterOrderBy=0&locationId=0&typeId=LandAgro,homes.bg,2036,2025-06-04,34228,,,,
"Земеделска земя, 12029m²","Категория 8, Нива",162390.0,EUR,False, продажба,,Koчериново,с.Бараково,,,,https://homes.bg/offer/zemya-za-prodazhba/zemedelska-zemya-12029m2-kocherinovo-s.barakovo/la33613,3.0,2025-06-04 18:03:59.081183,https://www.homes.bg/api/offers??currencyId=1&filterOrderBy=0&locationId=0&typeId=LandAgro,homes.bg,2036,2025-06-04,33613,,,,
"Земеделска земя, 498m²","Категория 7, Нива",10000.0,EUR,False, продажба,,Благоевград,с.Дъбрава,,,,https://homes.bg/offer/zemya-za-prodazhba/zemedelska-zemya-498m2-blagoevgrad-s.dybrava/la34464,3.0,2025-06-04 18:03:59.081197,https://www.homes.bg/api/offers??currencyId=1&filterOrderBy=0&locationId=0&typeId=LandAgro,homes.bg,2036,2025-06-04,34464,,,,
"Земеделска земя, 1000m²","Категория 7, Нива",50000.0,EUR,False, продажба,,Разлог,с.Баня,,,,https://homes.bg/offer/zemya-za-prodazhba/zemedelska-zemya-1000m2-razlog-s.banya/la34463,4.0,2025-06-04 18:03:59.081213,https://www.homes.bg/api/offers??currencyId=1&filterOrderBy=0&locationId=0&typeId=LandAgro,homes.bg,2036,2025-06-04,34463,,,,
"Земеделска земя, 1498m²","Категория 7, Нива",25000.0,EUR,False, продажба,,Благоевград,с.Дъбрава,,,,https://homes.bg/offer/zemya-za-prodazhba/zemedelska-zemya-1498m2-blagoevgrad-s.dybrava/la34466,6.0,2025-06-04 18:03:59.081227,https://www.homes.bg/api/offers??currencyId=1&filterOrderBy=0&locationId=0&typeId=LandAgro,homes.bg,2036,2025-06-04,34466,,,,
"Земеделска земя, 2251m²","Категория 5, Нива",23000.0,EUR,False, продажба,,Koчериново,с.Бараково,,,,https://homes.bg/offer/zemya-za-prodazhba/zemedelska-zemya-2251m2-kocherinovo-s.barakovo/la33615,4.0,2025-06-04 18:03:59.081242,https://www.homes.bg/api/offers??currencyId=1&filterOrderBy=0&locationId=0&typeId=LandAgro,homes.bg,2036,2025-06-04,33615,,,,
"Земеделска земя, 1000m²","Категория 4, Овощна градина",20450.0,EUR,False, продажба,,Благоевград,жк. Струмско,,,,https://homes.bg/offer/zemya-za-prodazhba/zemedelska-zemya-1000m2-blagoevgrad-zhk.-strumsko/la33603,3.0,2025-06-04 18:03:59.081255,https://www.homes.bg/api/offers??currencyId=1&filterOrderBy=0&locationId=0&typeId=LandAgro,homes.bg,2036,2025-06-04,33603,,,,
"Земеделска земя, 950m²","Категория 6, Нива",76000.0,EUR,False, продажба,,Банско,гр.Банско,,,,https://homes.bg/offer/zemya-za-prodazhba/zemedelska-zemya-950m2-bansko-gr.bansko/la34334,3.0,2025-06-04 18:03:59.081267,https://www.homes.bg/api/offers??currencyId=1&filterOrderBy=0&locationId=0&typeId=LandAgro,homes.bg,2036,2025-06-04,34334,,,,
"Земеделска земя, 1000m²","Категория 4, Овощна градина",20450.0,EUR,False, продажба,,Благоевград,жк. Струмско,,,,https://homes.bg/offer/zemya-za-prodazhba/zemedelska-zemya-1000m2-blagoevgrad-zhk.-strumsko/la33604,5.0,2025-06-04 18:03:59.081288,https://www.homes.bg/api/offers??currencyId=1&filterOrderBy=0&locationId=0&typeId=LandAgro,homes.bg,2036,2025-06-04,33604,,,,
"Земеделска земя, 2841m²",Ливада,113640.0,EUR,False, продажба,,Банско,гр.Банско,,,,https://homes.bg/offer/zemya-za-prodazhba/zemedelska-zemya-2841m2-bansko-gr.bansko/la34336,5.0,2025-06-04 18:03:59.081299,https://www.homes.bg/api/offers??currencyId=1&filterOrderBy=0&locationId=0&typeId=LandAgro,homes.bg,2036,2025-06-04,34336,,,,
"Земеделска земя, 1618m²","Категория 6, Нива",64720.0,EUR,False, продажба,,Банско,гр.Банско,,,,https://homes.bg/offer/zemya-za-prodazhba/zemedelska-zemya-1618m2-bansko-gr.bansko/la34344,4.0,2025-06-04 18:03:59.081310,https://www.homes.bg/api/offers??currencyId=1&filterOrderBy=0&locationId=0&typeId=LandAgro,homes.bg,2036,2025-06-04,34344,,,,
"Земеделска земя, 3000m²","Категория 5, Нива",45000.0,ЛЕВА,False, продажба,,Благоевград,с.Рилци,,,,https://homes.bg/offer/zemya-za-prodazhba/zemedelska-zemya-3000m2-blagoevgrad-s.rilci/la34450,2.0,2025-06-04 18:03:59.081320,https://www.homes.bg/api/offers??currencyId=1&filterOrderBy=0&locationId=0&typeId=LandAgro,homes.bg,2036,2025-06-04,34450,,,,
"Земеделска земя, 500m²","Категория 4, Ливада",6900.0,EUR,False, продажба,,Бойчиновци,с.Мърчево,,,,https://homes.bg/offer/zemya-za-prodazhba/zemedelska-zemya-500m2-bojchinovci-s.myrchevo/la34619,10.0,2025-06-04 18:03:59.081333,https://www.homes.bg/api/offers??currencyId=1&filterOrderBy=0&locationId=0&typeId=LandAgro,homes.bg,2036,2025-06-04,34619,,,,
"Земеделска земя, 3230m²",Друго,120000.0,EUR,False, продажба,,Смолян,,,,,https://homes.bg/offer/zemya-za-prodazhba/zemedelska-zemya-3230m2-smolyan-/la34393,5.0,2025-06-04 18:03:59.081345,https://www.homes.bg/api/offers??currencyId=1&filterOrderBy=0&locationId=0&typeId=LandAgro,homes.bg,2036,2025-06-04,34393,,,,
"Земеделска земя, 30000m²",Друго,240000.0,EUR,False, продажба,,Пазарджик,с.Гелеменово,,,,https://homes.bg/offer/zemya-za-prodazhba/zemedelska-zemya-30000m2-pazardzhik-s.gelemenovo/la34506,3.0,2025-06-04 18:03:59.081356,https://www.homes.bg/api/offers??currencyId=1&filterOrderBy=0&locationId=0&typeId=LandAgro,homes.bg,2036,2025-06-04,34506,,,,
"Земеделска земя, 926m²",Нива,47345.0,EUR,False, продажба,,Пловдив,гр.Перущица,,,,https://homes.bg/offer/zemya-za-prodazhba/zemedelska-zemya-926m2-plovdiv-gr.perushtica/la34782,1.0,2025-06-04 18:03:59.081368,https://www.homes.bg/api/offers??currencyId=1&filterOrderBy=0&locationId=0&typeId=LandAgro,homes.bg,2036,2025-06-04,34782,,,,
"Земеделска земя, 3950m²",Друго,40000.0,EUR,False, продажба,,София, Кремиковци,,,,https://homes.bg/offer/zemya-za-prodazhba/zemedelska-zemya-3950m2-sofiya-kremikovci/la33524,3.0,2025-06-04 18:03:59.081379,https://www.homes.bg/api/offers??currencyId=1&filterOrderBy=0&locationId=0&typeId=LandAgro,homes.bg,2036,2025-06-04,33524,,,,
"Земеделска земя, 1380m²",,16500.0,EUR,False, продажба,,Софийска,с.Горна Малина,,,,https://homes.bg/offer/zemya-za-prodazhba/zemedelska-zemya-1380m2-sofijska-s.gorna-malina/la34628,2.0,2025-06-04 18:03:59.081389,https://www.homes.bg/api/offers??currencyId=1&filterOrderBy=0&locationId=0&typeId=LandAgro,homes.bg,2036,2025-06-04,34628,,,,
"Земеделска земя, 11798m²",,354000.0,EUR,False, продажба,,Софийска,с.Пожарево,,,,https://homes.bg/offer/zemya-za-prodazhba/zemedelska-zemya-11798m2-sofijska-s.pozharevo/la33536,1.0,2025-06-04 18:03:59.081400,https://www.homes.bg/api/offers??currencyId=1&filterOrderBy=0&locationId=0&typeId=LandAgro,homes.bg,2036,2025-06-04,33536,,,,
"Земеделска земя, 1464m²","Категория 6, Нива",46300.0,EUR,False, продажба,,Костинброд,гр.Костинброд,,,,https://homes.bg/offer/zemya-za-prodazhba/zemedelska-zemya-1464m2-kostinbrod-gr.kostinbrod/la24756,6.0,2025-06-04 18:03:59.081412,https://www.homes.bg/api/offers??currencyId=1&filterOrderBy=0&locationId=0&typeId=LandAgro,homes.bg,2036,2025-06-04,24756,,,,
"Земеделска земя, 1481m²","Категория 6, Нива",46500.0,EUR,False, продажба,,Костинброд,гр.Костинброд,,,,https://homes.bg/offer/zemya-za-prodazhba/zemedelska-zemya-1481m2-kostinbrod-gr.kostinbrod/la24755,5.0,2025-06-04 18:03:59.081423,https://www.homes.bg/api/offers??currencyId=1&filterOrderBy=0&locationId=0&typeId=LandAgro,homes.bg,2036,2025-06-04,24755,,,,
"Земеделска земя, 17728m²",,23100.0,EUR,False, продажба,,Камено,с.Тръстиково,,,,https://homes.bg/offer/zemya-za-prodazhba/zemedelska-zemya-17728m2-kameno-s.trystikovo/la34821,1.0,2025-06-04 18:03:59.081433,https://www.homes.bg/api/offers??currencyId=1&filterOrderBy=0&locationId=0&typeId=LandAgro,homes.bg,2036,2025-06-04,34821,,,,
"Земеделска земя, 8825m²","Категория 4, Лозе",45000.0,ЛЕВА,False, продажба,,Созопол,с.Равадиново,,,,https://homes.bg/offer/zemya-za-prodazhba/zemedelska-zemya-8825m2-sozopol-s.ravadinovo/la34816,0.0,2025-06-04 18:03:59.081443,https://www.homes.bg/api/offers??currencyId=1&filterOrderBy=0&locationId=0&typeId=LandAgro,homes.bg,2036,2025-06-04,34816,,,,
"Земеделска земя, 1270000m²","Категория 7, Нива",1270000.0,ЛЕВА,False, продажба,,Стара Загора,с.Змейово,,,,https://homes.bg/offer/zemya-za-prodazhba/zemedelska-zemya-1270000m2-stara-zagora-s.zmejovo/la15089,0.0,2025-06-04 18:03:59.081453,https://www.homes.bg/api/offers??currencyId=1&filterOrderBy=0&locationId=0&typeId=LandAgro,homes.bg,2036,2025-06-04,15089,,,,
"Земеделска земя, 2700m²","Категория 5, Нива",10999.0,EUR,False, продажба,,Пловдив,с.Царацово,,,,https://homes.bg/offer/zemya-za-prodazhba/zemedelska-zemya-2700m2-plovdiv-s.caracovo/la34805,1.0,2025-06-04 18:03:59.081463,https://www.homes.bg/api/offers??currencyId=1&filterOrderBy=0&locationId=0&typeId=LandAgro,homes.bg,2036,2025-06-04,34805,,,,
"Земеделска земя, 12600m²",Нива,136500.0,EUR,False, продажба,,Пловдив,с.Бенковски,,,,https://homes.bg/offer/zemya-za-prodazhba/zemedelska-zemya-12600m2-plovdiv-s.benkovski/la34806,1.0,2025-06-04 18:03:59.081475,https://www.homes.bg/api/offers??currencyId=1&filterOrderBy=0&locationId=0&typeId=LandAgro,homes.bg,2036,2025-06-04,34806,,,,
"Земеделска земя, 3606m²","Категория 4, Нива",33999.0,EUR,False, продажба,,Пловдив,гр.Съединение,,,,https://homes.bg/offer/zemya-za-prodazhba/zemedelska-zemya-3606m2-plovdiv-gr.syedinenie/la34804,1.0,2025-06-04 18:03:59.081487,https://www.homes.bg/api/offers??currencyId=1&filterOrderBy=0&locationId=0&typeId=LandAgro,homes.bg,2036,2025-06-04,34804,,,,
"Земеделска земя, 5000m²",Нива,87000.0,EUR,False, продажба,,Пловдив,с.Златитрап,,,,https://homes.bg/offer/zemya-za-prodazhba/zemedelska-zemya-5000m2-plovdiv-s.zlatitrap/la34803,1.0,2025-06-04 18:03:59.081498,https://www.homes.bg/api/offers??currencyId=1&filterOrderBy=0&locationId=0&typeId=LandAgro,homes.bg,2036,2025-06-04,34803,,,,
"Земеделска земя, 4700m²",Нива,205999.0,EUR,False, продажба,,Пловдив, Индустриална зона - Юг,,,,https://homes.bg/offer/zemya-za-prodazhba/zemedelska-zemya-4700m2-plovdiv-industrialna-zona---jug/la34801,1.0,2025-06-04 18:03:59.081507,https://www.homes.bg/api/offers??currencyId=1&filterOrderBy=0&locationId=0&typeId=LandAgro,homes.bg,2036,2025-06-04,34801,,,,
"Земеделска земя, 7000m²","Категория 4, Нива",350000.0,EUR,False, продажба,,Пловдив, Индустриална зона - Юг,,,,https://homes.bg/offer/zemya-za-prodazhba/zemedelska-zemya-7000m2-plovdiv-industrialna-zona---jug/la34802,1.0,2025-06-04 18:03:59.081518,https://www.homes.bg/api/offers??currencyId=1&filterOrderBy=0&locationId=0&typeId=LandAgro,homes.bg,2036,2025-06-04,34802,,,,
"Земеделска земя, 4000m²",Нива,24000.0,EUR,False, продажба,,Пловдив,с.Труд,,,,https://homes.bg/offer/zemya-za-prodazhba/zemedelska-zemya-4000m2-plovdiv-s.trud/la34800,1.0,2025-06-04 18:03:59.081529,https://www.homes.bg/api/offers??currencyId=1&filterOrderBy=0&locationId=0&typeId=LandAgro,homes.bg,2036,2025-06-04,34800,,,,
"Земеделска земя, 13000m²",Нива,46527.0,EUR,False, продажба,,Пловдив,с.Първенец,,,,https://homes.bg/offer/zemya-za-prodazhba/zemedelska-zemya-13000m2-plovdiv-s.pyrvenec/la34799,1.0,2025-06-04 18:03:59.081539,https://www.homes.bg/api/offers??currencyId=1&filterOrderBy=0&locationId=0&typeId=LandAgro,homes.bg,2036,2025-06-04,34799,,,,
"Земеделска земя, 9500m²","Категория 4, Нива",72000.0,EUR,False, продажба,,Пловдив,с.Цалапица,,,,https://homes.bg/offer/zemya-za-prodazhba/zemedelska-zemya-9500m2-plovdiv-s.calapica/la34797,1.0,2025-06-04 18:03:59.081549,https://www.homes.bg/api/offers??currencyId=1&filterOrderBy=0&locationId=0&typeId=LandAgro,homes.bg,2036,2025-06-04,34797,,,,
"Земеделска земя, 19500m²",Нива,52669.0,EUR,False, продажба,,Пловдив,с.Радиново,,,,https://homes.bg/offer/zemya-za-prodazhba/zemedelska-zemya-19500m2-plovdiv-s.radinovo/la34798,1.0,2025-06-04 18:03:59.081561,https://www.homes.bg/api/offers??currencyId=1&filterOrderBy=0&locationId=0&typeId=LandAgro,homes.bg,2036,2025-06-04,34798,,,,
"Земеделска земя, 8898m²",Нива,133000.0,EUR,False, продажба,,Пловдив,с.Труд,,,,https://homes.bg/offer/zemya-za-prodazhba/zemedelska-zemya-8898m2-plovdiv-s.trud/la34796,1.0,2025-06-04 18:03:59.081571,https://www.homes.bg/api/offers??currencyId=1&filterOrderBy=0&locationId=0&typeId=LandAgro,homes.bg,2036,2025-06-04,34796,,,,
"Земеделска земя, 11600m²",Нива,88990.0,EUR,False, продажба,,Пловдив,с.Дълго Поле,,,,https://homes.bg/offer/zemya-za-prodazhba/zemedelska-zemya-11600m2-plovdiv-s.dylgo-pole/la34794,1.0,2025-06-04 18:03:59.081582,https://www.homes.bg/api/offers??currencyId=1&filterOrderBy=0&locationId=0&typeId=LandAgro,homes.bg,2036,2025-06-04,34794,,,,
"Земеделска земя, 9600m²",Нива,96000.0,EUR,False, продажба,,Пловдив,с.Цалапица,,,,https://homes.bg/offer/zemya-za-prodazhba/zemedelska-zemya-9600m2-plovdiv-s.calapica/la34789,1.0,2025-06-04 18:03:59.081592,https://www.homes.bg/api/offers??currencyId=1&filterOrderBy=0&locationId=0&typeId=LandAgro,homes.bg,2036,2025-06-04,34789,,,,
"Земеделска земя, 6003m²",Нива,185500.0,EUR,False, продажба,,Пловдив, Индустриална зона - Юг,,,,https://homes.bg/offer/zemya-za-prodazhba/zemedelska-zemya-6003m2-plovdiv-industrialna-zona---jug/la34791,1.0,2025-06-04 18:03:59.081601,https://www.homes.bg/api/offers??currencyId=1&filterOrderBy=0&locationId=0&typeId=LandAgro,homes.bg,2036,2025-06-04,34791,,,,
"Земеделска земя, 6262m²",Нива,51500.0,EUR,False, продажба,,Пловдив,с.Ново Село,,,,https://homes.bg/offer/zemya-za-prodazhba/zemedelska-zemya-6262m2-plovdiv-s.novo-selo/la34788,1.0,2025-06-04 18:03:59.081611,https://www.homes.bg/api/offers??currencyId=1&filterOrderBy=0&locationId=0&typeId=LandAgro,homes.bg,2036,2025-06-04,34788,,,,
"Земеделска земя, 8000m²",Нива,83000.0,EUR,False, продажба,,Пловдив,с.Крумово,,,,https://homes.bg/offer/zemya-za-prodazhba/zemedelska-zemya-8000m2-plovdiv-s.krumovo/la34787,1.0,2025-06-04 18:03:59.081621,https://www.homes.bg/api/offers??currencyId=1&filterOrderBy=0&locationId=0&typeId=LandAgro,homes.bg,2036,2025-06-04,34787,,,,
"Земеделска земя, 6825m²","Категория 4, Нива",210000.0,EUR,False, продажба,,Пловдив, Индустриална зона - Север,,,,https://homes.bg/offer/zemya-za-prodazhba/zemedelska-zemya-6825m2-plovdiv-industrialna-zona---sever/la34786,1.0,2025-06-04 18:03:59.081631,https://www.homes.bg/api/offers??currencyId=1&filterOrderBy=0&locationId=0&typeId=LandAgro,homes.bg,2036,2025-06-04,34786,,,,
"Земеделска земя, 2949m²",Нива,73725.0,EUR,False, продажба,,Пловдив, Индустриална зона - Юг,,,,https://homes.bg/offer/zemya-za-prodazhba/zemedelska-zemya-2949m2-plovdiv-industrialna-zona---jug/la34785,1.0,2025-06-04 18:03:59.081641,https://www.homes.bg/api/offers??currencyId=1&filterOrderBy=0&locationId=0&typeId=LandAgro,homes.bg,2036,2025-06-04,34785,,,,
"Земеделска земя, 2155m²","Категория 4, Нива",111000.0,EUR,False, продажба,,Пловдив,с.Първенец,,,,https://homes.bg/offer/zemya-za-prodazhba/zemedelska-zemya-2155m2-plovdiv-s.pyrvenec/la34783,1.0,2025-06-04 18:03:59.081651,https://www.homes.bg/api/offers??currencyId=1&filterOrderBy=0&locationId=0&typeId=LandAgro,homes.bg,2036,2025-06-04,34783,,,,
"Земеделска земя, 4000m²","Категория 5, Нива",150000.0,ЛЕВА,False, продажба,,Хасково,жк. Бадема,,,,https://homes.bg/offer/zemya-za-prodazhba/zemedelska-zemya-4000m2-haskovo-zhk.-badema/la23943,0.0,2025-06-04 18:03:59.081661,https://www.homes.bg/api/offers??currencyId=1&filterOrderBy=0&locationId=0&typeId=LandAgro,homes.bg,2036,2025-06-04,23943,,,,
"Земеделска земя, 6670m²","Категория 10, Нива",106720.0,EUR,False, продажба,,Пловдив,с.Радиново,,,,https://homes.bg/offer/zemya-za-prodazhba/zemedelska-zemya-6670m2-plovdiv-s.radinovo/la34591,6.0,2025-06-04 18:03:59.081672,https://www.homes.bg/api/offers??currencyId=1&filterOrderBy=0&locationId=0&typeId=LandAgro,homes.bg,2036,2025-06-04,34591,,,,
"Земеделска земя, 5400m²",Нива,291600.0,EUR,False, продажба,,Пловдив,гр.Асеновград,,,,https://homes.bg/offer/zemya-za-prodazhba/zemedelska-zemya-5400m2-plovdiv-gr.asenovgrad/la22680,1.0,2025-06-04 18:03:59.081682,https://www.homes.bg/api/offers??currencyId=1&filterOrderBy=0&locationId=0&typeId=LandAgro,homes.bg,2036,2025-06-04,22680,,,,
"Земеделска земя, 2500m²",Нива,35000.0,ЛЕВА,False, продажба,,Пловдив,с.Ягодово,,,,https://homes.bg/offer/zemya-za-prodazhba/zemedelska-zemya-2500m2-plovdiv-s.yagodovo/la34777,1.0,2025-06-04 18:03:59.081705,https://www.homes.bg/api/offers??currencyId=1&filterOrderBy=0&locationId=0&typeId=LandAgro,homes.bg,2036,2025-06-04,34777,,,,
"Земеделска земя, 1425m²",,35000.0,EUR,False, продажба,,Софийска,гр.Костинброд,,,,https://homes.bg/offer/zemya-za-prodazhba/zemedelska-zemya-1425m2-sofijska-gr.kostinbrod/la34679,4.0,2025-06-04 18:03:59.081717,https://www.homes.bg/api/offers??currencyId=1&filterOrderBy=0&locationId=0&typeId=LandAgro,homes.bg,2036,2025-06-04,34679,,,,
"Земеделска земя, 2559m²",,30000.0,EUR,False, продажба,,Софийска,с.Горна Малина,,,,https://homes.bg/offer/zemya-za-prodazhba/zemedelska-zemya-2559m2-sofijska-s.gorna-malina/la34629,2.0,2025-06-04 18:03:59.081728,https://www.homes.bg/api/offers??currencyId=1&filterOrderBy=0&locationId=0&typeId=LandAgro,homes.bg,2036,2025-06-04,34629,,,,
"Земеделска земя, 1549m²",,18500.0,EUR,False, продажба,,Софийска,с.Горна Малина,,,,https://homes.bg/offer/zemya-za-prodazhba/zemedelska-zemya-1549m2-sofijska-s.gorna-malina/la34630,1.0,2025-06-04 18:03:59.081743,https://www.homes.bg/api/offers??currencyId=1&filterOrderBy=0&locationId=0&typeId=LandAgro,homes.bg,2036,2025-06-04,34630,,,,
"Земеделска земя, 7702m²","Категория 4, Нива",42000.0,ЛЕВА,False, продажба,,Поморие,с.Ахелой,,,,https://homes.bg/offer/zemya-za-prodazhba/zemedelska-zemya-7702m2-pomorie-s.aheloj/la34771,0.0,2025-06-04 18:03:59.081753,https://www.homes.bg/api/offers??currencyId=1&filterOrderBy=0&locationId=0&typeId=LandAgro,homes.bg,2036,2025-06-04,34771,,,,
"Земеделска земя, 1318m²","Категория 3, Лозе",21100.0,EUR,False, продажба,,Поморие,с.Ахелой,,,,https://homes.bg/offer/zemya-za-prodazhba/zemedelska-zemya-1318m2-pomorie-s.aheloj/la34769,0.0,2025-06-04 18:03:59.081765,https://www.homes.bg/api/offers??currencyId=1&filterOrderBy=0&locationId=0&typeId=LandAgro,homes.bg,2036,2025-06-04,34769,,,,
"Земеделска земя, 3857m²","Категория 3, Овощна градина",173600.0,EUR,False, продажба,,Несебър,с.Кошарица,,,,https://homes.bg/offer/zemya-za-prodazhba/zemedelska-zemya-3857m2-nesebyr-s.kosharica/la34768,0.0,2025-06-04 18:03:59.081776,https://www.homes.bg/api/offers??currencyId=1&filterOrderBy=0&locationId=0&typeId=LandAgro,homes.bg,2036,2025-06-04,34768,,,,
"Земеделска земя, 3500m²",,70000.0,EUR,False, продажба,,Софийска,с.Храбърско,,,,https://homes.bg/offer/zemya-za-prodazhba/zemedelska-zemya-3500m2-sofijska-s.hrabyrsko/la34764,2.0,2025-06-04 18:03:59.081798,https://www.homes.bg/api/offers??currencyId=1&filterOrderBy=0&locationId=0&typeId=LandAgro,homes.bg,2036,2025-06-04,34764,,,,
"Земеделска земя, 1400m²",Друго,42000.0,EUR,False, продажба,,Благоевград,,,,,https://homes.bg/offer/zemya-za-prodazhba/zemedelska-zemya-1400m2-blagoevgrad-/la34249,4.0,2025-06-04 18:03:59.081808,https://www.homes.bg/api/offers??currencyId=1&filterOrderBy=0&locationId=0&typeId=LandAgro,homes.bg,2036,2025-06-04,34249,,,,
"Земеделска земя, 600m²",Друго,14000.0,EUR,False, продажба,,Благоевград,с.Рилци,,,,https://homes.bg/offer/zemya-za-prodazhba/zemedelska-zemya-600m2-blagoevgrad-s.rilci/la34250,7.0,2025-06-04 18:04:02.077511,https://www.homes.bg/api/offers??currencyId=1&filterOrderBy=0&locationId=0&typeId=LandAgro,homes.bg,2036,2025-06-04,34250,,,,
"Земеделска земя, 400m²",Друго,8165.0,EUR,False, продажба,,Благоевград,жк. Баларбаши,,,,https://homes.bg/offer/zemya-za-prodazhba/zemedelska-zemya-400m2-blagoevgrad-zhk.-balarbashi/la34251,10.0,2025-06-04 18:04:02.077595,https://www.homes.bg/api/offers??currencyId=1&filterOrderBy=0&locationId=0&typeId=LandAgro,homes.bg,2036,2025-06-04,34251,,,,
"Земеделска земя, 30860m²",Друго,63200.0,EUR,False, продажба,,Шумен,с.Избул,,,,https://homes.bg/offer/zemya-za-prodazhba/zemedelska-zemya-30860m2-shumen-s.izbul/la24196,7.0,2025-06-04 18:04:02.077621,https://www.homes.bg/api/offers??currencyId=1&filterOrderBy=0&locationId=0&typeId=LandAgro,homes.bg,2036,2025-06-04,24196,,,,
"Земеделска земя, 12799m²","Категория 3, Нива",21750.0,EUR,False, продажба,,Велико Търново,с.Леденик,,,,https://homes.bg/offer/zemya-za-prodazhba/zemedelska-zemya-12799m2-veliko-tyrnovo-s.ledenik/la25073,1.0,2025-06-04 18:04:02.077639,https://www.homes.bg/api/offers??currencyId=1&filterOrderBy=0&locationId=0&typeId=LandAgro,homes.bg,2036,2025-06-04,25073,,,,
"Земеделска земя, 12699m²","Категория 8, Нива",81800.0,EUR,False, продажба,,Велико Търново,с.Леденик,,,,https://homes.bg/offer/zemya-za-prodazhba/zemedelska-zemya-12699m2-veliko-tyrnovo-s.ledenik/la25074,1.0,2025-06-04 18:04:02.077656,https://www.homes.bg/api/offers??currencyId=1&filterOrderBy=0&locationId=0&typeId=LandAgro,homes.bg,2036,2025-06-04,25074,,,,
"Земеделска земя, 3165m²",,379800.0,EUR,False, продажба,,София -,с.Лозен,,,,https://homes.bg/offer/zemya-za-prodazhba/zemedelska-zemya-3165m2-sofiya---grad-s.lozen/la33848,1.0,2025-06-04 18:04:02.077672,https://www.homes.bg/api/offers??currencyId=1&filterOrderBy=0&locationId=0&typeId=LandAgro,homes.bg,2036,2025-06-04,33848,,,,
"Земеделска земя, 2756m²",,138000.0,EUR,False, продажба,,Варна,с.Тополи,,,,https://homes.bg/offer/zemya-za-prodazhba/zemedelska-zemya-2756m2-varna-s.topoli/la34232,1.0,2025-06-04 18:04:02.077687,https://www.homes.bg/api/offers??currencyId=1&filterOrderBy=0&locationId=0&typeId=LandAgro,homes.bg,2036,2025-06-04,34232,,,,
"Земеделска земя, 607m²","Категория 5, Нива",13000.0,EUR,False, продажба,,Созопол,с.Равадиново,,,,https://homes.bg/offer/zemya-za-prodazhba/zemedelska-zemya-607m2-sozopol-s.ravadinovo/la34758,4.0,2025-06-04 18:04:02.077747,https://www.homes.bg/api/offers??currencyId=1&filterOrderBy=0&locationId=0&typeId=LandAgro,homes.bg,2036,2025-06-04,34758,,,,
"Земеделска земя, 2147483647m²",,20860.0,ЛЕВА,False, продажба,,Добрич,с.Селце,,,,https://homes.bg/offer/zemya-za-prodazhba/zemedelska-zemya-2147483647m2-dobrich-s.selce/la20402,1.0,2025-06-04 18:04:02.077764,https://www.homes.bg/api/offers??currencyId=1&filterOrderBy=0&locationId=0&typeId=LandAgro,homes.bg,2036,2025-06-04,20402,,,,
"Земеделска земя, 21000m²",,43000.0,EUR,False, продажба,,Добрич,с.Ваклино,,,,https://homes.bg/offer/zemya-za-prodazhba/zemedelska-zemya-21000m2-dobrich-s.vaklino/la33851,1.0,2025-06-04 18:04:02.077780,https://www.homes.bg/api/offers??currencyId=1&filterOrderBy=0&locationId=0&typeId=LandAgro,homes.bg,2036,2025-06-04,33851,,,,
"Земеделска земя, 58000m²",,127500.0,EUR,False, продажба,,Добрич,с.Камен Бряг,,,,https://homes.bg/offer/zemya-za-prodazhba/zemedelska-zemya-58000m2-dobrich-s.kamen-bryag/la33919,1.0,2025-06-04 18:04:02.077794,https://www.homes.bg/api/offers??currencyId=1&filterOrderBy=0&locationId=0&typeId=LandAgro,homes.bg,2036,2025-06-04,33919,,,,
"Земеделска земя, 1031m²",,17000.0,ЛЕВА,False, продажба,,Благоевград,с.Дъбрава,,,,https://homes.bg/offer/zemya-za-prodazhba/zemedelska-zemya-1031m2-blagoevgrad-s.dybrava/la34724,0.0,2025-06-04 18:04:02.077809,https://www.homes.bg/api/offers??currencyId=1&filterOrderBy=0&locationId=0&typeId=LandAgro,homes.bg,2036,2025-06-04,34724,,,,
"Земеделска земя, 30000m²",,59800.0,EUR,False, продажба,,Добрич,с.Граничар,,,,https://homes.bg/offer/zemya-za-prodazhba/zemedelska-zemya-30000m2-dobrich-s.granichar/la33917,1.0,2025-06-04 18:04:02.077821,https://www.homes.bg/api/offers??currencyId=1&filterOrderBy=0&locationId=0&typeId=LandAgro,homes.bg,2036,2025-06-04,33917,,,,
"Земеделска земя, 50000m²",,115000.0,EUR,False, продажба,,Добрич,с.Вранино,,,,https://homes.bg/offer/zemya-za-prodazhba/zemedelska-zemya-50000m2-dobrich-s.vranino/la33918,1.0,2025-06-04 18:04:02.077849,https://www.homes.bg/api/offers??currencyId=1&filterOrderBy=0&locationId=0&typeId=LandAgro,homes.bg,2036,2025-06-04,33918,,,,
"Земеделска земя, 16000m²",,29500.0,EUR,False, продажба,,Добрич,с.Видно,,,,https://homes.bg/offer/zemya-za-prodazhba/zemedelska-zemya-16000m2-dobrich-s.vidno/la33920,1.0,2025-06-04 18:04:02.077860,https://www.homes.bg/api/offers??currencyId=1&filterOrderBy=0&locationId=0&typeId=LandAgro,homes.bg,2036,2025-06-04,33920,,,,
"Земеделска земя, 2098m²",,33000.0,ЛЕВА,False, продажба,,Благоевград,с.Дъбрава,,,,https://homes.bg/offer/zemya-za-prodazhba/zemedelska-zemya-2098m2-blagoevgrad-s.dybrava/la34723,0.0,2025-06-04 18:04:02.077871,https://www.homes.bg/api/offers??currencyId=1&filterOrderBy=0&locationId=0&typeId=LandAgro,homes.bg,2036,2025-06-04,34723,,,,
"Земеделска земя, 20000m²",,42950.0,EUR,False, продажба,,Добрич,с.Септемврийци,,,,https://homes.bg/offer/zemya-za-prodazhba/zemedelska-zemya-20000m2-dobrich-s.septemvrijci/la33496,1.0,2025-06-04 18:04:02.077883,https://www.homes.bg/api/offers??currencyId=1&filterOrderBy=0&locationId=0&typeId=LandAgro,homes.bg,2036,2025-06-04,33496,,,,
"Земеделска земя, 49000m²",,110000.0,EUR,False, продажба,,Добрич,гр.Каварна,,,,https://homes.bg/offer/zemya-za-prodazhba/zemedelska-zemya-49000m2-dobrich-gr.kavarna/la33948,1.0,2025-06-04 18:04:02.077894,https://www.homes.bg/api/offers??currencyId=1&filterOrderBy=0&locationId=0&typeId=LandAgro,homes.bg,2036,2025-06-04,33948,,,,
"Земеделска земя, 25000m²",,55000.0,EUR,False, продажба,,Добрич,с.Септемврийци,,,,https://homes.bg/offer/zemya-za-prodazhba/zemedelska-zemya-25000m2-dobrich-s.septemvrijci/la33968,1.0,2025-06-04 18:04:02.077906,https://www.homes.bg/api/offers??currencyId=1&filterOrderBy=0&locationId=0&typeId=LandAgro,homes.bg,2036,2025-06-04,33968,,,,
"Земеделска земя, 1502m²",,24000.0,ЛЕВА,False, продажба,,Благоевград,с.Логодаж,,,,https://homes.bg/offer/zemya-za-prodazhba/zemedelska-zemya-1502m2-blagoevgrad-s.logodazh/la34712,1.0,2025-06-04 18:04:02.077920,https://www.homes.bg/api/offers??currencyId=1&filterOrderBy=0&locationId=0&typeId=LandAgro,homes.bg,2036,2025-06-04,34712,,,,
"Земеделска земя, 445m²",,17100.0,ЛЕВА,False, продажба,,Благоевград, Втора Промишлена Зона,,,,https://homes.bg/offer/zemya-za-prodazhba/zemedelska-zemya-445m2-blagoevgrad-vtora-promishlena-zona/la34722,0.0,2025-06-04 18:04:02.077931,https://www.homes.bg/api/offers??currencyId=1&filterOrderBy=0&locationId=0&typeId=LandAgro,homes.bg,2036,2025-06-04,34722,,,,
"Земеделска земя, 2538m²","Категория 9, Ливада",254000.0,EUR,False, продажба,,София, Долни Пасарел,,,,https://homes.bg/offer/zemya-za-prodazhba/zemedelska-zemya-2538m2-sofiya-dolni-pasarel/la34756,2.0,2025-06-04 18:04:02.077944,https://www.homes.bg/api/offers??currencyId=1&filterOrderBy=0&locationId=0&typeId=LandAgro,homes.bg,2036,2025-06-04,34756,,,,
"Земеделска земя, 595m²",,13100.0,ЛЕВА,False, продажба,,Благоевград,с.Логодаж,,,,https://homes.bg/offer/zemya-za-prodazhba/zemedelska-zemya-595m2-blagoevgrad-s.logodazh/la34717,1.0,2025-06-04 18:04:02.077955,https://www.homes.bg/api/offers??currencyId=1&filterOrderBy=0&locationId=0&typeId=LandAgro,homes.bg,2036,2025-06-04,34717,,,,
"Земеделска земя, 1311m²",,20800.0,ЛЕВА,False, продажба,,Благоевград,с.Логодаж,,,,https://homes.bg/offer/zemya-za-prodazhba/zemedelska-zemya-1311m2-blagoevgrad-s.logodazh/la34718,1.0,2025-06-04 18:04:02.077966,https://www.homes.bg/api/offers??currencyId=1&filterOrderBy=0&locationId=0&typeId=LandAgro,homes.bg,2036,2025-06-04,34718,,,,
"Земеделска земя, 990m²",,21000.0,ЛЕВА,False, продажба,,Благоевград,с.Логодаж,,,,https://homes.bg/offer/zemya-za-prodazhba/zemedelska-zemya-990m2-blagoevgrad-s.logodazh/la34719,1.0,2025-06-04 18:04:02.077977,https://www.homes.bg/api/offers??currencyId=1&filterOrderBy=0&locationId=0&typeId=LandAgro,homes.bg,2036,2025-06-04,34719,,,,
"Земеделска земя, 908m²",,15000.0,ЛЕВА,False, продажба,,Благоевград,с.Логодаж,,,,https://homes.bg/offer/zemya-za-prodazhba/zemedelska-zemya-908m2-blagoevgrad-s.logodazh/la34720,1.0,2025-06-04 18:04:02.077989,https://www.homes.bg/api/offers??currencyId=1&filterOrderBy=0&locationId=0&typeId=LandAgro,homes.bg,2036,2025-06-04,34720,,,,
"Земеделска земя, 11898m²","Категория 5, Нива",200000.0,EUR,False, продажба,,Банкя,гр.Банкя,,,,https://homes.bg/offer/zemya-za-prodazhba/zemedelska-zemya-11898m2-bankya-gr.bankya/la34754,3.0,2025-06-04 18:04:02.078001,https://www.homes.bg/api/offers??currencyId=1&filterOrderBy=0&locationId=0&typeId=LandAgro,homes.bg,2036,2025-06-04,34754,,,,
"Земеделска земя, 10000m²",Друго,220000.0,EUR,False, продажба,,Добрич,с.Оброчище,,,,https://homes.bg/offer/zemya-za-prodazhba/zemedelska-zemya-10000m2-dobrich-s.obrochishte/la34992,1.0,2025-06-04 18:04:02.078011,https://www.homes.bg/api/offers??currencyId=1&filterOrderBy=0&locationId=0&typeId=LandAgro,homes.bg,2036,2025-06-04,34992,,,,
"Земеделска земя, 1500m²",Друго,118500.0,EUR,False, продажба,,София -,с.Бистрица,,,,https://homes.bg/offer/zemya-za-prodazhba/zemedelska-zemya-1500m2-sofiya---grad-s.bistrica/la34041,1.0,2025-06-04 18:04:02.078023,https://www.homes.bg/api/offers??currencyId=1&filterOrderBy=0&locationId=0&typeId=LandAgro,homes.bg,2036,2025-06-04,34041,,,,
"Земеделска земя, 3001m²",Друго,237079.0,EUR,False, продажба,,София -,с.Бистрица,,,,https://homes.bg/offer/zemya-za-prodazhba/zemedelska-zemya-3001m2-sofiya---grad-s.bistrica/la34040,1.0,2025-06-04 18:04:02.078033,https://www.homes.bg/api/offers??currencyId=1&filterOrderBy=0&locationId=0&typeId=LandAgro,homes.bg,2036,2025-06-04,34040,,,,
"Земеделска земя, 1941m²",Друго,155280.0,EUR,False, продажба,,София -,с.Железница,,,,https://homes.bg/offer/zemya-za-prodazhba/zemedelska-zemya-1941m2-sofiya---grad-s.zheleznica/la34458,1.0,2025-06-04 18:04:02.078046,https://www.homes.bg/api/offers??currencyId=1&filterOrderBy=0&locationId=0&typeId=LandAgro,homes.bg,2036,2025-06-04,34458,,,,
"Земеделска земя, 993m²",,5200.0,ЛЕВА,False, продажба,,Благоевград,с.Логодаж,,,,https://homes.bg/offer/zemya-za-prodazhba/zemedelska-zemya-993m2-blagoevgrad-s.logodazh/la34697,1.0,2025-06-04 18:04:02.078059,https://www.homes.bg/api/offers??currencyId=1&filterOrderBy=0&locationId=0&typeId=LandAgro,homes.bg,2036,2025-06-04,34697,,,,
"Земеделска земя, 695m²",,4200.0,ЛЕВА,False, продажба,,Благоевград,с.Логодаж,,,,https://homes.bg/offer/zemya-za-prodazhba/zemedelska-zemya-695m2-blagoevgrad-s.logodazh/la34698,1.0,2025-06-04 18:04:02.078071,https://www.homes.bg/api/offers??currencyId=1&filterOrderBy=0&locationId=0&typeId=LandAgro,homes.bg,2036,2025-06-04,34698,,,,
"Земеделска земя, 6000m²",,186000.0,ЛЕВА,False, продажба,,Благоевград,с.Рилци,,,,https://homes.bg/offer/zemya-za-prodazhba/zemedelska-zemya-6000m2-blagoevgrad-s.rilci/la34678,1.0,2025-06-04 18:04:02.078082,https://www.homes.bg/api/offers??currencyId=1&filterOrderBy=0&locationId=0&typeId=LandAgro,homes.bg,2036,2025-06-04,34678,,,,
"Земеделска земя, 860m²",,5000.0,ЛЕВА,False, продажба,,Благоевград,с.Логодаж,,,,https://homes.bg/offer/zemya-za-prodazhba/zemedelska-zemya-860m2-blagoevgrad-s.logodazh/la34699,1.0,2025-06-04 18:04:02.078093,https://www.homes.bg/api/offers??currencyId=1&filterOrderBy=0&locationId=0&typeId=LandAgro,homes.bg,2036,2025-06-04,34699,,,,
"Земеделска земя, 3412m²",,31000.0,ЛЕВА,False, продажба,,Ямбол, Промишлена Зона ,,,,https://homes.bg/offer/zemya-za-prodazhba/zemedelska-zemya-3412m2-yambol-promishlena-zona/la33809,1.0,2025-06-04 18:04:02.078104,https://www.homes.bg/api/offers??currencyId=1&filterOrderBy=0&locationId=0&typeId=LandAgro,homes.bg,2036,2025-06-04,33809,,,,
"Земеделска земя, 5273m²",Нива,274196.0,EUR,False, продажба,,Пловдив,с.Марково,,,,https://homes.bg/offer/zemya-za-prodazhba/zemedelska-zemya-5273m2-plovdiv-s.markovo/la34740,1.0,2025-06-04 18:04:02.078114,https://www.homes.bg/api/offers??currencyId=1&filterOrderBy=0&locationId=0&typeId=LandAgro,homes.bg,2036,2025-06-04,34740,,,,
"Земеделска земя, 2000m²",Нива,92700.0,ЛЕВА,False, продажба,,Добрич,Добрич,,,,https://homes.bg/offer/zemya-za-prodazhba/zemedelska-zemya-2000m2-dobrich-dobrich/la34739,1.0,2025-06-04 18:04:02.078125,https://www.homes.bg/api/offers??currencyId=1&filterOrderBy=0&locationId=0&typeId=LandAgro,homes.bg,2036,2025-06-04,34739,,,,
"Земеделска земя, 6000m²","Категория 4, Нива",72000.0,ЛЕВА,False, продажба,,Дупница,с.Джерман,,,,https://homes.bg/offer/zemya-za-prodazhba/zemedelska-zemya-6000m2-dupnica-s.dzherman/la24800,8.0,2025-06-04 18:04:02.078139,https://www.homes.bg/api/offers??currencyId=1&filterOrderBy=0&locationId=0&typeId=LandAgro,homes.bg,2036,2025-06-04,24800,,,,
"Земеделска земя, 8048m²","Категория 4, Нива",161000.0,EUR,False, продажба,,Варна,с.Близнаци,,,,https://homes.bg/offer/zemya-za-prodazhba/zemedelska-zemya-8048m2-varna-s.bliznaci/la34529,9.0,2025-06-04 18:04:02.078154,https://www.homes.bg/api/offers??currencyId=1&filterOrderBy=0&locationId=0&typeId=LandAgro,homes.bg,2036,2025-06-04,34529,,,,
"Земеделска земя, 3077m²",Нива,150000.0,EUR,False, продажба,,Пловдив,с.Марково,,,,https://homes.bg/offer/zemya-za-prodazhba/zemedelska-zemya-3077m2-plovdiv-s.markovo/la34470,1.0,2025-06-04 18:04:02.078165,https://www.homes.bg/api/offers??currencyId=1&filterOrderBy=0&locationId=0&typeId=LandAgro,homes.bg,2036,2025-06-04,34470,,,,
"Земеделска земя, 34000m²","Категория 4, Нива",156400.0,ЛЕВА,False, продажба,,Сливо Поле,с.Сливо Поле,,,,https://homes.bg/offer/zemya-za-prodazhba/zemedelska-zemya-34000m2-slivo-pole-s.slivo-pole/la24288,4.0,2025-06-04 18:04:02.078177,https://www.homes.bg/api/offers??currencyId=1&filterOrderBy=0&locationId=0&typeId=LandAgro,homes.bg,2036,2025-06-04,24288,,,,
"Земеделска земя, 3000m²","Категория 3, Нива",81300.0,EUR,False, продажба,,Бургас,гр.Поморие,,,,https://homes.bg/offer/zemya-za-prodazhba/zemedelska-zemya-3000m2-burgas-gr.pomorie/la34737,1.0,2025-06-04 18:04:02.078188,https://www.homes.bg/api/offers??currencyId=1&filterOrderBy=0&locationId=0&typeId=LandAgro,homes.bg,2036,2025-06-04,34737,,,,
"Земеделска земя, 2500m²","Категория 3, Нива",28200.0,EUR,False, продажба,,Бургас,гр.Поморие,,,,https://homes.bg/offer/zemya-za-prodazhba/zemedelska-zemya-2500m2-burgas-gr.pomorie/la34640,1.0,2025-06-04 18:04:02.078198,https://www.homes.bg/api/offers??currencyId=1&filterOrderBy=0&locationId=0&typeId=LandAgro,homes.bg,2036,2025-06-04,34640,,,,
"Земеделска земя, 5000m²",Друго,27000.0,EUR,False, продажба,,Бургас,с.Изгрев,,,,https://homes.bg/offer/zemya-za-prodazhba/zemedelska-zemya-5000m2-burgas-s.izgrev/la34586,3.0,2025-06-04 18:04:02.078211,https://www.homes.bg/api/offers??currencyId=1&filterOrderBy=0&locationId=0&typeId=LandAgro,homes.bg,2036,2025-06-04,34586,,,,
"Земеделска земя, 2000m²","Категория 4, Овощна градина",72000.0,EUR,False, продажба,,Пловдив,с.Костиево,,,,https://homes.bg/offer/zemya-za-prodazhba/zemedelska-zemya-2000m2-plovdiv-s.kostievo/la33854,2.0,2025-06-04 18:04:02.078222,https://www.homes.bg/api/offers??currencyId=1&filterOrderBy=0&locationId=0&typeId=LandAgro,homes.bg,2036,2025-06-04,33854,,,,
"Земеделска земя, 1829m²","Категория 10, Нива",51500.0,ЛЕВА,False, продажба,,Пловдив,с.Марково,,,,https://homes.bg/offer/zemya-za-prodazhba/zemedelska-zemya-1829m2-plovdiv-s.markovo/la26418,7.0,2025-06-04 18:04:02.078236,https://www.homes.bg/api/offers??currencyId=1&filterOrderBy=0&locationId=0&typeId=LandAgro,homes.bg,2036,2025-06-04,26418,,,,
"Земеделска земя, 100m²","Категория 5, Нива",1000.0,ЛЕВА,False, продажба,,Габрово,гр.Севлиево,,,,https://homes.bg/offer/zemya-za-prodazhba/zemedelska-zemya-100m2-gabrovo-gr.sevlievo/la34477,1.0,2025-06-04 18:04:02.078247,https://www.homes.bg/api/offers??currencyId=1&filterOrderBy=0&locationId=0&typeId=LandAgro,homes.bg,2036,2025-06-04,34477,,,,
"Земеделска земя, 7684m²","Категория 8, Пасище",12000.0,ЛЕВА,False, продажба,,Враца,с.Челопек,,,,https://homes.bg/offer/zemya-za-prodazhba/zemedelska-zemya-7684m2-vraca-s.chelopek/la19918,2.0,2025-06-04 18:04:02.078258,https://www.homes.bg/api/offers??currencyId=1&filterOrderBy=0&locationId=0&typeId=LandAgro,homes.bg,2036,2025-06-04,19918,,,,
"Земеделска земя, 2000m²",Гора,21000.0,EUR,False, продажба,,Пловдив,с.Марково,,,,https://homes.bg/offer/zemya-za-prodazhba/zemedelska-zemya-2000m2-plovdiv-s.markovo/la24942,1.0,2025-06-04 18:04:02.078272,https://www.homes.bg/api/offers??currencyId=1&filterOrderBy=0&locationId=0&typeId=LandAgro,homes.bg,2036,2025-06-04,24942,,,,
"Земеделска земя, 4853m²",Друго,23000.0,EUR,False, продажба,,Бургас,с.Ахелой,,,,https://homes.bg/offer/zemya-za-prodazhba/zemedelska-zemya-4853m2-burgas-s.aheloj/la24310,4.0,2025-06-04 18:04:02.078285,https://www.homes.bg/api/offers??currencyId=1&filterOrderBy=0&locationId=0&typeId=LandAgro,homes.bg,2036,2025-06-04,24310,,,,
"Земеделска земя, 2800m²",Друго,19700.0,EUR,False, продажба,,Бургас,гр.Поморие,,,,https://homes.bg/offer/zemya-za-prodazhba/zemedelska-zemya-2800m2-burgas-gr.pomorie/la33648,5.0,2025-06-04 18:04:02.078299,https://www.homes.bg/api/offers??currencyId=1&filterOrderBy=0&locationId=0&typeId=LandAgro,homes.bg,2036,2025-06-04,33648,,,,
"Земеделска земя, 6000m²",Друго,7500.0,EUR,False, продажба,,Бургас,гр.Обзор,,,,https://homes.bg/offer/zemya-za-prodazhba/zemedelska-zemya-6000m2-burgas-gr.obzor/la24621,5.0,2025-06-04 18:04:02.078314,https://www.homes.bg/api/offers??currencyId=1&filterOrderBy=0&locationId=0&typeId=LandAgro,homes.bg,2036,2025-06-04,24621,,,,
"Земеделска земя, 2300m²",Нива,50000.0,EUR,False, продажба,,Пловдив,с.Царацово,,,,https://homes.bg/offer/zemya-za-prodazhba/zemedelska-zemya-2300m2-plovdiv-s.caracovo/la34728,1.0,2025-06-04 18:04:02.078325,https://www.homes.bg/api/offers??currencyId=1&filterOrderBy=0&locationId=0&typeId=LandAgro,homes.bg,2036,2025-06-04,34728,,,,
"Земеделска земя, 5999m²","Категория 4, Нива",60000.0,ЛЕВА,False, продажба,,Плевен,с.Ясен,,,,https://homes.bg/offer/zemya-za-prodazhba/zemedelska-zemya-5999m2-pleven-s.yasen/la19222,3.0,2025-06-04 18:04:02.078337,https://www.homes.bg/api/offers??currencyId=1&filterOrderBy=0&locationId=0&typeId=LandAgro,homes.bg,2036,2025-06-04,19222,,,,
"Земеделска земя, 3373m²","Категория 5, Нива",50595.0,EUR,False, продажба,,Пловдив, Индустриална зона - Изток,,,,https://homes.bg/offer/zemya-za-prodazhba/zemedelska-zemya-3373m2-plovdiv-industrialna-zona---iztok/la34480,5.0,2025-06-04 18:04:02.078351,https://www.homes.bg/api/offers??currencyId=1&filterOrderBy=0&locationId=0&typeId=LandAgro,homes.bg,2036,2025-06-04,34480,,,,
"Земеделска земя, 5853m²","Категория 5, Нива",175590.0,EUR,False, продажба,,Пловдив, Индустриална зона - Изток,,,,https://homes.bg/offer/zemya-za-prodazhba/zemedelska-zemya-5853m2-plovdiv-industrialna-zona---iztok/la34478,6.0,2025-06-04 18:04:02.078367,https://www.homes.bg/api/offers??currencyId=1&filterOrderBy=0&locationId=0&typeId=LandAgro,homes.bg,2036,2025-06-04,34478,,,,
"Земеделска земя, 6866m²","Категория 5, Нива",171650.0,EUR,False, продажба,,Пловдив, Индустриална зона - Изток,,,,https://homes.bg/offer/zemya-za-prodazhba/zemedelska-zemya-6866m2-plovdiv-industrialna-zona---iztok/la34479,4.0,2025-06-04 18:04:02.078379,https://www.homes.bg/api/offers??currencyId=1&filterOrderBy=0&locationId=0&typeId=LandAgro,homes.bg,2036,2025-06-04,34479,,,,
"Земеделска земя, 1014m²","Категория 8, Нива",40000.0,ЛЕВА,False, продажба,,Асеновград,гр.Асеновград,,,,https://homes.bg/offer/zemya-za-prodazhba/zemedelska-zemya-1014m2-asenovgrad-gr.asenovgrad/la33692,3.0,2025-06-04 18:04:02.078390,https://www.homes.bg/api/offers??currencyId=1&filterOrderBy=0&locationId=0&typeId=LandAgro,homes.bg,2036,2025-06-04,33692,,,,
"Земеделска земя, 707m²","Категория 9, Нива",6500.0,ЛЕВА,False, продажба,,Асеновград,гр.Асеновград,,,,https://homes.bg/offer/zemya-za-prodazhba/zemedelska-zemya-707m2-asenovgrad-gr.asenovgrad/la25118,2.0,2025-06-04 18:04:02.078401,https://www.homes.bg/api/offers??currencyId=1&filterOrderBy=0&locationId=0&typeId=LandAgro,homes.bg,2036,2025-06-04,25118,,,,
"Земеделска земя, 2000m²","Категория 8, Нива",4200.0,ЛЕВА,False, продажба,,Асеновград,с.Горнослав,,,,https://homes.bg/offer/zemya-za-prodazhba/zemedelska-zemya-2000m2-asenovgrad-s.gornoslav/la23940,1.0,2025-06-04 18:04:02.078413,https://www.homes.bg/api/offers??currencyId=1&filterOrderBy=0&locationId=0&typeId=LandAgro,homes.bg,2036,2025-06-04,23940,,,,
"Земеделска земя, 2451m²","Категория 9, Нива",8000.0,ЛЕВА,False, продажба,,Асеновград,с.Мулдава,,,,https://homes.bg/offer/zemya-za-prodazhba/zemedelska-zemya-2451m2-asenovgrad-s.muldava/la24677,2.0,2025-06-04 18:04:02.078423,https://www.homes.bg/api/offers??currencyId=1&filterOrderBy=0&locationId=0&typeId=LandAgro,homes.bg,2036,2025-06-04,24677,,,,
"Земеделска земя, 360000m²",,800000.0,ЛЕВА,False, продажба,,Сливен,с.Кортен,,,,https://homes.bg/offer/zemya-za-prodazhba/zemedelska-zemya-360000m2-sliven-s.korten/la34689,10.0,2025-06-04 18:04:02.078437,https://www.homes.bg/api/offers??currencyId=1&filterOrderBy=0&locationId=0&typeId=LandAgro,homes.bg,2036,2025-06-04,34689,,,,
"Земеделска земя, 4000m²","Категория 4, Овощна градина",3600.0,EUR,False, продажба,,Велико Търново,с.Войнежа,,,,https://homes.bg/offer/zemya-za-prodazhba/zemedelska-zemya-4000m2-veliko-tyrnovo-s.vojnezha/la33889,10.0,2025-06-04 18:04:02.078450,https://www.homes.bg/api/offers??currencyId=1&filterOrderBy=0&locationId=0&typeId=LandAgro,homes.bg,2036,2025-06-04,33889,,,,
"Земеделска земя, 3393m²",,101790.0,ЛЕВА,False, продажба,,Благоевград,с.Полена,,,,https://homes.bg/offer/zemya-za-prodazhba/zemedelska-zemya-3393m2-blagoevgrad-s.polena/la22784,1.0,2025-06-04 18:04:02.078460,https://www.homes.bg/api/offers??currencyId=1&filterOrderBy=0&locationId=0&typeId=LandAgro,homes.bg,2036,2025-06-04,22784,,,,
"Земеделска земя, 2340m²","Категория 4, Друго",171000.0,EUR,False, продажба,,Бургас,кв. Крайморие,,,,https://homes.bg/offer/zemya-za-prodazhba/zemedelska-zemya-2340m2-burgas-kv.-krajmorie/la34727,0.0,2025-06-04 18:04:02.078471,https://www.homes.bg/api/offers??currencyId=1&filterOrderBy=0&locationId=0&typeId=LandAgro,homes.bg,2036,2025-06-04,34727,,,,
"Земеделска земя, 1233m²",,10000.0,EUR,False, продажба,,Плевен,жк. Кайлъка,,,,https://homes.bg/offer/zemya-za-prodazhba/zemedelska-zemya-1233m2-pleven-zhk.-kajlyka/la34708,1.0,2025-06-04 18:04:02.078482,https://www.homes.bg/api/offers??currencyId=1&filterOrderBy=0&locationId=0&typeId=LandAgro,homes.bg,2036,2025-06-04,34708,,,,
"Земеделска земя, 351m²",,31200.0,ЛЕВА,False, продажба,,Благоевград,жк. Струмско,,,,https://homes.bg/offer/zemya-za-prodazhba/zemedelska-zemya-351m2-blagoevgrad-zhk.-strumsko/la34631,1.0,2025-06-04 18:04:02.078495,https://www.homes.bg/api/offers??currencyId=1&filterOrderBy=0&locationId=0&typeId=LandAgro,homes.bg,2036,2025-06-04,34631,,,,
"Земеделска земя, 365m²",,31200.0,ЛЕВА,False, продажба,,Благоевград,жк. Струмско,,,,https://homes.bg/offer/zemya-za-prodazhba/zemedelska-zemya-365m2-blagoevgrad-zhk.-strumsko/la34632,1.0,2025-06-04 18:04:02.078505,https://www.homes.bg/api/offers??currencyId=1&filterOrderBy=0&locationId=0&typeId=LandAgro,homes.bg,2036,2025-06-04,34632,,,,
"Земеделска земя, 5870m²","Категория 5, Нива",0.0,EUR,False, продажба,,Разлог,гр.Разлог,,,,https://homes.bg/offer/zemya-za-prodazhba/zemedelska-zemya-5870m2-razlog-gr.razlog/la20361,1.0,2025-06-04 18:04:02.078516,https://www.homes.bg/api/offers??currencyId=1&filterOrderBy=0&locationId=0&typeId=LandAgro,homes.bg,2036,2025-06-04,20361,,,,
"Земеделска земя, 1886m²","Категория 6, Ливада",0.0,EUR,False, продажба,,Разлог,гр.Разлог,,,,https://homes.bg/offer/zemya-za-prodazhba/zemedelska-zemya-1886m2-razlog-gr.razlog/la20365,1.0,2025-06-04 18:04:02.078527,https://www.homes.bg/api/offers??currencyId=1&filterOrderBy=0&locationId=0&typeId=LandAgro,homes.bg,2036,2025-06-04,20365,,,,
"Земеделска земя, 1501m²","Категория 5, Ливада",0.0,EUR,False, продажба,,Разлог,гр.Разлог,,,,https://homes.bg/offer/zemya-za-prodazhba/zemedelska-zemya-1501m2-razlog-gr.razlog/la20360,1.0,2025-06-04 18:04:02.078538,https://www.homes.bg/api/offers??currencyId=1&filterOrderBy=0&locationId=0&typeId=LandAgro,homes.bg,2036,2025-06-04,20360,,,,
"Земеделска земя, 21736m²",,33300.0,EUR,False, продажба,,Стара Загора,с.Оряховица,,,,https://homes.bg/offer/zemya-za-prodazhba/zemedelska-zemya-21736m2-stara-zagora-s.oryahovica/la34624,1.0,2025-06-04 18:04:02.078548,https://www.homes.bg/api/offers??currencyId=1&filterOrderBy=0&locationId=0&typeId=LandAgro,homes.bg,2036,2025-06-04,34624,,,,
"Земеделска земя, 8000m²","Категория 4, Лозе",37000.0,EUR,False, продажба,,Сливен,с.Панаретовци,,,,https://homes.bg/offer/zemya-za-prodazhba/zemedelska-zemya-8000m2-sliven-s.panaretovci/la34618,2.0,2025-06-04 18:04:02.078559,https://www.homes.bg/api/offers??currencyId=1&filterOrderBy=0&locationId=0&typeId=LandAgro,homes.bg,2036,2025-06-04,34618,,,,
"Земеделска земя, 2080m²",Друго,20800.0,EUR,False, продажба,,Бургас,с.Кошарица,,,,https://homes.bg/offer/zemya-za-prodazhba/zemedelska-zemya-2080m2-burgas-s.kosharica/la34709,1.0,2025-06-04 18:04:02.078569,https://www.homes.bg/api/offers??currencyId=1&filterOrderBy=0&locationId=0&typeId=LandAgro,homes.bg,2036,2025-06-04,34709,,,,
"Земеделска земя, 8316m²",,4300.0,ЛЕВА,False, продажба,,Ямбол,с.Ботево,,,,https://homes.bg/offer/zemya-za-prodazhba/zemedelska-zemya-8316m2-yambol-s.botevo/la23244,1.0,2025-06-04 18:04:02.078579,https://www.homes.bg/api/offers??currencyId=1&filterOrderBy=0&locationId=0&typeId=LandAgro,homes.bg,2036,2025-06-04,23244,,,,
"Земеделска земя, 3170m²",,50000.0,ЛЕВА,False, продажба,,Благоевград,с.Еленово,,,,https://homes.bg/offer/zemya-za-prodazhba/zemedelska-zemya-3170m2-blagoevgrad-s.elenovo/la34707,1.0,2025-06-04 18:04:02.078590,https://www.homes.bg/api/offers??currencyId=1&filterOrderBy=0&locationId=0&typeId=LandAgro,homes.bg,2036,2025-06-04,34707,,,,
"Земеделска земя, 10160m²",Друго,43500.0,EUR,False, продажба,,Бургас,с.Ахелой,,,,https://homes.bg/offer/zemya-za-prodazhba/zemedelska-zemya-10160m2-burgas-s.aheloj/la24303,5.0,2025-06-04 18:04:02.078602,https://www.homes.bg/api/offers??currencyId=1&filterOrderBy=0&locationId=0&typeId=LandAgro,homes.bg,2036,2025-06-04,24303,,,,
"Земеделска земя, 1000m²",Друго,11200.0,EUR,False, продажба,,Бургас,гр.Царево,,,,https://homes.bg/offer/zemya-za-prodazhba/zemedelska-zemya-1000m2-burgas-gr.carevo/la24454,2.0,2025-06-04 18:04:02.078613,https://www.homes.bg/api/offers??currencyId=1&filterOrderBy=0&locationId=0&typeId=LandAgro,homes.bg,2036,2025-06-04,24454,,,,
"Земеделска земя, 6000m²",Друго,268380.0,EUR,False, продажба,,Бургас,гр.Царево,,,,https://homes.bg/offer/zemya-za-prodazhba/zemedelska-zemya-6000m2-burgas-gr.carevo/la34150,5.0,2025-06-04 18:04:02.078625,https://www.homes.bg/api/offers??currencyId=1&filterOrderBy=0&locationId=0&typeId=LandAgro,homes.bg,2036,2025-06-04,34150,,,,
"Земеделска земя, 757m²",,17000.0,ЛЕВА,False, продажба,,Габрово,гр.Севлиево,,,,https://homes.bg/offer/zemya-za-prodazhba/zemedelska-zemya-757m2-gabrovo-gr.sevlievo/la34096,1.0,2025-06-04 18:04:02.078635,https://www.homes.bg/api/offers??currencyId=1&filterOrderBy=0&locationId=0&typeId=LandAgro,homes.bg,2036,2025-06-04,34096,,,,
"Земеделска земя, 6000m²","Категория 9, Нива",37000.0,ЛЕВА,False, продажба,,Кърджали,с.Глухар,,,,https://homes.bg/offer/zemya-za-prodazhba/zemedelska-zemya-6000m2-kyrdzhali-s.gluhar/la34700,3.0,2025-06-04 18:04:02.078646,https://www.homes.bg/api/offers??currencyId=1&filterOrderBy=0&locationId=0&typeId=LandAgro,homes.bg,2036,2025-06-04,34700,,,,
"Земеделска земя, 9900m²","Категория 4, Нива",105000.0,EUR,False, продажба,,Пловдив,с.Цалапица,,,,https://homes.bg/offer/zemya-za-prodazhba/zemedelska-zemya-9900m2-plovdiv-s.calapica/la34339,2.0,2025-06-04 18:04:02.078656,https://www.homes.bg/api/offers??currencyId=1&filterOrderBy=0&locationId=0&typeId=LandAgro,homes.bg,2036,2025-06-04,34339,,,,
"Земеделска земя, 5709m²",,114180.0,EUR,False, продажба,,Благоевград,с.Крупник,,,,https://homes.bg/offer/zemya-za-prodazhba/zemedelska-zemya-5709m2-blagoevgrad-s.krupnik/la34607,1.0,2025-06-04 18:04:02.078667,https://www.homes.bg/api/offers??currencyId=1&filterOrderBy=0&locationId=0&typeId=LandAgro,homes.bg,2036,2025-06-04,34607,,,,
"Земеделска земя, 3051m²",,10920.0,EUR,False, продажба,,Благоевград,с.Крупник,,,,https://homes.bg/offer/zemya-za-prodazhba/zemedelska-zemya-3051m2-blagoevgrad-s.krupnik/la34608,1.0,2025-06-04 18:04:02.078677,https://www.homes.bg/api/offers??currencyId=1&filterOrderBy=0&locationId=0&typeId=LandAgro,homes.bg,2036,2025-06-04,34608,,,,
"Земеделска земя, 2165m²",,22200.0,EUR,False, продажба,,Благоевград,с.Крупник,,,,https://homes.bg/offer/zemya-za-prodazhba/zemedelska-zemya-2165m2-blagoevgrad-s.krupnik/la34603,1.0,2025-06-04 18:04:02.078690,https://www.homes.bg/api/offers??currencyId=1&filterOrderBy=0&locationId=0&typeId=LandAgro,homes.bg,2036,2025-06-04,34603,,,,
"Земеделска земя, 475m²",,23700.0,EUR,False, продажба,,Смолян,с.Кутела,,,,https://homes.bg/offer/zemya-za-prodazhba/zemedelska-zemya-475m2-smolyan-s.kutela/la33795,1.0,2025-06-04 18:04:02.078714,https://www.homes.bg/api/offers??currencyId=1&filterOrderBy=0&locationId=0&typeId=LandAgro,homes.bg,2036,2025-06-04,33795,,,,
"Земеделска земя, 3219m²",,11520.0,EUR,False, продажба,,Благоевград,с.Крупник,,,,https://homes.bg/offer/zemya-za-prodazhba/zemedelska-zemya-3219m2-blagoevgrad-s.krupnik/la34609,0.0,2025-06-04 18:04:02.078724,https://www.homes.bg/api/offers??currencyId=1&filterOrderBy=0&locationId=0&typeId=LandAgro,homes.bg,2036,2025-06-04,34609,,,,
"Земеделска земя, 703m²",,3600.0,EUR,False, продажба,,Благоевград,с.Крупник,,,,https://homes.bg/offer/zemya-za-prodazhba/zemedelska-zemya-703m2-blagoevgrad-s.krupnik/la34614,1.0,2025-06-04 18:04:02.078734,https://www.homes.bg/api/offers??currencyId=1&filterOrderBy=0&locationId=0&typeId=LandAgro,homes.bg,2036,2025-06-04,34614,,,,
"Земеделска земя, 990m²",,5100.0,EUR,False, продажба,,Благоевград,с.Крупник,,,,https://homes.bg/offer/zemya-za-prodazhba/zemedelska-zemya-990m2-blagoevgrad-s.krupnik/la34615,1.0,2025-06-04 18:04:02.078744,https://www.homes.bg/api/offers??currencyId=1&filterOrderBy=0&locationId=0&typeId=LandAgro,homes.bg,2036,2025-06-04,34615,,,,
"Земеделска земя, 780m²",,4000.0,EUR,False, продажба,,Благоевград,с.Крупник,,,,https://homes.bg/offer/zemya-za-prodazhba/zemedelska-zemya-780m2-blagoevgrad-s.krupnik/la34616,1.0,2025-06-04 18:04:02.078755,https://www.homes.bg/api/offers??currencyId=1&filterOrderBy=0&locationId=0&typeId=LandAgro,homes.bg,2036,2025-06-04,34616,,,,
"Земеделска земя, 942m²",,7225.0,EUR,False, продажба,,Благоевград,с.Полето,,,,https://homes.bg/offer/zemya-za-prodazhba/zemedelska-zemya-942m2-blagoevgrad-s.poleto/la34605,1.0,2025-06-04 18:04:02.078765,https://www.homes.bg/api/offers??currencyId=1&filterOrderBy=0&locationId=0&typeId=LandAgro,homes.bg,2036,2025-06-04,34605,,,,
"Земеделска земя, 3701m²",,13250.0,EUR,False, продажба,,Благоевград,с.Крупник,,,,https://homes.bg/offer/zemya-za-prodazhba/zemedelska-zemya-3701m2-blagoevgrad-s.krupnik/la34610,1.0,2025-06-04 18:04:02.078780,https://www.homes.bg/api/offers??currencyId=1&filterOrderBy=0&locationId=0&typeId=LandAgro,homes.bg,2036,2025-06-04,34610,,,,
"Земеделска земя, 6000m²",,310000.0,ЛЕВА,False, продажба,,Ямбол, Промишлена Зона ,,,,https://homes.bg/offer/zemya-za-prodazhba/zemedelska-zemya-6000m2-yambol-promishlena-zona/la23890,10.0,2025-06-04 18:04:02.078793,https://www.homes.bg/api/offers??currencyId=1&filterOrderBy=0&locationId=0&typeId=LandAgro,homes.bg,2036,2025-06-04,23890,,,,
"Земеделска земя, 1474m²",,7540.0,EUR,False, продажба,,Благоевград,с.Полето,,,,https://homes.bg/offer/zemya-za-prodazhba/zemedelska-zemya-1474m2-blagoevgrad-s.poleto/la34606,1.0,2025-06-04 18:04:02.078806,https://www.homes.bg/api/offers??currencyId=1&filterOrderBy=0&locationId=0&typeId=LandAgro,homes.bg,2036,2025-06-04,34606,,,,
"Земеделска земя, 1044m²",,4300.0,EUR,False, продажба,,Благоевград,с.Крупник,,,,https://homes.bg/offer/zemya-za-prodazhba/zemedelska-zemya-1044m2-blagoevgrad-s.krupnik/la34611,1.0,2025-06-04 18:04:02.078818,https://www.homes.bg/api/offers??currencyId=1&filterOrderBy=0&locationId=0&typeId=LandAgro,homes.bg,2036,2025-06-04,34611,,,,
"Земеделска земя, 842m²",,5200.0,EUR,False, продажба,,Благоевград,с.Крупник,,,,https://homes.bg/offer/zemya-za-prodazhba/zemedelska-zemya-842m2-blagoevgrad-s.krupnik/la34612,1.0,2025-06-04 18:04:02.078828,https://www.homes.bg/api/offers??currencyId=1&filterOrderBy=0&locationId=0&typeId=LandAgro,homes.bg,2036,2025-06-04,34612,,,,
"Земеделска земя, 1859m²",,9550.0,EUR,False, продажба,,Благоевград,с.Крупник,,,,https://homes.bg/offer/zemya-za-prodazhba/zemedelska-zemya-1859m2-blagoevgrad-s.krupnik/la34613,1.0,2025-06-04 18:04:02.078839,https://www.homes.bg/api/offers??currencyId=1&filterOrderBy=0&locationId=0&typeId=LandAgro,homes.bg,2036,2025-06-04,34613,,,,
"Земеделска земя, 4100m²","Категория 4, Нива",213200.0,EUR,False, продажба,,Пловдив,с.Марково,,,,https://homes.bg/offer/zemya-za-prodazhba/zemedelska-zemya-4100m2-plovdiv-s.markovo/la25041,1.0,2025-06-04 18:04:02.078848,https://www.homes.bg/api/offers??currencyId=1&filterOrderBy=0&locationId=0&typeId=LandAgro,homes.bg,2036,2025-06-04,25041,,,,
"Земеделска земя, 11498m²",Нива,344940.0,EUR,False, продажба,,Пловдив,с.Крумово,,,,https://homes.bg/offer/zemya-za-prodazhba/zemedelska-zemya-11498m2-plovdiv-s.krumovo/la24674,1.0,2025-06-04 18:04:02.078859,https://www.homes.bg/api/offers??currencyId=1&filterOrderBy=0&locationId=0&typeId=LandAgro,homes.bg,2036,2025-06-04,24674,,,,
"Земеделска земя, 1001m²",Нива,173400.0,ЛЕВА,False, продажба,,Пловдив,с.Царацово,,,,https://homes.bg/offer/zemya-za-prodazhba/zemedelska-zemya-1001m2-plovdiv-s.caracovo/la34687,2.0,2025-06-04 18:04:04.768824,https://www.homes.bg/api/offers??currencyId=1&filterOrderBy=0&locationId=0&typeId=LandAgro,homes.bg,2036,2025-06-04,34687,,,,
"Земеделска земя, 3668m²",Нива,285000.0,ЛЕВА,False, продажба,,Пловдив,с.Царацово,,,,https://homes.bg/offer/zemya-za-prodazhba/zemedelska-zemya-3668m2-plovdiv-s.caracovo/la34688,1.0,2025-06-04 18:04:04.768902,https://www.homes.bg/api/offers??currencyId=1&filterOrderBy=0&locationId=0&typeId=LandAgro,homes.bg,2036,2025-06-04,34688,,,,
"Земеделска земя, 9112m²",,220000.0,EUR,False, продажба,,Пловдив,с.Калековец,,,,https://homes.bg/offer/zemya-za-prodazhba/zemedelska-zemya-9112m2-plovdiv-s.kalekovec/la23988,1.0,2025-06-04 18:04:04.768924,https://www.homes.bg/api/offers??currencyId=1&filterOrderBy=0&locationId=0&typeId=LandAgro,homes.bg,2036,2025-06-04,23988,,,,
"Земеделска земя, 2211m²",,121000.0,ЛЕВА,False, продажба,,Благоевград,с.Черниче,,,,https://homes.bg/offer/zemya-za-prodazhba/zemedelska-zemya-2211m2-blagoevgrad-s.cherniche/la22883,5.0,2025-06-04 18:04:04.768944,https://www.homes.bg/api/offers??currencyId=1&filterOrderBy=0&locationId=0&typeId=LandAgro,homes.bg,2036,2025-06-04,22883,,,,
"Земеделска земя, 7730m²",Нива,35000.0,EUR,False, продажба,,Пазарджик,с.Добровница,,,,https://homes.bg/offer/zemya-za-prodazhba/zemedelska-zemya-7730m2-pazardzhik-s.dobrovnica/la34677,1.0,2025-06-04 18:04:04.768960,https://www.homes.bg/api/offers??currencyId=1&filterOrderBy=0&locationId=0&typeId=LandAgro,homes.bg,2036,2025-06-04,34677,,,,
"Земеделска земя, 11504m²",,115040.0,ЛЕВА,False, продажба,,Ямбол,с.Дражево,,,,https://homes.bg/offer/zemya-za-prodazhba/zemedelska-zemya-11504m2-yambol-s.drazhevo/la34604,1.0,2025-06-04 18:04:04.768975,https://www.homes.bg/api/offers??currencyId=1&filterOrderBy=0&locationId=0&typeId=LandAgro,homes.bg,2036,2025-06-04,34604,,,,
"Земеделска земя, 3145m²","Категория 4, Нива",47175.0,EUR,False, продажба,,София, Долни Богров,,,,https://homes.bg/offer/zemya-za-prodazhba/zemedelska-zemya-3145m2-sofiya-dolni-bogrov/la13362,2.0,2025-06-04 18:04:04.768991,https://www.homes.bg/api/offers??currencyId=1&filterOrderBy=0&locationId=0&typeId=LandAgro,homes.bg,2036,2025-06-04,13362,,,,
"Земеделска земя, 1065m²","Категория 4, Нива",21300.0,EUR,False, продажба,,София, Долни Богров,,,,https://homes.bg/offer/zemya-za-prodazhba/zemedelska-zemya-1065m2-sofiya-dolni-bogrov/la24361,1.0,2025-06-04 18:04:04.769005,https://www.homes.bg/api/offers??currencyId=1&filterOrderBy=0&locationId=0&typeId=LandAgro,homes.bg,2036,2025-06-04,24361,,,,
"Земеделска земя, 2818m²","Категория 4, Нива",56360.0,EUR,False, продажба,,София, Долни Богров,,,,https://homes.bg/offer/zemya-za-prodazhba/zemedelska-zemya-2818m2-sofiya-dolni-bogrov/la24360,1.0,2025-06-04 18:04:04.769019,https://www.homes.bg/api/offers??currencyId=1&filterOrderBy=0&locationId=0&typeId=LandAgro,homes.bg,2036,2025-06-04,24360,,,,
"Земеделска земя, 4406m²","Категория 5, Нива",154210.0,EUR,False, продажба,,София, Долни Богров,,,,https://homes.bg/offer/zemya-za-prodazhba/zemedelska-zemya-4406m2-sofiya-dolni-bogrov/la24359,1.0,2025-06-04 18:04:04.769032,https://www.homes.bg/api/offers??currencyId=1&filterOrderBy=0&locationId=0&typeId=LandAgro,homes.bg,2036,2025-06-04,24359,,,,
"Земеделска земя, 11624m²",,115000.0,EUR,False, продажба,,Пловдив,с.Желязно,,,,https://homes.bg/offer/zemya-za-prodazhba/zemedelska-zemya-11624m2-plovdiv-s.zhelyazno/la24274,1.0,2025-06-04 18:04:04.769046,https://www.homes.bg/api/offers??currencyId=1&filterOrderBy=0&locationId=0&typeId=LandAgro,homes.bg,2036,2025-06-04,24274,,,,
"Земеделска земя, 4200m²",Нива,45000.0,EUR,False, продажба,,Пловдив,с.Радиново,,,,https://homes.bg/offer/zemya-za-prodazhba/zemedelska-zemya-4200m2-plovdiv-s.radinovo/la34646,1.0,2025-06-04 18:04:04.769060,https://www.homes.bg/api/offers??currencyId=1&filterOrderBy=0&locationId=0&typeId=LandAgro,homes.bg,2036,2025-06-04,34646,,,,
"Земеделска земя, 9488m²","Категория 5, Нива",130000.0,EUR,False, продажба,,Пловдив, Индустриална зона - Север,,,,https://homes.bg/offer/zemya-za-prodazhba/zemedelska-zemya-9488m2-plovdiv-industrialna-zona---sever/la24384,1.0,2025-06-04 18:04:04.769074,https://www.homes.bg/api/offers??currencyId=1&filterOrderBy=0&locationId=0&typeId=LandAgro,homes.bg,2036,2025-06-04,24384,,,,
"Земеделска земя, 3507m²",Нива,75000.0,EUR,False, продажба,,Пловдив,с.Цалапица,,,,https://homes.bg/offer/zemya-za-prodazhba/zemedelska-zemya-3507m2-plovdiv-s.calapica/la24553,5.0,2025-06-04 18:04:04.769091,https://www.homes.bg/api/offers??currencyId=1&filterOrderBy=0&locationId=0&typeId=LandAgro,homes.bg,2036,2025-06-04,24553,,,,
"Земеделска земя, 3401m²",Друго,35500.0,EUR,False, продажба,,Бургас,гр.Поморие,,,,https://homes.bg/offer/zemya-za-prodazhba/zemedelska-zemya-3401m2-burgas-gr.pomorie/la34683,3.0,2025-06-04 18:04:04.769106,https://www.homes.bg/api/offers??currencyId=1&filterOrderBy=0&locationId=0&typeId=LandAgro,homes.bg,2036,2025-06-04,34683,,,,
"Земеделска земя, 4130m²",,63350.0,EUR,False, продажба,,Благоевград,с.Рилци,,,,https://homes.bg/offer/zemya-za-prodazhba/zemedelska-zemya-4130m2-blagoevgrad-s.rilci/la34577,1.0,2025-06-04 18:04:04.769119,https://www.homes.bg/api/offers??currencyId=1&filterOrderBy=0&locationId=0&typeId=LandAgro,homes.bg,2036,2025-06-04,34577,,,,
"Земеделска земя, 4509m²",Нива,150000.0,EUR,False, продажба,,Пловдив,с.Костиево,,,,https://homes.bg/offer/zemya-za-prodazhba/zemedelska-zemya-4509m2-plovdiv-s.kostievo/la34136,2.0,2025-06-04 18:04:04.769134,https://www.homes.bg/api/offers??currencyId=1&filterOrderBy=0&locationId=0&typeId=LandAgro,homes.bg,2036,2025-06-04,34136,,,,
"Земеделска земя, 5558m²",Нива,83370.0,EUR,False, продажба,,Пловдив,кв. Прослав,,,,https://homes.bg/offer/zemya-za-prodazhba/zemedelska-zemya-5558m2-plovdiv-kv.-proslav/la33569,1.0,2025-06-04 18:04:04.769148,https://www.homes.bg/api/offers??currencyId=1&filterOrderBy=0&locationId=0&typeId=LandAgro,homes.bg,2036,2025-06-04,33569,,,,
"Земеделска земя, 3000m²",Лозе,35000.0,EUR,False, продажба,,Варна,с.Генерал-Кантарджиево,,,,https://homes.bg/offer/zemya-za-prodazhba/zemedelska-zemya-3000m2-varna-s.general-kantardzhievo/la34060,1.0,2025-06-04 18:04:04.769162,https://www.homes.bg/api/offers??currencyId=1&filterOrderBy=0&locationId=0&typeId=LandAgro,homes.bg,2036,2025-06-04,34060,,,,
"Земеделска земя, 5451m²",Друго,54510.0,EUR,False, продажба,,Бургас,гр.Поморие,,,,https://homes.bg/offer/zemya-za-prodazhba/zemedelska-zemya-5451m2-burgas-gr.pomorie/la33561,1.0,2025-06-04 18:04:04.769175,https://www.homes.bg/api/offers??currencyId=1&filterOrderBy=0&locationId=0&typeId=LandAgro,homes.bg,2036,2025-06-04,33561,,,,
"Земеделска земя, 445m²",Друго,38000.0,EUR,False, продажба,,Бургас,гр.Созопол,,,,https://homes.bg/offer/zemya-za-prodazhba/zemedelska-zemya-445m2-burgas-gr.sozopol/la24979,1.0,2025-06-04 18:04:04.769200,https://www.homes.bg/api/offers??currencyId=1&filterOrderBy=0&locationId=0&typeId=LandAgro,homes.bg,2036,2025-06-04,24979,,,,
"Земеделска земя, 5551m²",Друго,610610.0,EUR,False, продажба,,Бургас,гр.Созопол,,,,https://homes.bg/offer/zemya-za-prodazhba/zemedelska-zemya-5551m2-burgas-gr.sozopol/la24978,1.0,2025-06-04 18:04:04.769214,https://www.homes.bg/api/offers??currencyId=1&filterOrderBy=0&locationId=0&typeId=LandAgro,homes.bg,2036,2025-06-04,24978,,,,
"Земеделска земя, 2451m²",Друго,98000.0,EUR,False, продажба,,Бургас,гр.Созопол,,,,https://homes.bg/offer/zemya-za-prodazhba/zemedelska-zemya-2451m2-burgas-gr.sozopol/la24981,1.0,2025-06-04 18:04:04.769227,https://www.homes.bg/api/offers??currencyId=1&filterOrderBy=0&locationId=0&typeId=LandAgro,homes.bg,2036,2025-06-04,24981,,,,
"Земеделска земя, 1350m²",Гора,100000.0,EUR,False, продажба,,Бургас,гр.Созопол,,,,https://homes.bg/offer/zemya-za-prodazhba/zemedelska-zemya-1350m2-burgas-gr.sozopol/la24373,1.0,2025-06-04 18:04:04.769241,https://www.homes.bg/api/offers??currencyId=1&filterOrderBy=0&locationId=0&typeId=LandAgro,homes.bg,2036,2025-06-04,24373,,,,
"Земеделска земя, 3344m²",Друго,200000.0,EUR,False, продажба,,Бургас,с.Равадиново,,,,https://homes.bg/offer/zemya-za-prodazhba/zemedelska-zemya-3344m2-burgas-s.ravadinovo/la24980,1.0,2025-06-04 18:04:04.769254,https://www.homes.bg/api/offers??currencyId=1&filterOrderBy=0&locationId=0&typeId=LandAgro,homes.bg,2036,2025-06-04,24980,,,,
"Земеделска земя, 2999m²",Друго,127000.0,EUR,False, продажба,,Бургас,с.Росен,,,,https://homes.bg/offer/zemya-za-prodazhba/zemedelska-zemya-2999m2-burgas-s.rosen/la34432,1.0,2025-06-04 18:04:04.769268,https://www.homes.bg/api/offers??currencyId=1&filterOrderBy=0&locationId=0&typeId=LandAgro,homes.bg,2036,2025-06-04,34432,,,,
"Земеделска земя, 7599m²",Друго,76000.0,EUR,False, продажба,,Бургас,гр.Поморие,,,,https://homes.bg/offer/zemya-za-prodazhba/zemedelska-zemya-7599m2-burgas-gr.pomorie/la21905,1.0,2025-06-04 18:04:04.769282,https://www.homes.bg/api/offers??currencyId=1&filterOrderBy=0&locationId=0&typeId=LandAgro,homes.bg,2036,2025-06-04,21905,,,,
"Земеделска земя, 1777m²",Друго,101500.0,EUR,False, продажба,,Бургас,гр.Ахтопол,,,,https://homes.bg/offer/zemya-za-prodazhba/zemedelska-zemya-1777m2-burgas-gr.ahtopol/la24527,8.0,2025-06-04 18:04:04.769299,https://www.homes.bg/api/offers??currencyId=1&filterOrderBy=0&locationId=0&typeId=LandAgro,homes.bg,2036,2025-06-04,24527,,,,
"Земеделска земя, 5115m²",Друго,264950.0,EUR,False, продажба,,Бургас,с.Ахелой,,,,https://homes.bg/offer/zemya-za-prodazhba/zemedelska-zemya-5115m2-burgas-s.aheloj/la24972,1.0,2025-06-04 18:04:04.769318,https://www.homes.bg/api/offers??currencyId=1&filterOrderBy=0&locationId=0&typeId=LandAgro,homes.bg,2036,2025-06-04,24972,,,,
"Земеделска земя, 1098m²",,14000.0,ЛЕВА,False, продажба,,Благоевград,с.Железница,,,,https://homes.bg/offer/zemya-za-prodazhba/zemedelska-zemya-1098m2-blagoevgrad-s.zheleznica/la21923,1.0,2025-06-04 18:04:04.769331,https://www.homes.bg/api/offers??currencyId=1&filterOrderBy=0&locationId=0&typeId=LandAgro,homes.bg,2036,2025-06-04,21923,,,,
"Земеделска земя, 4231m²",,26000.0,ЛЕВА,False, продажба,,Благоевград,с.Железница,,,,https://homes.bg/offer/zemya-za-prodazhba/zemedelska-zemya-4231m2-blagoevgrad-s.zheleznica/la21925,1.0,2025-06-04 18:04:04.769349,https://www.homes.bg/api/offers??currencyId=1&filterOrderBy=0&locationId=0&typeId=LandAgro,homes.bg,2036,2025-06-04,21925,,,,
"Земеделска земя, 2776m²",,27000.0,ЛЕВА,False, продажба,,Благоевград,с.Железница,,,,https://homes.bg/offer/zemya-za-prodazhba/zemedelska-zemya-2776m2-blagoevgrad-s.zheleznica/la21932,1.0,2025-06-04 18:04:04.769365,https://www.homes.bg/api/offers??currencyId=1&filterOrderBy=0&locationId=0&typeId=LandAgro,homes.bg,2036,2025-06-04,21932,,,,
"Земеделска земя, 1445m²","Категория 4, Ливада",12000.0,ЛЕВА,False, продажба,,Перник,с.Люлин,,,,https://homes.bg/offer/zemya-za-prodazhba/zemedelska-zemya-1445m2-pernik-s.ljulin/la22591,0.0,2025-06-04 18:04:04.769379,https://www.homes.bg/api/offers??currencyId=1&filterOrderBy=0&locationId=0&typeId=LandAgro,homes.bg,2036,2025-06-04,22591,,,,
"Земеделска земя, 10000m²",Гора,8000.0,EUR,False, продажба,,Ямбол,с.Търнава,,,,https://homes.bg/offer/zemya-za-prodazhba/zemedelska-zemya-10000m2-yambol-s.tyrnava/la34643,5.0,2025-06-04 18:04:04.769396,https://www.homes.bg/api/offers??currencyId=1&filterOrderBy=0&locationId=0&typeId=LandAgro,homes.bg,2036,2025-06-04,34643,,,,
"Земеделска земя, 7563m²","Категория 3, Нива",63000.0,EUR,False, продажба,,Пловдив,с.Рогош,,,,https://homes.bg/offer/zemya-za-prodazhba/zemedelska-zemya-7563m2-plovdiv-s.rogosh/la34242,2.0,2025-06-04 18:04:04.769413,https://www.homes.bg/api/offers??currencyId=1&filterOrderBy=0&locationId=0&typeId=LandAgro,homes.bg,2036,2025-06-04,34242,,,,
"Земеделска земя, 21402m²",,129000.0,EUR,False, продажба,,Пловдив,с.Чешнегирово,,,,https://homes.bg/offer/zemya-za-prodazhba/zemedelska-zemya-21402m2-plovdiv-s.cheshnegirovo/la34633,7.0,2025-06-04 18:04:04.769428,https://www.homes.bg/api/offers??currencyId=1&filterOrderBy=0&locationId=0&typeId=LandAgro,homes.bg,2036,2025-06-04,34633,,,,
"Земеделска земя, 120000m²",,456000.0,ЛЕВА,False, продажба,,Ямбол,с.Маломир,,,,https://homes.bg/offer/zemya-za-prodazhba/zemedelska-zemya-120000m2-yambol-s.malomir/la34540,1.0,2025-06-04 18:04:04.769448,https://www.homes.bg/api/offers??currencyId=1&filterOrderBy=0&locationId=0&typeId=LandAgro,homes.bg,2036,2025-06-04,34540,,,,
"Земеделска земя, 15557m²","Категория 4, Нива",150000.0,EUR,False, продажба,,Елин Пелин,гр.Елин Пелин,,,,https://homes.bg/offer/zemya-za-prodazhba/zemedelska-zemya-15557m2-elin-pelin-gr.elin-pelin/la21378,1.0,2025-06-04 18:04:04.769463,https://www.homes.bg/api/offers??currencyId=1&filterOrderBy=0&locationId=0&typeId=LandAgro,homes.bg,2036,2025-06-04,21378,,,,
"Земеделска земя, 2700m²",Нива,34000.0,EUR,False, продажба,,Пловдив,с.Първенец,,,,https://homes.bg/offer/zemya-za-prodazhba/zemedelska-zemya-2700m2-plovdiv-s.pyrvenec/la34507,2.0,2025-06-04 18:04:04.769480,https://www.homes.bg/api/offers??currencyId=1&filterOrderBy=0&locationId=0&typeId=LandAgro,homes.bg,2036,2025-06-04,34507,,,,
"Земеделска земя, 1045m²",,10450.0,EUR,False, продажба,,Пловдив,с.Красново,,,,https://homes.bg/offer/zemya-za-prodazhba/zemedelska-zemya-1045m2-plovdiv-s.krasnovo/la34407,1.0,2025-06-04 18:04:04.769494,https://www.homes.bg/api/offers??currencyId=1&filterOrderBy=0&locationId=0&typeId=LandAgro,homes.bg,2036,2025-06-04,34407,,,,
"Земеделска земя, 2935m²",Гора,146750.0,EUR,False, продажба,,Варна,гр.Бяла,,,,https://homes.bg/offer/zemya-za-prodazhba/zemedelska-zemya-2935m2-varna-gr.byala/la24345,0.0,2025-06-04 18:04:04.769510,https://www.homes.bg/api/offers??currencyId=1&filterOrderBy=0&locationId=0&typeId=LandAgro,homes.bg,2036,2025-06-04,24345,,,,
"Земеделска земя, 4399m²",Нива,240000.0,EUR,False, продажба,,Варна,гр.Бяла,,,,https://homes.bg/offer/zemya-za-prodazhba/zemedelska-zemya-4399m2-varna-gr.byala/la24346,0.0,2025-06-04 18:04:04.769526,https://www.homes.bg/api/offers??currencyId=1&filterOrderBy=0&locationId=0&typeId=LandAgro,homes.bg,2036,2025-06-04,24346,,,,
"Земеделска земя, 4600m²",,92000.0,EUR,False, продажба,,Варна,с.Езерово,,,,https://homes.bg/offer/zemya-za-prodazhba/zemedelska-zemya-4600m2-varna-s.ezerovo/la25123,1.0,2025-06-04 18:04:04.769540,https://www.homes.bg/api/offers??currencyId=1&filterOrderBy=0&locationId=0&typeId=LandAgro,homes.bg,2036,2025-06-04,25123,,,,
"Земеделска земя, 10000m²",,3800.0,ЛЕВА,False, продажба,,Ямбол,гр.Стралджа,,,,https://homes.bg/offer/zemya-za-prodazhba/zemedelska-zemya-10000m2-yambol-gr.straldzha/la34622,1.0,2025-06-04 18:04:04.769556,https://www.homes.bg/api/offers??currencyId=1&filterOrderBy=0&locationId=0&typeId=LandAgro,homes.bg,2036,2025-06-04,34622,,,,
"Земеделска земя, 2000m²",,24000.0,ЛЕВА,False, продажба,,Благоевград,с.Логодаж,,,,https://homes.bg/offer/zemya-za-prodazhba/zemedelska-zemya-2000m2-blagoevgrad-s.logodazh/la24521,1.0,2025-06-04 18:04:04.769572,https://www.homes.bg/api/offers??currencyId=1&filterOrderBy=0&locationId=0&typeId=LandAgro,homes.bg,2036,2025-06-04,24521,,,,
"Земеделска земя, 4000m²","Категория 4, Нива",100000.0,EUR,False, продажба,,Пловдив,с.Оризари,,,,https://homes.bg/offer/zemya-za-prodazhba/zemedelska-zemya-4000m2-plovdiv-s.orizari/la33590,2.0,2025-06-04 18:04:04.769586,https://www.homes.bg/api/offers??currencyId=1&filterOrderBy=0&locationId=0&typeId=LandAgro,homes.bg,2036,2025-06-04,33590,,,,
"Земеделска земя, 3016m²","Категория 9, Нива",90480.0,EUR,False, продажба,,Кърджали,с.Опълченско,,,,https://homes.bg/offer/zemya-za-prodazhba/zemedelska-zemya-3016m2-kyrdzhali-s.opylchensko/la34601,1.0,2025-06-04 18:04:04.769599,https://www.homes.bg/api/offers??currencyId=1&filterOrderBy=0&locationId=0&typeId=LandAgro,homes.bg,2036,2025-06-04,34601,,,,
"Земеделска земя, 1500m²","Категория 8, Нива",45000.0,EUR,False, продажба,,Кърджали,с.Опълченско,,,,https://homes.bg/offer/zemya-za-prodazhba/zemedelska-zemya-1500m2-kyrdzhali-s.opylchensko/la34600,1.0,2025-06-04 18:04:04.769612,https://www.homes.bg/api/offers??currencyId=1&filterOrderBy=0&locationId=0&typeId=LandAgro,homes.bg,2036,2025-06-04,34600,,,,
"Земеделска земя, 7198m²","Категория 5, Овощна градина",454000.0,EUR,False, продажба,,Пловдив,с.Брестник,,,,https://homes.bg/offer/zemya-za-prodazhba/zemedelska-zemya-7198m2-plovdiv-s.brestnik/la33606,5.0,2025-06-04 18:04:04.769626,https://www.homes.bg/api/offers??currencyId=1&filterOrderBy=0&locationId=0&typeId=LandAgro,homes.bg,2036,2025-06-04,33606,,,,
"Земеделска земя, 14252m²",Друго,285000.0,EUR,False, продажба,,Пловдив,с.Браниполе,,,,https://homes.bg/offer/zemya-za-prodazhba/zemedelska-zemya-14252m2-plovdiv-s.branipole/la34663,1.0,2025-06-04 18:04:04.769639,https://www.homes.bg/api/offers??currencyId=1&filterOrderBy=0&locationId=0&typeId=LandAgro,homes.bg,2036,2025-06-04,34663,,,,
"Земеделска земя, 5183m²",Друго,40000.0,EUR,False, продажба,,Пловдив,с.Първенец,,,,https://homes.bg/offer/zemya-za-prodazhba/zemedelska-zemya-5183m2-plovdiv-s.pyrvenec/la34665,1.0,2025-06-04 18:04:04.769653,https://www.homes.bg/api/offers??currencyId=1&filterOrderBy=0&locationId=0&typeId=LandAgro,homes.bg,2036,2025-06-04,34665,,,,
"Земеделска земя, 1500m²",Нива,90000.0,EUR,False, продажба,,Пловдив,с.Брестник,,,,https://homes.bg/offer/zemya-za-prodazhba/zemedelska-zemya-1500m2-plovdiv-s.brestnik/la23176,1.0,2025-06-04 18:04:04.769666,https://www.homes.bg/api/offers??currencyId=1&filterOrderBy=0&locationId=0&typeId=LandAgro,homes.bg,2036,2025-06-04,23176,,,,
"Земеделска земя, 4548m²",Друго,113700.0,EUR,False, продажба,,Бургас,Бургас,,,,https://homes.bg/offer/zemya-za-prodazhba/zemedelska-zemya-4548m2-burgas-burgas/la34481,2.0,2025-06-04 18:04:04.769679,https://www.homes.bg/api/offers??currencyId=1&filterOrderBy=0&locationId=0&typeId=LandAgro,homes.bg,2036,2025-06-04,34481,,,,
"Земеделска земя, 4276m²","Категория 8, Нива",64140.0,EUR,False, продажба,,Пловдив,гр.Стамболийски,,,,https://homes.bg/offer/zemya-za-prodazhba/zemedelska-zemya-4276m2-plovdiv-gr.stambolijski/la34583,1.0,2025-06-04 18:04:04.769707,https://www.homes.bg/api/offers??currencyId=1&filterOrderBy=0&locationId=0&typeId=LandAgro,homes.bg,2036,2025-06-04,34583,,,,
"Земеделска земя, 1960m²",Нива,88200.0,EUR,False, продажба,,Пловдив,с.Брестник,,,,https://homes.bg/offer/zemya-za-prodazhba/zemedelska-zemya-1960m2-plovdiv-s.brestnik/la34573,1.0,2025-06-04 18:04:04.769722,https://www.homes.bg/api/offers??currencyId=1&filterOrderBy=0&locationId=0&typeId=LandAgro,homes.bg,2036,2025-06-04,34573,,,,
"Земеделска земя, 4861m²",Друго,142000.0,EUR,False, продажба,,Бургас,гр.Царево,,,,https://homes.bg/offer/zemya-za-prodazhba/zemedelska-zemya-4861m2-burgas-gr.carevo/la34585,3.0,2025-06-04 18:04:04.769737,https://www.homes.bg/api/offers??currencyId=1&filterOrderBy=0&locationId=0&typeId=LandAgro,homes.bg,2036,2025-06-04,34585,,,,
"Земеделска земя, 6000m²",Друго,0.0,EUR,False, продажба,,Бургас,гр.Царево,,,,https://homes.bg/offer/zemya-za-prodazhba/zemedelska-zemya-6000m2-burgas-gr.carevo/la34587,1.0,2025-06-04 18:04:04.769753,https://www.homes.bg/api/offers??currencyId=1&filterOrderBy=0&locationId=0&typeId=LandAgro,homes.bg,2036,2025-06-04,34587,,,,
"Земеделска земя, 1865m²","Категория 3, Нива",11200.0,EUR,False, продажба,,Бургас, Сарафово,,,,https://homes.bg/offer/zemya-za-prodazhba/zemedelska-zemya-1865m2-burgas-sarafovo/la34579,0.0,2025-06-04 18:04:04.769767,https://www.homes.bg/api/offers??currencyId=1&filterOrderBy=0&locationId=0&typeId=LandAgro,homes.bg,2036,2025-06-04,34579,,,,
"Земеделска земя, 1000m²",,31500.0,ЛЕВА,False, продажба,,Благоевград,с.Бучино,,,,https://homes.bg/offer/zemya-za-prodazhba/zemedelska-zemya-1000m2-blagoevgrad-s.buchino/la24202,6.0,2025-06-04 18:04:04.769784,https://www.homes.bg/api/offers??currencyId=1&filterOrderBy=0&locationId=0&typeId=LandAgro,homes.bg,2036,2025-06-04,24202,,,,
"Земеделска земя, 2905m²",,43600.0,ЛЕВА,False, продажба,,Благоевград,с.Логодаж,,,,https://homes.bg/offer/zemya-za-prodazhba/zemedelska-zemya-2905m2-blagoevgrad-s.logodazh/la23017,5.0,2025-06-04 18:04:04.769798,https://www.homes.bg/api/offers??currencyId=1&filterOrderBy=0&locationId=0&typeId=LandAgro,homes.bg,2036,2025-06-04,23017,,,,
"Земеделска земя, 1500m²","Категория 9, Нива",32000.0,ЛЕВА,False, продажба,,Асеновград,гр.Асеновград,,,,https://homes.bg/offer/zemya-za-prodazhba/zemedelska-zemya-1500m2-asenovgrad-gr.asenovgrad/la34510,2.0,2025-06-04 18:04:04.769813,https://www.homes.bg/api/offers??currencyId=1&filterOrderBy=0&locationId=0&typeId=LandAgro,homes.bg,2036,2025-06-04,34510,,,,
"Земеделска земя, 4998m²",Нива,174930.0,EUR,False, продажба,,Пловдив,с.Войводиново,,,,https://homes.bg/offer/zemya-za-prodazhba/zemedelska-zemya-4998m2-plovdiv-s.vojvodinovo/la34497,1.0,2025-06-04 18:04:04.769827,https://www.homes.bg/api/offers??currencyId=1&filterOrderBy=0&locationId=0&typeId=LandAgro,homes.bg,2036,2025-06-04,34497,,,,
"Земеделска земя, 5744m²","Категория 10, Пасище",40200.0,EUR,False, продажба,,Бургас, Северна Промишлена Зона,,,,https://homes.bg/offer/zemya-za-prodazhba/zemedelska-zemya-5744m2-burgas-severna-promishlena-zona/la34553,0.0,2025-06-04 18:04:04.769839,https://www.homes.bg/api/offers??currencyId=1&filterOrderBy=0&locationId=0&typeId=LandAgro,homes.bg,2036,2025-06-04,34553,,,,
"Земеделска земя, 10513m²",Нива,325000.0,ЛЕВА,False, продажба,,Пловдив,с.Брестник,,,,https://homes.bg/offer/zemya-za-prodazhba/zemedelska-zemya-10513m2-plovdiv-s.brestnik/la34467,2.0,2025-06-04 18:04:04.769856,https://www.homes.bg/api/offers??currencyId=1&filterOrderBy=0&locationId=0&typeId=LandAgro,homes.bg,2036,2025-06-04,34467,,,,
"Земеделска земя, 2000m²",Друго,28500.0,EUR,False, продажба,,Пловдив,с.Брестовица,,,,https://homes.bg/offer/zemya-za-prodazhba/zemedelska-zemya-2000m2-plovdiv-s.brestovica/la34366,2.0,2025-06-04 18:04:04.769868,https://www.homes.bg/api/offers??currencyId=1&filterOrderBy=0&locationId=0&typeId=LandAgro,homes.bg,2036,2025-06-04,34366,,,,
"Земеделска земя, 1000m²",Друго,21000.0,EUR,False, продажба,,Пловдив,с.Брестовица,,,,https://homes.bg/offer/zemya-za-prodazhba/zemedelska-zemya-1000m2-plovdiv-s.brestovica/la34367,3.0,2025-06-04 18:04:04.769880,https://www.homes.bg/api/offers??currencyId=1&filterOrderBy=0&locationId=0&typeId=LandAgro,homes.bg,2036,2025-06-04,34367,,,,
"Земеделска земя, 5126m²",,61500.0,ЛЕВА,False, продажба,,Благоевград,с.Полето,,,,https://homes.bg/offer/zemya-za-prodazhba/zemedelska-zemya-5126m2-blagoevgrad-s.poleto/la34484,1.0,2025-06-04 18:04:04.769891,https://www.homes.bg/api/offers??currencyId=1&filterOrderBy=0&locationId=0&typeId=LandAgro,homes.bg,2036,2025-06-04,34484,,,,
"Земеделска земя, 500000m²",Нива,15000.0,EUR,False, продажба,,Пловдив,с.Труд,,,,https://homes.bg/offer/zemya-za-prodazhba/zemedelska-zemya-500000m2-plovdiv-s.trud/la34536,2.0,2025-06-04 18:04:04.769903,https://www.homes.bg/api/offers??currencyId=1&filterOrderBy=0&locationId=0&typeId=LandAgro,homes.bg,2036,2025-06-04,34536,,,,
"Земеделска земя, 7650m²",,37000.0,EUR,False, продажба,,Велико Търново,жк. Света Гора,,,,https://homes.bg/offer/zemya-za-prodazhba/zemedelska-zemya-7650m2-veliko-tyrnovo-zhk.-sveta-gora/la24544,0.0,2025-06-04 18:04:04.769912,https://www.homes.bg/api/offers??currencyId=1&filterOrderBy=0&locationId=0&typeId=LandAgro,homes.bg,2036,2025-06-04,24544,,,,
"Земеделска земя, 6261m²","Категория 4, Нива",93900.0,EUR,False, продажба,,Марица,с.Труд,,,,https://homes.bg/offer/zemya-za-prodazhba/zemedelska-zemya-6261m2-marica-s.trud/la34436,4.0,2025-06-04 18:04:04.769923,https://www.homes.bg/api/offers??currencyId=1&filterOrderBy=0&locationId=0&typeId=LandAgro,homes.bg,2036,2025-06-04,34436,,,,
"Земеделска земя, 8872m²","Категория 4, Нива",115400.0,EUR,False, продажба,,Марица,с.Труд,,,,https://homes.bg/offer/zemya-za-prodazhba/zemedelska-zemya-8872m2-marica-s.trud/la34437,4.0,2025-06-04 18:04:04.769934,https://www.homes.bg/api/offers??currencyId=1&filterOrderBy=0&locationId=0&typeId=LandAgro,homes.bg,2036,2025-06-04,34437,,,,
"Земеделска земя, 5070m²","Категория 4, Нива",101400.0,EUR,False, продажба,,Марица,с.Труд,,,,https://homes.bg/offer/zemya-za-prodazhba/zemedelska-zemya-5070m2-marica-s.trud/la34438,2.0,2025-06-04 18:04:04.769944,https://www.homes.bg/api/offers??currencyId=1&filterOrderBy=0&locationId=0&typeId=LandAgro,homes.bg,2036,2025-06-04,34438,,,,
"Земеделска земя, 5528m²","Категория 6, Нива",66400.0,EUR,False, продажба,,Костинброд,с.Безден,,,,https://homes.bg/offer/zemya-za-prodazhba/zemedelska-zemya-5528m2-kostinbrod-s.bezden/la34420,1.0,2025-06-04 18:04:04.769955,https://www.homes.bg/api/offers??currencyId=1&filterOrderBy=0&locationId=0&typeId=LandAgro,homes.bg,2036,2025-06-04,34420,,,,
"Земеделска земя, 1655m²","Категория 4, Ливада",20000.0,EUR,False, продажба,,Костинброд,с.Безден,,,,https://homes.bg/offer/zemya-za-prodazhba/zemedelska-zemya-1655m2-kostinbrod-s.bezden/la34419,1.0,2025-06-04 18:04:04.769965,https://www.homes.bg/api/offers??currencyId=1&filterOrderBy=0&locationId=0&typeId=LandAgro,homes.bg,2036,2025-06-04,34419,,,,
"Земеделска земя, 870m²","Категория 4, Нива",30000.0,EUR,False, продажба,,Родопи,с.Храбрино,,,,https://homes.bg/offer/zemya-za-prodazhba/zemedelska-zemya-870m2-rodopi-s.hrabrino/la24751,3.0,2025-06-04 18:04:04.769979,https://www.homes.bg/api/offers??currencyId=1&filterOrderBy=0&locationId=0&typeId=LandAgro,homes.bg,2036,2025-06-04,24751,,,,
"Земеделска земя, 2000m²","Категория 7, Нива",20000.0,ЛЕВА,False, продажба,,Благоевград,с.Дъбрава,,,,https://homes.bg/offer/zemya-za-prodazhba/zemedelska-zemya-2000m2-blagoevgrad-s.dybrava/la34533,3.0,2025-06-04 18:04:04.769989,https://www.homes.bg/api/offers??currencyId=1&filterOrderBy=0&locationId=0&typeId=LandAgro,homes.bg,2036,2025-06-04,34533,,,,
"Земеделска земя, 658m²","Категория 7, Нива",15000.0,ЛЕВА,False, продажба,,Благоевград,с.Дъбрава,,,,https://homes.bg/offer/zemya-za-prodazhba/zemedelska-zemya-658m2-blagoevgrad-s.dybrava/la20025,6.0,2025-06-04 18:04:04.770000,https://www.homes.bg/api/offers??currencyId=1&filterOrderBy=0&locationId=0&typeId=LandAgro,homes.bg,2036,2025-06-04,20025,,,,
"Земеделска земя, 12000m²",,43000.0,ЛЕВА,False, продажба,,Ямбол,с.Дражево,,,,https://homes.bg/offer/zemya-za-prodazhba/zemedelska-zemya-12000m2-yambol-s.drazhevo/la24818,1.0,2025-06-04 18:04:04.770011,https://www.homes.bg/api/offers??currencyId=1&filterOrderBy=0&locationId=0&typeId=LandAgro,homes.bg,2036,2025-06-04,24818,,,,
"Земеделска земя, 17699m²",,123893.0,ЛЕВА,False, продажба,,Враца, Източна Промишлена Зона,,,,https://homes.bg/offer/zemya-za-prodazhba/zemedelska-zemya-17699m2-vraca-iztochna-promishlena-zona/la20102,1.0,2025-06-04 18:04:04.770021,https://www.homes.bg/api/offers??currencyId=1&filterOrderBy=0&locationId=0&typeId=LandAgro,homes.bg,2036,2025-06-04,20102,,,,
"Земеделска земя, 8000m²","Категория 9, Нива",56000.0,ЛЕВА,False, продажба,,Враца, Източна Промишлена Зона,,,,https://homes.bg/offer/zemya-za-prodazhba/zemedelska-zemya-8000m2-vraca-iztochna-promishlena-zona/la20109,1.0,2025-06-04 18:04:04.770031,https://www.homes.bg/api/offers??currencyId=1&filterOrderBy=0&locationId=0&typeId=LandAgro,homes.bg,2036,2025-06-04,20109,,,,
"Земеделска земя, 3601m²",,28808.0,ЛЕВА,False, продажба,,Враца, Източна Промишлена Зона,,,,https://homes.bg/offer/zemya-za-prodazhba/zemedelska-zemya-3601m2-vraca-iztochna-promishlena-zona/la20104,1.0,2025-06-04 18:04:04.770040,https://www.homes.bg/api/offers??currencyId=1&filterOrderBy=0&locationId=0&typeId=LandAgro,homes.bg,2036,2025-06-04,20104,,,,
"Земеделска земя, 3599m²","Категория 9, Нива",28792.0,ЛЕВА,False, продажба,,Враца, Източна Промишлена Зона,,,,https://homes.bg/offer/zemya-za-prodazhba/zemedelska-zemya-3599m2-vraca-iztochna-promishlena-zona/la20103,1.0,2025-06-04 18:04:04.770050,https://www.homes.bg/api/offers??currencyId=1&filterOrderBy=0&locationId=0&typeId=LandAgro,homes.bg,2036,2025-06-04,20103,,,,
"Земеделска земя, 3000m²",Нива,21000.0,ЛЕВА,False, продажба,,Враца, Източна Промишлена Зона,,,,https://homes.bg/offer/zemya-za-prodazhba/zemedelska-zemya-3000m2-vraca-iztochna-promishlena-zona/la20108,1.0,2025-06-04 18:04:04.770059,https://www.homes.bg/api/offers??currencyId=1&filterOrderBy=0&locationId=0&typeId=LandAgro,homes.bg,2036,2025-06-04,20108,,,,
"Земеделска земя, 3000m²","Категория 3, Ливада",300000.0,EUR,False, продажба,,София, Лозен,,,,https://homes.bg/offer/zemya-za-prodazhba/zemedelska-zemya-3000m2-sofiya-lozen/la34524,1.0,2025-06-04 18:04:04.770070,https://www.homes.bg/api/offers??currencyId=1&filterOrderBy=0&locationId=0&typeId=LandAgro,homes.bg,2036,2025-06-04,34524,,,,
"Земеделска земя, 701m²",,29000.0,EUR,False, продажба,,Благоевград, Първа Промишлена Зона,,,,https://homes.bg/offer/zemya-za-prodazhba/zemedelska-zemya-701m2-blagoevgrad-pyrva-promishlena-zona/la34525,4.0,2025-06-04 18:04:04.770081,https://www.homes.bg/api/offers??currencyId=1&filterOrderBy=0&locationId=0&typeId=LandAgro,homes.bg,2036,2025-06-04,34525,,,,
"Земеделска земя, 2999m²",Нива,16000.0,ЛЕВА,False, продажба,,Пловдив,с.Брестовица,,,,https://homes.bg/offer/zemya-za-prodazhba/zemedelska-zemya-2999m2-plovdiv-s.brestovica/la24510,1.0,2025-06-04 18:04:04.770090,https://www.homes.bg/api/offers??currencyId=1&filterOrderBy=0&locationId=0&typeId=LandAgro,homes.bg,2036,2025-06-04,24510,,,,
"Земеделска земя, 7787m²","Категория 4, Нива",2024620.0,EUR,False, продажба,,София, Банкя,,,,https://homes.bg/offer/zemya-za-prodazhba/zemedelska-zemya-7787m2-sofiya-bankya/la34521,1.0,2025-06-04 18:04:04.770101,https://www.homes.bg/api/offers??currencyId=1&filterOrderBy=0&locationId=0&typeId=LandAgro,homes.bg,2036,2025-06-04,34521,,,,
"Земеделска земя, 3875m²",Нива,581250.0,EUR,False, продажба,,Варна, Летище,,,,https://homes.bg/offer/zemya-za-prodazhba/zemedelska-zemya-3875m2-varna-letishte/la24806,1.0,2025-06-04 18:04:04.770111,https://www.homes.bg/api/offers??currencyId=1&filterOrderBy=0&locationId=0&typeId=LandAgro,homes.bg,2036,2025-06-04,24806,,,,
"Земеделска земя, 6021m²",Друго,132462.0,EUR,False, продажба,,Софийска,с.Хераково,,,,https://homes.bg/offer/zemya-za-prodazhba/zemedelska-zemya-6021m2-sofijska-s.herakovo/la24099,2.0,2025-06-04 18:04:04.770120,https://www.homes.bg/api/offers??currencyId=1&filterOrderBy=0&locationId=0&typeId=LandAgro,homes.bg,2036,2025-06-04,24099,,,,
"Земеделска земя, 13100m²",,156000.0,EUR,False, продажба,,Ямбол,с.Тенево,,,,https://homes.bg/offer/zemya-za-prodazhba/zemedelska-zemya-13100m2-yambol-s.tenevo/la21669,4.0,2025-06-04 18:04:04.770132,https://www.homes.bg/api/offers??currencyId=1&filterOrderBy=0&locationId=0&typeId=LandAgro,homes.bg,2036,2025-06-04,21669,,,,
"Земеделска земя, 4820m²",,27000.0,ЛЕВА,False, продажба,,Сливен,кв. Речица,,,,https://homes.bg/offer/zemya-za-prodazhba/zemedelska-zemya-4820m2-sliven-kv.-rechica/la24991,1.0,2025-06-04 18:04:04.770143,https://www.homes.bg/api/offers??currencyId=1&filterOrderBy=0&locationId=0&typeId=LandAgro,homes.bg,2036,2025-06-04,24991,,,,
"Земеделска земя, 1610m²",Нива,25000.0,EUR,False, продажба,,Пловдив,с.Скутаре,,,,https://homes.bg/offer/zemya-za-prodazhba/zemedelska-zemya-1610m2-plovdiv-s.skutare/la34516,2.0,2025-06-04 18:04:04.770155,https://www.homes.bg/api/offers??currencyId=1&filterOrderBy=0&locationId=0&typeId=LandAgro,homes.bg,2036,2025-06-04,34516,,,,
"Земеделска земя, 5926m²","Категория 7, Нива",33000.0,ЛЕВА,False, продажба,,Пловдив,с.Калояново,,,,https://homes.bg/offer/zemya-za-prodazhba/zemedelska-zemya-5926m2-plovdiv-s.kaloyanovo/la34515,1.0,2025-06-04 18:04:04.770166,https://www.homes.bg/api/offers??currencyId=1&filterOrderBy=0&locationId=0&typeId=LandAgro,homes.bg,2036,2025-06-04,34515,,,,
"Земеделска земя, 5000m²",Нива,140000.0,EUR,False, продажба,,Пловдив,с.Белащица,,,,https://homes.bg/offer/zemya-za-prodazhba/zemedelska-zemya-5000m2-plovdiv-s.belashtica/la34517,1.0,2025-06-04 18:04:04.770178,https://www.homes.bg/api/offers??currencyId=1&filterOrderBy=0&locationId=0&typeId=LandAgro,homes.bg,2036,2025-06-04,34517,,,,
"Земеделска земя, 5000m²","Категория 4, Нива",87000.0,EUR,False, продажба,,Пловдив,с.Златитрап,,,,https://homes.bg/offer/zemya-za-prodazhba/zemedelska-zemya-5000m2-plovdiv-s.zlatitrap/la34514,1.0,2025-06-04 18:04:04.770190,https://www.homes.bg/api/offers??currencyId=1&filterOrderBy=0&locationId=0&typeId=LandAgro,homes.bg,2036,2025-06-04,34514,,,,
"Земеделска земя, 2628m²",Нива,118260.0,EUR,False, продажба,,Пловдив,с.Ягодово,,,,https://homes.bg/offer/zemya-za-prodazhba/zemedelska-zemya-2628m2-plovdiv-s.yagodovo/la20503,3.0,2025-06-04 18:04:04.770202,https://www.homes.bg/api/offers??currencyId=1&filterOrderBy=0&locationId=0&typeId=LandAgro,homes.bg,2036,2025-06-04,20503,,,,
"Земеделска земя, 2497m²",Нива,199760.0,EUR,False, продажба,,Пловдив,с.Ягодово,,,,https://homes.bg/offer/zemya-za-prodazhba/zemedelska-zemya-2497m2-plovdiv-s.yagodovo/la20502,6.0,2025-06-04 18:04:04.770212,https://www.homes.bg/api/offers??currencyId=1&filterOrderBy=0&locationId=0&typeId=LandAgro,homes.bg,2036,2025-06-04,20502,,,,
"Земеделска земя, 120000m²","Категория 5, Нива",0.0,EUR,False, продажба,,Перник,с.Кралев дол,,,,https://homes.bg/offer/zemya-za-prodazhba/zemedelska-zemya-120000m2-pernik-s.kralev-dol/la18070,1.0,2025-06-04 18:04:04.770223,https://www.homes.bg/api/offers??currencyId=1&filterOrderBy=0&locationId=0&typeId=LandAgro,homes.bg,2036,2025-06-04,18070,,,,
"Земеделска земя, 33190m²",Друго,51000.0,EUR,False, продажба,,Бургас,с.Бата,,,,https://homes.bg/offer/zemya-za-prodazhba/zemedelska-zemya-33190m2-burgas-s.bata/la24870,1.0,2025-06-04 18:04:04.770235,https://www.homes.bg/api/offers??currencyId=1&filterOrderBy=0&locationId=0&typeId=LandAgro,homes.bg,2036,2025-06-04,24870,,,,
"Земеделска земя, 2340m²",,30000.0,ЛЕВА,False, продажба,,Сливен,кв. Речица,,,,https://homes.bg/offer/zemya-za-prodazhba/zemedelska-zemya-2340m2-sliven-kv.-rechica/la24964,1.0,2025-06-04 18:04:04.770244,https://www.homes.bg/api/offers??currencyId=1&filterOrderBy=0&locationId=0&typeId=LandAgro,homes.bg,2036,2025-06-04,24964,,,,
