raw_title,raw_description,price,currency,without_dds,offer_type,property_type,city,neighborhood,contact_info,agency,agency_url,details_url,num_photos,date_time_added,search_url,site,total_offers,date,ref_no,time,price_per_m2,area,floor
"Тристаен, 120m²","Тухла, ТЕЦ",288300.0,EUR,False, продажба,тристаен,София,жк. Сухата Река,,,,https://homes.bg/offer/apartament-za-prodazhba/tristaen-120m2-sofiya-zhk.-suhata-reka/as1616654,1.0,2026-01-05 18:03:44.796251,https://www.homes.bg/api/offers?currencyId=1&filterOrderBy=0&locationId=1&typeId=ApartmentSell&neighbourhoods%5B%5D=517,homes.bg,63,2026-01-05,1616654,днес,,,
"Четиристаен, 166m²","Тухла, ТЕЦ",417150.0,EUR,False, продажба,четиристаен,София,жк. Сухата Река,,,,https://homes.bg/offer/apartament-za-prodazhba/chetiristaen-166m2-sofiya-zhk.-suhata-reka/as1661007,1.0,2026-01-05 18:03:44.796317,https://www.homes.bg/api/offers?currencyId=1&filterOrderBy=0&locationId=1&typeId=ApartmentSell&neighbourhoods%5B%5D=517,homes.bg,63,2026-01-05,1661007,днес,,,
"Тристаен, 124m²","Тухла, ТЕЦ",311050.0,EUR,False, продажба,тристаен,София,жк. Сухата Река,,,,https://homes.bg/offer/apartament-za-prodazhba/tristaen-124m2-sofiya-zhk.-suhata-reka/as1660873,1.0,2026-01-05 18:03:44.796348,https://www.homes.bg/api/offers?currencyId=1&filterOrderBy=0&locationId=1&typeId=ApartmentSell&neighbourhoods%5B%5D=517,homes.bg,63,2026-01-05,1660873,днес,,,
"Тристаен, 93m²","Тухла, Необзаведен, ТЕЦ",0.0,EUR,False, продажба,тристаен,София,жк. Сухата Река,,,,https://homes.bg/offer/apartament-za-prodazhba/tristaen-93m2-sofiya-zhk.-suhata-reka/as853824,9.0,2026-01-05 18:03:44.796384,https://www.homes.bg/api/offers?currencyId=1&filterOrderBy=0&locationId=1&typeId=ApartmentSell&neighbourhoods%5B%5D=517,homes.bg,63,2026-01-05,853824,вчера,,,
"Двустаен, 53m²","ЕПК, ТЕЦ",129900.0,EUR,False, продажба,двустаен,София,жк. Сухата Река,,,,https://homes.bg/offer/apartament-za-prodazhba/dvustaen-53m2-sofiya-zhk.-suhata-reka/as1660885,1.0,2026-01-05 18:03:44.796411,https://www.homes.bg/api/offers?currencyId=1&filterOrderBy=0&locationId=1&typeId=ApartmentSell&neighbourhoods%5B%5D=517,homes.bg,63,2026-01-05,1660885,,,,
"Двустаен, 74m²","ЕПК, Обзаведен, ТЕЦ",179000.0,EUR,False, продажба,двустаен,София,жк. Сухата Река,,,,https://homes.bg/offer/apartament-za-prodazhba/dvustaen-74m2-sofiya-zhk.-suhata-reka/as1651858,10.0,2026-01-05 18:03:44.796448,https://www.homes.bg/api/offers?currencyId=1&filterOrderBy=0&locationId=1&typeId=ApartmentSell&neighbourhoods%5B%5D=517,homes.bg,63,2026-01-05,1651858,,,,
"Двустаен, 60m²","Тухла, Обзаведен",171000.0,EUR,False, продажба,двустаен,София,жк. Сухата Река,,,,https://homes.bg/offer/apartament-za-prodazhba/dvustaen-60m2-sofiya-zhk.-suhata-reka/as1664212,10.0,2026-01-05 18:03:44.796492,https://www.homes.bg/api/offers?currencyId=1&filterOrderBy=0&locationId=1&typeId=ApartmentSell&neighbourhoods%5B%5D=517,homes.bg,63,2026-01-05,1664212,,,,
"Двустаен, 44m²","Тухла, Необзаведен, ТЕЦ",115000.0,EUR,False, продажба,двустаен,София,жк. Сухата Река,,,,https://homes.bg/offer/apartament-za-prodazhba/dvustaen-44m2-sofiya-zhk.-suhata-reka/as1653931,2.0,2026-01-05 18:03:44.796523,https://www.homes.bg/api/offers?currencyId=1&filterOrderBy=0&locationId=1&typeId=ApartmentSell&neighbourhoods%5B%5D=517,homes.bg,63,2026-01-05,1653931,,,,
"Тристаен, 114m²","Тухла, Необзаведен, ТЕЦ",250360.0,EUR,False, продажба,тристаен,София,жк. Сухата Река,,,,https://homes.bg/offer/apartament-za-prodazhba/tristaen-114m2-sofiya-zhk.-suhata-reka/as1649919,1.0,2026-01-05 18:03:44.796547,https://www.homes.bg/api/offers?currencyId=1&filterOrderBy=0&locationId=1&typeId=ApartmentSell&neighbourhoods%5B%5D=517,homes.bg,63,2026-01-05,1649919,,,,
"Тристаен, 84m²","Панел, Необзаведен, ТЕЦ",195000.0,EUR,False, продажба,тристаен,София,жк. Сухата Река,,,,https://homes.bg/offer/apartament-za-prodazhba/tristaen-84m2-sofiya-zhk.-suhata-reka/as1663507,10.0,2026-01-05 18:03:44.796580,https://www.homes.bg/api/offers?currencyId=1&filterOrderBy=0&locationId=1&typeId=ApartmentSell&neighbourhoods%5B%5D=517,homes.bg,63,2026-01-05,1663507,,,,
"Двустаен, 65m²","Панел, Необзаведен, ТЕЦ",135000.0,EUR,False, продажба,двустаен,София,жк. Сухата Река,,,,https://homes.bg/offer/apartament-za-prodazhba/dvustaen-65m2-sofiya-zhk.-suhata-reka/as1609647,7.0,2026-01-05 18:03:44.796608,https://www.homes.bg/api/offers?currencyId=1&filterOrderBy=0&locationId=1&typeId=ApartmentSell&neighbourhoods%5B%5D=517,homes.bg,63,2026-01-05,1609647,,,,
"Двустаен, 62m²",Тухла,160000.0,EUR,False, продажба,двустаен,София,жк. Сухата Река,,,,https://homes.bg/offer/apartament-za-prodazhba/dvustaen-62m2-sofiya-zhk.-suhata-reka/as1651225,4.0,2026-01-05 18:03:44.796635,https://www.homes.bg/api/offers?currencyId=1&filterOrderBy=0&locationId=1&typeId=ApartmentSell&neighbourhoods%5B%5D=517,homes.bg,63,2026-01-05,1651225,,,,
"Двустаен, 40m²","Панел, Обзаведен, ТЕЦ",130000.0,EUR,False, продажба,двустаен,София,жк. Сухата Река,,,,https://homes.bg/offer/apartament-za-prodazhba/dvustaen-40m2-sofiya-zhk.-suhata-reka/as1660113,6.0,2026-01-05 18:03:44.796664,https://www.homes.bg/api/offers?currencyId=1&filterOrderBy=0&locationId=1&typeId=ApartmentSell&neighbourhoods%5B%5D=517,homes.bg,63,2026-01-05,1660113,,,,
"Едностаен, 32m²","ЕПК, ТЕЦ",130000.0,EUR,False, продажба,едностаен,София,жк. Сухата Река,,,,https://homes.bg/offer/apartament-za-prodazhba/ednostaen-32m2-sofiya-zhk.-suhata-reka/as1659167,10.0,2026-01-05 18:03:44.796685,https://www.homes.bg/api/offers?currencyId=1&filterOrderBy=0&locationId=1&typeId=ApartmentSell&neighbourhoods%5B%5D=517,homes.bg,63,2026-01-05,1659167,,,,
"Тристаен, 86m²","Панел, Полуобзаведен, ТЕЦ",229800.0,EUR,False, продажба,тристаен,София,жк. Сухата Река,,,,https://homes.bg/offer/apartament-za-prodazhba/tristaen-86m2-sofiya-zhk.-suhata-reka/as1653093,10.0,2026-01-05 18:03:44.796706,https://www.homes.bg/api/offers?currencyId=1&filterOrderBy=0&locationId=1&typeId=ApartmentSell&neighbourhoods%5B%5D=517,homes.bg,63,2026-01-05,1653093,,,,
"Двустаен, 40m²","Тухла, Необзаведен, Електричество",125000.0,EUR,False, продажба,двустаен,София,жк. Сухата Река,,,,https://homes.bg/offer/apartament-za-prodazhba/dvustaen-40m2-sofiya-zhk.-suhata-reka/as1647591,4.0,2026-01-05 18:03:44.796724,https://www.homes.bg/api/offers?currencyId=1&filterOrderBy=0&locationId=1&typeId=ApartmentSell&neighbourhoods%5B%5D=517,homes.bg,63,2026-01-05,1647591,,,,
"Тристаен, 67m²","Панел, Обзаведен, Електричество",163000.0,EUR,False, продажба,тристаен,София,жк. Сухата Река,,,,https://homes.bg/offer/apartament-za-prodazhba/tristaen-67m2-sofiya-zhk.-suhata-reka/as1649369,7.0,2026-01-05 18:03:44.796743,https://www.homes.bg/api/offers?currencyId=1&filterOrderBy=0&locationId=1&typeId=ApartmentSell&neighbourhoods%5B%5D=517,homes.bg,63,2026-01-05,1649369,,,,
"Тристаен, 97m²","ЕПК, Обзаведен, ТЕЦ",255000.0,EUR,False, продажба,тристаен,София,жк. Сухата Река,,,,https://homes.bg/offer/apartament-za-prodazhba/tristaen-97m2-sofiya-zhk.-suhata-reka/as1651070,10.0,2026-01-05 18:03:44.796764,https://www.homes.bg/api/offers?currencyId=1&filterOrderBy=0&locationId=1&typeId=ApartmentSell&neighbourhoods%5B%5D=517,homes.bg,63,2026-01-05,1651070,,,,
"Двустаен, 62m²","Панел, Необзаведен, ТЕЦ",156000.0,EUR,False, продажба,двустаен,София,жк. Сухата Река,,,,https://homes.bg/offer/apartament-za-prodazhba/dvustaen-62m2-sofiya-zhk.-suhata-reka/as1662526,10.0,2026-01-05 18:03:44.796785,https://www.homes.bg/api/offers?currencyId=1&filterOrderBy=0&locationId=1&typeId=ApartmentSell&neighbourhoods%5B%5D=517,homes.bg,63,2026-01-05,1662526,,,,
"Четиристаен, 91m²","ЕПК, Обзаведен, ТЕЦ",209990.0,EUR,False, продажба,четиристаен,София,жк. Сухата Река,,,,https://homes.bg/offer/apartament-za-prodazhba/chetiristaen-91m2-sofiya-zhk.-suhata-reka/as1661507,10.0,2026-01-05 18:03:44.796807,https://www.homes.bg/api/offers?currencyId=1&filterOrderBy=0&locationId=1&typeId=ApartmentSell&neighbourhoods%5B%5D=517,homes.bg,63,2026-01-05,1661507,,,,
"Тристаен, 91m²","ЕПК, Обзаведен, ТЕЦ",209990.0,EUR,False, продажба,тристаен,София,жк. Сухата Река,,,,https://homes.bg/offer/apartament-za-prodazhba/tristaen-91m2-sofiya-zhk.-suhata-reka/as1661506,10.0,2026-01-05 18:03:44.796827,https://www.homes.bg/api/offers?currencyId=1&filterOrderBy=0&locationId=1&typeId=ApartmentSell&neighbourhoods%5B%5D=517,homes.bg,63,2026-01-05,1661506,,,,
"Двустаен, 40m²","Тухла, Полуобзаведен, Електричество",136000.0,EUR,False, продажба,двустаен,София,жк. Сухата Река,,,,https://homes.bg/offer/apartament-za-prodazhba/dvustaen-40m2-sofiya-zhk.-suhata-reka/as1660298,10.0,2026-01-05 18:03:44.796846,https://www.homes.bg/api/offers?currencyId=1&filterOrderBy=0&locationId=1&typeId=ApartmentSell&neighbourhoods%5B%5D=517,homes.bg,63,2026-01-05,1660298,,,,
"Двустаен, 58m²",Тухла,169996.0,EUR,False, продажба,двустаен,София,жк. Сухата Река,,,,https://homes.bg/offer/apartament-za-prodazhba/dvustaen-58m2-sofiya-zhk.-suhata-reka/as1660802,9.0,2026-01-05 18:03:44.796867,https://www.homes.bg/api/offers?currencyId=1&filterOrderBy=0&locationId=1&typeId=ApartmentSell&neighbourhoods%5B%5D=517,homes.bg,63,2026-01-05,1660802,,,,
"Двустаен, 60m²","Тухла, Необзаведен, ТЕЦ",172990.0,EUR,False, продажба,двустаен,София,жк. Сухата Река,,,,https://homes.bg/offer/apartament-za-prodazhba/dvustaen-60m2-sofiya-zhk.-suhata-reka/as1657484,10.0,2026-01-05 18:03:44.796917,https://www.homes.bg/api/offers?currencyId=1&filterOrderBy=0&locationId=1&typeId=ApartmentSell&neighbourhoods%5B%5D=517,homes.bg,63,2026-01-05,1657484,,,,
"Четиристаен, 166m²",Тухла,417150.0,EUR,False, продажба,четиристаен,София,жк. Сухата Река,,,,https://homes.bg/offer/apartament-za-prodazhba/chetiristaen-166m2-sofiya-zhk.-suhata-reka/as1604018,1.0,2026-01-05 18:03:44.796931,https://www.homes.bg/api/offers?currencyId=1&filterOrderBy=0&locationId=1&typeId=ApartmentSell&neighbourhoods%5B%5D=517,homes.bg,63,2026-01-05,1604018,,,,
"Тристаен, 125m²",Тухла,312975.0,EUR,False, продажба,тристаен,София,жк. Сухата Река,,,,https://homes.bg/offer/apartament-za-prodazhba/tristaen-125m2-sofiya-zhk.-suhata-reka/as1604019,1.0,2026-01-05 18:03:44.796944,https://www.homes.bg/api/offers?currencyId=1&filterOrderBy=0&locationId=1&typeId=ApartmentSell&neighbourhoods%5B%5D=517,homes.bg,63,2026-01-05,1604019,,,,
"Тристаен, 125m²",Тухла,312975.0,EUR,False, продажба,тристаен,София,жк. Сухата Река,,,,https://homes.bg/offer/apartament-za-prodazhba/tristaen-125m2-sofiya-zhk.-suhata-reka/as1604021,1.0,2026-01-05 18:03:44.796957,https://www.homes.bg/api/offers?currencyId=1&filterOrderBy=0&locationId=1&typeId=ApartmentSell&neighbourhoods%5B%5D=517,homes.bg,63,2026-01-05,1604021,,,,
"Тристаен, 124m²","Тухла, Необзаведен",311050.0,EUR,False, продажба,тристаен,София,жк. Сухата Река,,,,https://homes.bg/offer/apartament-za-prodazhba/tristaen-124m2-sofiya-zhk.-suhata-reka/as1604015,1.0,2026-01-05 18:03:44.796969,https://www.homes.bg/api/offers?currencyId=1&filterOrderBy=0&locationId=1&typeId=ApartmentSell&neighbourhoods%5B%5D=517,homes.bg,63,2026-01-05,1604015,,,,
"Четиристаен, 139m²","Тухла, Необзаведен, ТЕЦ",279960.0,EUR,False, продажба,четиристаен,София,жк. Сухата Река,,,,https://homes.bg/offer/apartament-za-prodazhba/chetiristaen-139m2-sofiya-zhk.-suhata-reka/as1564843,3.0,2026-01-05 18:03:44.796982,https://www.homes.bg/api/offers?currencyId=1&filterOrderBy=0&locationId=1&typeId=ApartmentSell&neighbourhoods%5B%5D=517,homes.bg,63,2026-01-05,1564843,,,,
"Тристаен, 125m²","Тухла, Необзаведен, Електричество",312975.0,EUR,False, продажба,тристаен,София,жк. Сухата Река,,,,https://homes.bg/offer/apartament-za-prodazhba/tristaen-125m2-sofiya-zhk.-suhata-reka/as1590488,2.0,2026-01-05 18:03:44.796995,https://www.homes.bg/api/offers?currencyId=1&filterOrderBy=0&locationId=1&typeId=ApartmentSell&neighbourhoods%5B%5D=517,homes.bg,63,2026-01-05,1590488,,,,
"Четиристаен, 125m²","Тухла, Необзаведен, ТЕЦ",275418.0,EUR,False, продажба,четиристаен,София,жк. Сухата Река,,,,https://homes.bg/offer/apartament-za-prodazhba/chetiristaen-125m2-sofiya-zhk.-suhata-reka/as1577500,2.0,2026-01-05 18:03:44.797008,https://www.homes.bg/api/offers?currencyId=1&filterOrderBy=0&locationId=1&typeId=ApartmentSell&neighbourhoods%5B%5D=517,homes.bg,63,2026-01-05,1577500,,,,
"Четиристаен, 166m²","Тухла, Необзаведен, Електричество",417150.0,EUR,False, продажба,четиристаен,София,жк. Сухата Река,,,,https://homes.bg/offer/apartament-za-prodazhba/chetiristaen-166m2-sofiya-zhk.-suhata-reka/as1577492,1.0,2026-01-05 18:03:44.797020,https://www.homes.bg/api/offers?currencyId=1&filterOrderBy=0&locationId=1&typeId=ApartmentSell&neighbourhoods%5B%5D=517,homes.bg,63,2026-01-05,1577492,,,,
"Тристаен, 125m²",Тухла,275400.0,EUR,False, продажба,тристаен,София,жк. Сухата Река,,,,https://homes.bg/offer/apartament-za-prodazhba/tristaen-125m2-sofiya-zhk.-suhata-reka/as1622695,6.0,2026-01-05 18:03:44.797034,https://www.homes.bg/api/offers?currencyId=1&filterOrderBy=0&locationId=1&typeId=ApartmentSell&neighbourhoods%5B%5D=517,homes.bg,63,2026-01-05,1622695,,,,
"Тристаен, 106m²","Тухла, ТЕЦ",234670.0,EUR,False, продажба,тристаен,София,жк. Сухата Река,,,,https://homes.bg/offer/apartament-za-prodazhba/tristaen-106m2-sofiya-zhk.-suhata-reka/as1629057,3.0,2026-01-05 18:03:44.797048,https://www.homes.bg/api/offers?currencyId=1&filterOrderBy=0&locationId=1&typeId=ApartmentSell&neighbourhoods%5B%5D=517,homes.bg,63,2026-01-05,1629057,,,,
"Двустаен, 66m²","Тухла, Необзаведен, ТЕЦ",110150.0,EUR,False, продажба,двустаен,София,жк. Сухата Река,,,,https://homes.bg/offer/apartament-za-prodazhba/dvustaen-66m2-sofiya-zhk.-suhata-reka/as1627959,3.0,2026-01-05 18:03:44.797061,https://www.homes.bg/api/offers?currencyId=1&filterOrderBy=0&locationId=1&typeId=ApartmentSell&neighbourhoods%5B%5D=517,homes.bg,63,2026-01-05,1627959,,,,
"Двустаен, 77m²","Тухла, Необзаведен, ТЕЦ",125790.0,EUR,False, продажба,двустаен,София,жк. Сухата Река,,,,https://homes.bg/offer/apartament-za-prodazhba/dvustaen-77m2-sofiya-zhk.-suhata-reka/as1627960,3.0,2026-01-05 18:03:44.797075,https://www.homes.bg/api/offers?currencyId=1&filterOrderBy=0&locationId=1&typeId=ApartmentSell&neighbourhoods%5B%5D=517,homes.bg,63,2026-01-05,1627960,,,,
"Тристаен, 91m²","Тухла, Необзаведен, ТЕЦ",147950.0,EUR,False, продажба,тристаен,София,жк. Сухата Река,,,,https://homes.bg/offer/apartament-za-prodazhba/tristaen-91m2-sofiya-zhk.-suhata-reka/as1627958,3.0,2026-01-05 18:03:44.797088,https://www.homes.bg/api/offers?currencyId=1&filterOrderBy=0&locationId=1&typeId=ApartmentSell&neighbourhoods%5B%5D=517,homes.bg,63,2026-01-05,1627958,,,,
"Четиристаен, 167m²","Тухла, Необзаведен, Електричество",367092.0,EUR,False, продажба,четиристаен,София,жк. Сухата Река,,,,https://homes.bg/offer/apartament-za-prodazhba/chetiristaen-167m2-sofiya-zhk.-suhata-reka/as1631868,7.0,2026-01-05 18:03:44.797104,https://www.homes.bg/api/offers?currencyId=1&filterOrderBy=0&locationId=1&typeId=ApartmentSell&neighbourhoods%5B%5D=517,homes.bg,63,2026-01-05,1631868,,,,
"Тристаен, 124m²","Тухла, Необзаведен, ТЕЦ",273724.0,EUR,False, продажба,тристаен,София,жк. Сухата Река,,,,https://homes.bg/offer/apartament-za-prodazhba/tristaen-124m2-sofiya-zhk.-suhata-reka/as1631867,8.0,2026-01-05 18:03:44.797121,https://www.homes.bg/api/offers?currencyId=1&filterOrderBy=0&locationId=1&typeId=ApartmentSell&neighbourhoods%5B%5D=517,homes.bg,63,2026-01-05,1631867,,,,
"Тристаен, 110m²","Тухла, ТЕЦ",213400.0,EUR,False, продажба,тристаен,София,жк. Сухата Река,,,,https://homes.bg/offer/apartament-za-prodazhba/tristaen-110m2-sofiya-zhk.-suhata-reka/as1558903,3.0,2026-01-05 18:03:44.797135,https://www.homes.bg/api/offers?currencyId=1&filterOrderBy=0&locationId=1&typeId=ApartmentSell&neighbourhoods%5B%5D=517,homes.bg,63,2026-01-05,1558903,,,,
"Тристаен, 113m²",Тухла,294944.0,EUR,False, продажба,тристаен,София,жк. Сухата Река,,,,https://homes.bg/offer/apartament-za-prodazhba/tristaen-113m2-sofiya-zhk.-suhata-reka/as1656074,2.0,2026-01-05 18:03:44.797148,https://www.homes.bg/api/offers?currencyId=1&filterOrderBy=0&locationId=1&typeId=ApartmentSell&neighbourhoods%5B%5D=517,homes.bg,63,2026-01-05,1656074,,,,
"Тристаен, 133m²",Тухла,255000.0,EUR,False, продажба,тристаен,София,жк. Сухата Река,,,,https://homes.bg/offer/apartament-za-prodazhba/tristaen-133m2-sofiya-zhk.-suhata-reka/as1606024,6.0,2026-01-05 18:03:44.797162,https://www.homes.bg/api/offers?currencyId=1&filterOrderBy=0&locationId=1&typeId=ApartmentSell&neighbourhoods%5B%5D=517,homes.bg,63,2026-01-05,1606024,,,,
"Двустаен, 117m²",Тухла,215000.0,EUR,False, продажба,двустаен,София,жк. Сухата Река,,,,https://homes.bg/offer/apartament-za-prodazhba/dvustaen-117m2-sofiya-zhk.-suhata-reka/as1606026,5.0,2026-01-05 18:03:44.797177,https://www.homes.bg/api/offers?currencyId=1&filterOrderBy=0&locationId=1&typeId=ApartmentSell&neighbourhoods%5B%5D=517,homes.bg,63,2026-01-05,1606026,,,,
"Тристаен, 69m²",Тухла,248000.0,EUR,False, продажба,тристаен,София,жк. Сухата Река,,,,https://homes.bg/offer/apartament-za-prodazhba/tristaen-69m2-sofiya-zhk.-suhata-reka/as1651605,7.0,2026-01-05 18:03:44.797192,https://www.homes.bg/api/offers?currencyId=1&filterOrderBy=0&locationId=1&typeId=ApartmentSell&neighbourhoods%5B%5D=517,homes.bg,63,2026-01-05,1651605,,,,
"Двустаен, 62m²","Тухла, Обзаведен, Локално отопление",173000.0,EUR,False, продажба,двустаен,София,жк. Сухата Река,,,,https://homes.bg/offer/apartament-za-prodazhba/dvustaen-62m2-sofiya-zhk.-suhata-reka/as1638164,0.0,2026-01-05 18:03:44.797204,https://www.homes.bg/api/offers?currencyId=1&filterOrderBy=0&locationId=1&typeId=ApartmentSell&neighbourhoods%5B%5D=517,homes.bg,63,2026-01-05,1638164,,,,
"Тристаен, 91m²","Тухла, Необзаведен, Локално отопление",190000.0,EUR,False, продажба,тристаен,София,жк. Сухата Река,,,,https://homes.bg/offer/apartament-za-prodazhba/tristaen-91m2-sofiya-zhk.-suhata-reka/as1614935,10.0,2026-01-05 18:03:44.797221,https://www.homes.bg/api/offers?currencyId=1&filterOrderBy=0&locationId=1&typeId=ApartmentSell&neighbourhoods%5B%5D=517,homes.bg,63,2026-01-05,1614935,,,,
"Четиристаен, 148m²","Тухла, ТЕЦ",249900.0,EUR,False, продажба,четиристаен,София,жк. Сухата Река,,,,https://homes.bg/offer/apartament-za-prodazhba/chetiristaen-148m2-sofiya-zhk.-suhata-reka/as1569085,1.0,2026-01-05 18:03:44.798178,https://www.homes.bg/api/offers?currencyId=1&filterOrderBy=0&locationId=1&typeId=ApartmentSell&neighbourhoods%5B%5D=517,homes.bg,63,2026-01-05,1569085,,,,
"Четиристаен, 148m²",Обзаведен,251702.0,EUR,False, продажба,четиристаен,София,жк. Сухата Река,,,,https://homes.bg/offer/apartament-za-prodazhba/chetiristaen-148m2-sofiya-zhk.-suhata-reka/as1610506,5.0,2026-01-05 18:03:44.798404,https://www.homes.bg/api/offers?currencyId=1&filterOrderBy=0&locationId=1&typeId=ApartmentSell&neighbourhoods%5B%5D=517,homes.bg,63,2026-01-05,1610506,,,,
"Тристаен, 125m²",Необзаведен,275418.0,EUR,False, продажба,тристаен,София,жк. Сухата Река,,,,https://homes.bg/offer/apartament-za-prodazhba/tristaen-125m2-sofiya-zhk.-suhata-reka/as1491777,2.0,2026-01-05 18:03:44.798417,https://www.homes.bg/api/offers?currencyId=1&filterOrderBy=0&locationId=1&typeId=ApartmentSell&neighbourhoods%5B%5D=517,homes.bg,63,2026-01-05,1491777,,,,
"Тристаен, 125m²",Необзаведен,275418.0,EUR,False, продажба,тристаен,София,жк. Сухата Река,,,,https://homes.bg/offer/apartament-za-prodazhba/tristaen-125m2-sofiya-zhk.-suhata-reka/as1491791,2.0,2026-01-05 18:03:44.798428,https://www.homes.bg/api/offers?currencyId=1&filterOrderBy=0&locationId=1&typeId=ApartmentSell&neighbourhoods%5B%5D=517,homes.bg,63,2026-01-05,1491791,,,,
"Тристаен, 107m²",Необзаведен,234674.0,EUR,False, продажба,тристаен,София,жк. Сухата Река,,,,https://homes.bg/offer/apartament-za-prodazhba/tristaen-107m2-sofiya-zhk.-suhata-reka/as1491796,2.0,2026-01-05 18:03:44.798440,https://www.homes.bg/api/offers?currencyId=1&filterOrderBy=0&locationId=1&typeId=ApartmentSell&neighbourhoods%5B%5D=517,homes.bg,63,2026-01-05,1491796,,,,
"Тристаен, 107m²",Необзаведен,234674.0,EUR,False, продажба,тристаен,София,жк. Сухата Река,,,,https://homes.bg/offer/apartament-za-prodazhba/tristaen-107m2-sofiya-zhk.-suhata-reka/as1491804,2.0,2026-01-05 18:03:44.798451,https://www.homes.bg/api/offers?currencyId=1&filterOrderBy=0&locationId=1&typeId=ApartmentSell&neighbourhoods%5B%5D=517,homes.bg,63,2026-01-05,1491804,,,,
"Тристаен, 125m²",Необзаведен,275418.0,EUR,False, продажба,тристаен,София,жк. Сухата Река,,,,https://homes.bg/offer/apartament-za-prodazhba/tristaen-125m2-sofiya-zhk.-suhata-reka/as1491774,2.0,2026-01-05 18:03:44.798461,https://www.homes.bg/api/offers?currencyId=1&filterOrderBy=0&locationId=1&typeId=ApartmentSell&neighbourhoods%5B%5D=517,homes.bg,63,2026-01-05,1491774,,,,
"Тристаен, 125m²",Необзаведен,275418.0,EUR,False, продажба,тристаен,София,жк. Сухата Река,,,,https://homes.bg/offer/apartament-za-prodazhba/tristaen-125m2-sofiya-zhk.-suhata-reka/as1491761,2.0,2026-01-05 18:03:44.798473,https://www.homes.bg/api/offers?currencyId=1&filterOrderBy=0&locationId=1&typeId=ApartmentSell&neighbourhoods%5B%5D=517,homes.bg,63,2026-01-05,1491761,,,,
"Четиристаен, 167m²",Необзаведен,367092.0,EUR,False, продажба,четиристаен,София,жк. Сухата Река,,,,https://homes.bg/offer/apartament-za-prodazhba/chetiristaen-167m2-sofiya-zhk.-suhata-reka/as1491789,2.0,2026-01-05 18:03:44.798483,https://www.homes.bg/api/offers?currencyId=1&filterOrderBy=0&locationId=1&typeId=ApartmentSell&neighbourhoods%5B%5D=517,homes.bg,63,2026-01-05,1491789,,,,
"Тристаен, 124m²",Необзаведен,273724.0,EUR,False, продажба,тристаен,София,жк. Сухата Река,,,,https://homes.bg/offer/apartament-za-prodazhba/tristaen-124m2-sofiya-zhk.-suhata-reka/as1491769,2.0,2026-01-05 18:03:44.798494,https://www.homes.bg/api/offers?currencyId=1&filterOrderBy=0&locationId=1&typeId=ApartmentSell&neighbourhoods%5B%5D=517,homes.bg,63,2026-01-05,1491769,,,,
"Тристаен, 100m²","Панел, Необзаведен, Електричество",299999.0,EUR,False, продажба,тристаен,София,жк. Сухата Река,,,,https://homes.bg/offer/apartament-za-prodazhba/tristaen-100m2-sofiya-zhk.-suhata-reka/as1627706,3.0,2026-01-05 18:03:44.798504,https://www.homes.bg/api/offers?currencyId=1&filterOrderBy=0&locationId=1&typeId=ApartmentSell&neighbourhoods%5B%5D=517,homes.bg,63,2026-01-05,1627706,,,,
"Тристаен, 130m²","Тухла, Необзаведен, ТЕЦ",0.0,EUR,False, продажба,тристаен,София,жк. Сухата Река,,,,https://homes.bg/offer/apartament-za-prodazhba/tristaen-130m2-sofiya-zhk.-suhata-reka/as1494233,8.0,2026-01-05 18:03:44.798517,https://www.homes.bg/api/offers?currencyId=1&filterOrderBy=0&locationId=1&typeId=ApartmentSell&neighbourhoods%5B%5D=517,homes.bg,63,2026-01-05,1494233,,,,
"Тристаен, 153m²","Тухла, Необзаведен, Локално отопление",190000.0,EUR,False, продажба,тристаен,София,жк. Сухата Река,,,,https://homes.bg/offer/apartament-za-prodazhba/tristaen-153m2-sofiya-zhk.-suhata-reka/as1041005,0.0,2026-01-05 18:03:44.798527,https://www.homes.bg/api/offers?currencyId=1&filterOrderBy=0&locationId=1&typeId=ApartmentSell&neighbourhoods%5B%5D=517,homes.bg,63,2026-01-05,1041005,,,,
"Двустаен, 60m²","Тухла, Обзаведен",180000.0,EUR,False, продажба,двустаен,София,жк. Сухата Река,,,,https://homes.bg/offer/apartament-za-prodazhba/dvustaen-60m2-sofiya-zhk.-suhata-reka/as1646678,8.0,2026-01-05 18:03:44.798542,https://www.homes.bg/api/offers?currencyId=1&filterOrderBy=0&locationId=1&typeId=ApartmentSell&neighbourhoods%5B%5D=517,homes.bg,63,2026-01-05,1646678,,,,
"Четиристаен, 149m²",Необзаведен,253300.0,EUR,False, продажба,четиристаен,София,жк. Сухата Река,,,,https://homes.bg/offer/apartament-za-prodazhba/chetiristaen-149m2-sofiya-zhk.-suhata-reka/as1646952,0.0,2026-01-05 18:03:44.798552,https://www.homes.bg/api/offers?currencyId=1&filterOrderBy=0&locationId=1&typeId=ApartmentSell&neighbourhoods%5B%5D=517,homes.bg,63,2026-01-05,1646952,,,,
"Тристаен, 80m²","Панел, Обзаведен",178000.0,EUR,False, продажба,тристаен,София,жк. Сухата Река,,,,https://homes.bg/offer/apartament-za-prodazhba/tristaen-80m2-sofiya-zhk.-suhata-reka/as1470779,5.0,2026-01-05 18:03:44.798563,https://www.homes.bg/api/offers?currencyId=1&filterOrderBy=0&locationId=1&typeId=ApartmentSell&neighbourhoods%5B%5D=517,homes.bg,63,2026-01-05,1470779,,,,
"Тристаен, 85m²","Тухла, Обзаведен, Локално отопление",199000.0,EUR,False, продажба,тристаен,София,жк. Сухата Река,,,,https://homes.bg/offer/apartament-za-prodazhba/tristaen-85m2-sofiya-zhk.-suhata-reka/as1512790,6.0,2026-01-05 18:03:44.798575,https://www.homes.bg/api/offers?currencyId=1&filterOrderBy=0&locationId=1&typeId=ApartmentSell&neighbourhoods%5B%5D=517,homes.bg,63,2026-01-05,1512790,,,,
