id,type,url,time,location,title,description,status,photos,price_value,price_currency,price_per_square_meter,price_period,main_photo,is_favorite,offer_type,property_type,date_added,search_url,total_offers,location_id,num_photos,neighborhoods,main_property_type
1609066,as,https://homes.bg/offer/apartament-za-prodazhba/tristaen-105m2-sofiya-kv.-hladilnika/as1609066,днес,"кв. Хладилника, София","Тристаен, 105m²","Тухла, ТЕЦ",1,"['https://homes.bg/2025-08-18_2/115344882', 'https://homes.bg/2025-08-18_2/115344883', 'https://homes.bg/2025-08-18_2/115344884', 'https://homes.bg/2025-08-18_2/115344885', 'https://homes.bg/2025-08-18_2/115344886', 'https://homes.bg/2025-08-18_2/115344887']",315000.0,EUR,"3,000 EUR/m²",,,False, продажба,PropertyType.TRISTAEN,2025-08-18 18:03:10.890902,https://www.homes.bg/api/offers?currencyId=1&filterOrderBy=0&locationId=1&typeId=ApartmentSell&neighbourhoods%5B%5D=527,204,София,6.0,['Хладилника'],апартамент
1539981,as,https://homes.bg/offer/apartament-za-prodazhba/dvustaen-74m2-sofiya-kv.-hladilnika/as1539981,днес,"кв. Хладилника, София","Двустаен, 74m²",Тухла,1,['https://homes.bg/2025-05-20_2/114209966'],239986.0,EUR,"3,243 EUR/m²",,,False, продажба,PropertyType.DVUSTAEN,2025-08-18 18:03:10.890978,https://www.homes.bg/api/offers?currencyId=1&filterOrderBy=0&locationId=1&typeId=ApartmentSell&neighbourhoods%5B%5D=527,204,София,1.0,['Хладилника'],апартамент
1642098,as,https://homes.bg/offer/apartament-za-prodazhba/tristaen-95m2-sofiya-kv.-hladilnika/as1642098,,"кв. Хладилника, София","Тристаен, 95m²","Тухла, Обзаведен, Електричество",1,"['https://homes.bg/2025-08-15_2/115333996', 'https://homes.bg/2025-08-15_2/115333997', 'https://homes.bg/2025-08-15_2/115333998', 'https://homes.bg/2025-08-15_2/115333999', 'https://homes.bg/2025-08-15_2/115334000', 'https://homes.bg/2025-08-15_2/115334001', 'https://homes.bg/2025-08-15_2/115334002', 'https://homes.bg/2025-08-15_2/115334003', 'https://homes.bg/2025-08-15_2/115334004', 'https://homes.bg/2025-08-15_2/115334005']",325000.0,EUR,"3,421 EUR/m²",,,False, продажба,PropertyType.TRISTAEN,2025-08-18 18:03:10.891033,https://www.homes.bg/api/offers?currencyId=1&filterOrderBy=0&locationId=1&typeId=ApartmentSell&neighbourhoods%5B%5D=527,204,София,10.0,['Хладилника'],апартамент
1574945,as,https://homes.bg/offer/apartament-za-prodazhba/chetiristaen-180m2-sofiya-kv.-hladilnika/as1574945,,"кв. Хладилника, София","Четиристаен, 180m²","Тухла, Необзаведен",1,"['https://homes.bg/2025-08-15_2/115328908', 'https://homes.bg/2025-08-15_2/115328909', 'https://homes.bg/2025-08-15_2/115328910', 'https://homes.bg/2025-08-15_2/115328911']",495385.0,EUR,"2,752 EUR/m²",,,False, продажба,PropertyType.CHETIRISTAEN,2025-08-18 18:03:10.891080,https://www.homes.bg/api/offers?currencyId=1&filterOrderBy=0&locationId=1&typeId=ApartmentSell&neighbourhoods%5B%5D=527,204,София,4.0,['Хладилника'],апартамент
1574950,as,https://homes.bg/offer/apartament-za-prodazhba/tristaen-199m2-sofiya-kv.-hladilnika/as1574950,,"кв. Хладилника, София","Тристаен, 199m²","Тухла, Необзаведен",1,"['https://homes.bg/2025-08-15_2/115328916', 'https://homes.bg/2025-08-15_2/115328917', 'https://homes.bg/2025-08-15_2/115328918', 'https://homes.bg/2025-08-15_2/115328919']",567975.0,EUR,"2,854 EUR/m²",,,False, продажба,PropertyType.TRISTAEN,2025-08-18 18:03:10.891125,https://www.homes.bg/api/offers?currencyId=1&filterOrderBy=0&locationId=1&typeId=ApartmentSell&neighbourhoods%5B%5D=527,204,София,4.0,['Хладилника'],апартамент
1574964,as,https://homes.bg/offer/apartament-za-prodazhba/tristaen-179m2-sofiya-kv.-hladilnika/as1574964,,"кв. Хладилника, София","Тристаен, 179m²","Тухла, Необзаведен",1,"['https://homes.bg/2025-08-15_2/115328948', 'https://homes.bg/2025-08-15_2/115328949', 'https://homes.bg/2025-08-15_2/115328950', 'https://homes.bg/2025-08-15_2/115328951']",512531.0,EUR,"2,863 EUR/m²",,,False, продажба,PropertyType.TRISTAEN,2025-08-18 18:03:10.891169,https://www.homes.bg/api/offers?currencyId=1&filterOrderBy=0&locationId=1&typeId=ApartmentSell&neighbourhoods%5B%5D=527,204,София,4.0,['Хладилника'],апартамент
1574962,as,https://homes.bg/offer/apartament-za-prodazhba/tristaen-179m2-sofiya-kv.-hladilnika/as1574962,,"кв. Хладилника, София","Тристаен, 179m²",Необзаведен,1,"['https://homes.bg/2025-08-15_2/115328940', 'https://homes.bg/2025-08-15_2/115328941', 'https://homes.bg/2025-08-15_2/115328942', 'https://homes.bg/2025-08-15_2/115328943']",476564.0,EUR,"2,662 EUR/m²",,,False, продажба,PropertyType.TRISTAEN,2025-08-18 18:03:10.891199,https://www.homes.bg/api/offers?currencyId=1&filterOrderBy=0&locationId=1&typeId=ApartmentSell&neighbourhoods%5B%5D=527,204,София,4.0,['Хладилника'],апартамент
1574949,as,https://homes.bg/offer/apartament-za-prodazhba/chetiristaen-180m2-sofiya-kv.-hladilnika/as1574949,,"кв. Хладилника, София","Четиристаен, 180m²","Тухла, Необзаведен",1,"['https://homes.bg/2025-08-15_2/115328912', 'https://homes.bg/2025-08-15_2/115328913', 'https://homes.bg/2025-08-15_2/115328914', 'https://homes.bg/2025-08-15_2/115328915']",513399.0,EUR,"2,852 EUR/m²",,,False, продажба,PropertyType.CHETIRISTAEN,2025-08-18 18:03:10.891223,https://www.homes.bg/api/offers?currencyId=1&filterOrderBy=0&locationId=1&typeId=ApartmentSell&neighbourhoods%5B%5D=527,204,София,4.0,['Хладилника'],апартамент
1574953,as,https://homes.bg/offer/apartament-za-prodazhba/chetiristaen-199m2-sofiya-kv.-hladilnika/as1574953,,"кв. Хладилника, София","Четиристаен, 199m²","Тухла, Необзаведен",1,"['https://homes.bg/2025-08-15_2/115328924', 'https://homes.bg/2025-08-15_2/115328925', 'https://homes.bg/2025-08-15_2/115328926', 'https://homes.bg/2025-08-15_2/115328927']",587904.0,EUR,"2,954 EUR/m²",,,False, продажба,PropertyType.CHETIRISTAEN,2025-08-18 18:03:10.891247,https://www.homes.bg/api/offers?currencyId=1&filterOrderBy=0&locationId=1&typeId=ApartmentSell&neighbourhoods%5B%5D=527,204,София,4.0,['Хладилника'],апартамент
1574958,as,https://homes.bg/offer/apartament-za-prodazhba/chetiristaen-245m2-sofiya-kv.-hladilnika/as1574958,,"кв. Хладилника, София","Четиристаен, 245m²","Тухла, Необзаведен",1,"['https://homes.bg/2025-08-15_2/115328936', 'https://homes.bg/2025-08-15_2/115328937', 'https://homes.bg/2025-08-15_2/115328938', 'https://homes.bg/2025-08-15_2/115328939']",925095.0,EUR,"3,775 EUR/m²",,,False, продажба,PropertyType.CHETIRISTAEN,2025-08-18 18:03:10.891272,https://www.homes.bg/api/offers?currencyId=1&filterOrderBy=0&locationId=1&typeId=ApartmentSell&neighbourhoods%5B%5D=527,204,София,4.0,['Хладилника'],апартамент
1574963,as,https://homes.bg/offer/apartament-za-prodazhba/tristaen-179m2-sofiya-kv.-hladilnika/as1574963,,"кв. Хладилника, София","Тристаен, 179m²","Тухла, Необзаведен",1,"['https://homes.bg/2025-08-15_2/115328944', 'https://homes.bg/2025-08-15_2/115328945', 'https://homes.bg/2025-08-15_2/115328946', 'https://homes.bg/2025-08-15_2/115328947']",494547.0,EUR,"2,762 EUR/m²",,,False, продажба,PropertyType.TRISTAEN,2025-08-18 18:03:10.891296,https://www.homes.bg/api/offers?currencyId=1&filterOrderBy=0&locationId=1&typeId=ApartmentSell&neighbourhoods%5B%5D=527,204,София,4.0,['Хладилника'],апартамент
1574967,as,https://homes.bg/offer/apartament-za-prodazhba/chetiristaen-248m2-sofiya-kv.-hladilnika/as1574967,,"кв. Хладилника, София","Четиристаен, 248m²","Тухла, Необзаведен",1,"['https://homes.bg/2025-08-15_2/115328956', 'https://homes.bg/2025-08-15_2/115328957', 'https://homes.bg/2025-08-15_2/115328958', 'https://homes.bg/2025-08-15_2/115328959']",985019.0,EUR,"3,971 EUR/m²",,,False, продажба,PropertyType.CHETIRISTAEN,2025-08-18 18:03:10.891335,https://www.homes.bg/api/offers?currencyId=1&filterOrderBy=0&locationId=1&typeId=ApartmentSell&neighbourhoods%5B%5D=527,204,София,4.0,['Хладилника'],апартамент
1574952,as,https://homes.bg/offer/apartament-za-prodazhba/chetiristaen-180m2-sofiya-kv.-hladilnika/as1574952,,"кв. Хладилника, София","Четиристаен, 180m²","Тухла, Необзаведен",1,"['https://homes.bg/2025-08-15_2/115328920', 'https://homes.bg/2025-08-15_2/115328921', 'https://homes.bg/2025-08-15_2/115328922', 'https://homes.bg/2025-08-15_2/115328923']",531413.0,EUR,"2,952 EUR/m²",,,False, продажба,PropertyType.CHETIRISTAEN,2025-08-18 18:03:10.891360,https://www.homes.bg/api/offers?currencyId=1&filterOrderBy=0&locationId=1&typeId=ApartmentSell&neighbourhoods%5B%5D=527,204,София,4.0,['Хладилника'],апартамент
1574966,as,https://homes.bg/offer/apartament-za-prodazhba/tristaen-179m2-sofiya-kv.-hladilnika/as1574966,,"кв. Хладилника, София","Тристаен, 179m²","Тухла, Необзаведен",1,"['https://homes.bg/2025-08-15_2/115328952', 'https://homes.bg/2025-08-15_2/115328953', 'https://homes.bg/2025-08-15_2/115328954', 'https://homes.bg/2025-08-15_2/115328955']",530514.0,EUR,"2,963 EUR/m²",,,False, продажба,PropertyType.TRISTAEN,2025-08-18 18:03:10.891384,https://www.homes.bg/api/offers?currencyId=1&filterOrderBy=0&locationId=1&typeId=ApartmentSell&neighbourhoods%5B%5D=527,204,София,4.0,['Хладилника'],апартамент
1574940,as,https://homes.bg/offer/apartament-za-prodazhba/tristaen-124m2-sofiya-kv.-hladilnika/as1574940,,"кв. Хладилника, София","Тристаен, 124m²","Тухла, Необзаведен",1,"['https://homes.bg/2025-08-15_2/115328900', 'https://homes.bg/2025-08-15_2/115328901', 'https://homes.bg/2025-08-15_2/115328902', 'https://homes.bg/2025-08-15_2/115328903']",392403.0,EUR,"3,164 EUR/m²",,,False, продажба,PropertyType.TRISTAEN,2025-08-18 18:03:10.891414,https://www.homes.bg/api/offers?currencyId=1&filterOrderBy=0&locationId=1&typeId=ApartmentSell&neighbourhoods%5B%5D=527,204,София,4.0,['Хладилника'],апартамент
1574957,as,https://homes.bg/offer/apartament-za-prodazhba/chetiristaen-223m2-sofiya-kv.-hladilnika/as1574957,,"кв. Хладилника, София","Четиристаен, 223m²","Тухла, Необзаведен",1,"['https://homes.bg/2025-08-15_2/115328932', 'https://homes.bg/2025-08-15_2/115328933', 'https://homes.bg/2025-08-15_2/115328934', 'https://homes.bg/2025-08-15_2/115328935']",884170.0,EUR,"3,964 EUR/m²",,,False, продажба,PropertyType.CHETIRISTAEN,2025-08-18 18:03:10.891476,https://www.homes.bg/api/offers?currencyId=1&filterOrderBy=0&locationId=1&typeId=ApartmentSell&neighbourhoods%5B%5D=527,204,София,4.0,['Хладилника'],апартамент
1574942,as,https://homes.bg/offer/apartament-za-prodazhba/tristaen-180m2-sofiya-kv.-hladilnika/as1574942,,"кв. Хладилника, София","Тристаен, 180m²","Тухла, Необзаведен",1,"['https://homes.bg/2025-08-15_2/115328904', 'https://homes.bg/2025-08-15_2/115328905', 'https://homes.bg/2025-08-15_2/115328906', 'https://homes.bg/2025-08-15_2/115328907']",477371.0,EUR,"2,652 EUR/m²",,,False, продажба,PropertyType.TRISTAEN,2025-08-18 18:03:10.891501,https://www.homes.bg/api/offers?currencyId=1&filterOrderBy=0&locationId=1&typeId=ApartmentSell&neighbourhoods%5B%5D=527,204,София,4.0,['Хладилника'],апартамент
1574955,as,https://homes.bg/offer/apartament-za-prodazhba/tristaen-164m2-sofiya-kv.-hladilnika/as1574955,,"кв. Хладилника, София","Тристаен, 164m²","Тухла, Необзаведен",1,"['https://homes.bg/2025-08-15_2/115328928', 'https://homes.bg/2025-08-15_2/115328929', 'https://homes.bg/2025-08-15_2/115328930', 'https://homes.bg/2025-08-15_2/115328931']",485704.0,EUR,"2,961 EUR/m²",,,False, продажба,PropertyType.TRISTAEN,2025-08-18 18:03:10.891523,https://www.homes.bg/api/offers?currencyId=1&filterOrderBy=0&locationId=1&typeId=ApartmentSell&neighbourhoods%5B%5D=527,204,София,4.0,['Хладилника'],апартамент
1574694,as,https://homes.bg/offer/apartament-za-prodazhba/tristaen-179m2-sofiya-kv.-hladilnika/as1574694,,"кв. Хладилника, София","Тристаен, 179m²","Тухла, Необзаведен",1,"['https://homes.bg/2025-08-15_2/115328884', 'https://homes.bg/2025-08-15_2/115328885', 'https://homes.bg/2025-08-15_2/115328886', 'https://homes.bg/2025-08-15_2/115328887']",519343.0,EUR,"2,901 EUR/m²",,,False, продажба,PropertyType.TRISTAEN,2025-08-18 18:03:10.891547,https://www.homes.bg/api/offers?currencyId=1&filterOrderBy=0&locationId=1&typeId=ApartmentSell&neighbourhoods%5B%5D=527,204,София,4.0,['Хладилника'],апартамент
1574939,as,https://homes.bg/offer/apartament-za-prodazhba/tristaen-164m2-sofiya-kv.-hladilnika/as1574939,,"кв. Хладилника, София","Тристаен, 164m²","Тухла, Необзаведен",1,"['https://homes.bg/2025-08-15_2/115328896', 'https://homes.bg/2025-08-15_2/115328897', 'https://homes.bg/2025-08-15_2/115328898', 'https://homes.bg/2025-08-15_2/115328899']",519564.0,EUR,"3,168 EUR/m²",,,False, продажба,PropertyType.TRISTAEN,2025-08-18 18:03:10.891570,https://www.homes.bg/api/offers?currencyId=1&filterOrderBy=0&locationId=1&typeId=ApartmentSell&neighbourhoods%5B%5D=527,204,София,4.0,['Хладилника'],апартамент
1574487,as,https://homes.bg/offer/apartament-za-prodazhba/tristaen-179m2-sofiya-kv.-hladilnika/as1574487,,"кв. Хладилника, София","Тристаен, 179m²","Тухла, Необзаведен",1,"['https://homes.bg/2025-08-15_2/115328876', 'https://homes.bg/2025-08-15_2/115328877', 'https://homes.bg/2025-08-15_2/115328878', 'https://homes.bg/2025-08-15_2/115328879']",492481.0,EUR,"2,751 EUR/m²",,,False, продажба,PropertyType.TRISTAEN,2025-08-18 18:03:10.891596,https://www.homes.bg/api/offers?currencyId=1&filterOrderBy=0&locationId=1&typeId=ApartmentSell&neighbourhoods%5B%5D=527,204,София,4.0,['Хладилника'],апартамент
1574689,as,https://homes.bg/offer/apartament-za-prodazhba/tristaen-179m2-sofiya-kv.-hladilnika/as1574689,,"кв. Хладилника, София","Тристаен, 179m²","Тухла, Необзаведен",1,"['https://homes.bg/2025-08-15_2/115328880', 'https://homes.bg/2025-08-15_2/115328881', 'https://homes.bg/2025-08-15_2/115328882', 'https://homes.bg/2025-08-15_2/115328883']",510389.0,EUR,"2,851 EUR/m²",,,False, продажба,PropertyType.TRISTAEN,2025-08-18 18:03:10.891619,https://www.homes.bg/api/offers?currencyId=1&filterOrderBy=0&locationId=1&typeId=ApartmentSell&neighbourhoods%5B%5D=527,204,София,4.0,['Хладилника'],апартамент
1574698,as,https://homes.bg/offer/apartament-za-prodazhba/tristaen-179m2-sofiya-kv.-hladilnika/as1574698,,"кв. Хладилника, София","Тристаен, 179m²","Тухла, Необзаведен",1,"['https://homes.bg/2025-08-15_2/115328888', 'https://homes.bg/2025-08-15_2/115328889', 'https://homes.bg/2025-08-15_2/115328890', 'https://homes.bg/2025-08-15_2/115328891']",528298.0,EUR,"2,951 EUR/m²",,,False, продажба,PropertyType.TRISTAEN,2025-08-18 18:03:10.891642,https://www.homes.bg/api/offers?currencyId=1&filterOrderBy=0&locationId=1&typeId=ApartmentSell&neighbourhoods%5B%5D=527,204,София,4.0,['Хладилника'],апартамент
1574706,as,https://homes.bg/offer/apartament-za-prodazhba/tristaen-179m2-sofiya-kv.-hladilnika/as1574706,,"кв. Хладилника, София","Тристаен, 179m²","Тухла, Необзаведен",1,"['https://homes.bg/2025-08-15_2/115328892', 'https://homes.bg/2025-08-15_2/115328893', 'https://homes.bg/2025-08-15_2/115328894', 'https://homes.bg/2025-08-15_2/115328895']",555160.0,EUR,"3,101 EUR/m²",,,False, продажба,PropertyType.TRISTAEN,2025-08-18 18:03:10.891665,https://www.homes.bg/api/offers?currencyId=1&filterOrderBy=0&locationId=1&typeId=ApartmentSell&neighbourhoods%5B%5D=527,204,София,4.0,['Хладилника'],апартамент
1638147,as,https://homes.bg/offer/apartament-za-prodazhba/tristaen-86m2-sofiya-kv.-hladilnika/as1638147,,"кв. Хладилника, София","Тристаен, 86m²",Тухла,1,"['https://homes.bg/2025-08-02_1/115165672', 'https://homes.bg/2025-08-02_1/115165673', 'https://homes.bg/2025-08-02_1/115165674', 'https://homes.bg/2025-08-02_1/115165675', 'https://homes.bg/2025-08-02_1/115165676', 'https://homes.bg/2025-08-02_1/115165677', 'https://homes.bg/2025-08-02_1/115165678', 'https://homes.bg/2025-08-02_1/115165679', 'https://homes.bg/2025-08-02_1/115165680', 'https://homes.bg/2025-08-02_1/115165681']",265000.0,EUR,"3,081 EUR/m²",,,False, продажба,PropertyType.TRISTAEN,2025-08-18 18:03:10.891695,https://www.homes.bg/api/offers?currencyId=1&filterOrderBy=0&locationId=1&typeId=ApartmentSell&neighbourhoods%5B%5D=527,204,София,10.0,['Хладилника'],апартамент
1574433,as,https://homes.bg/offer/apartament-za-prodazhba/tristaen-124m2-sofiya-kv.-hladilnika/as1574433,,"кв. Хладилника, София","Тристаен, 124m²","Тухла, Необзаведен",1,"['https://homes.bg/2025-08-14_2/115317534', 'https://homes.bg/2025-08-14_2/115317535', 'https://homes.bg/2025-08-14_2/115317536', 'https://homes.bg/2025-08-14_2/115317537']",404857.0,EUR,"3,264 EUR/m²",,,False, продажба,PropertyType.TRISTAEN,2025-08-18 18:03:10.891720,https://www.homes.bg/api/offers?currencyId=1&filterOrderBy=0&locationId=1&typeId=ApartmentSell&neighbourhoods%5B%5D=527,204,София,4.0,['Хладилника'],апартамент
1574449,as,https://homes.bg/offer/apartament-za-prodazhba/dvustaen-76m2-sofiya-kv.-hladilnika/as1574449,,"кв. Хладилника, София","Двустаен, 76m²","Тухла, Необзаведен",1,"['https://homes.bg/2025-08-14_2/115317538', 'https://homes.bg/2025-08-14_2/115317539', 'https://homes.bg/2025-08-14_2/115317540', 'https://homes.bg/2025-08-14_2/115317541']",304000.0,EUR,"4,000 EUR/m²",,,False, продажба,PropertyType.DVUSTAEN,2025-08-18 18:03:10.891742,https://www.homes.bg/api/offers?currencyId=1&filterOrderBy=0&locationId=1&typeId=ApartmentSell&neighbourhoods%5B%5D=527,204,София,4.0,['Хладилника'],апартамент
1574480,as,https://homes.bg/offer/apartament-za-prodazhba/tristaen-163m2-sofiya-kv.-hladilnika/as1574480,,"кв. Хладилника, София","Тристаен, 163m²","Тухла, Необзаведен",1,"['https://homes.bg/2025-08-14_2/115317546', 'https://homes.bg/2025-08-14_2/115317547', 'https://homes.bg/2025-08-14_2/115317548', 'https://homes.bg/2025-08-14_2/115317549']",516248.0,EUR,"3,167 EUR/m²",,,False, продажба,PropertyType.TRISTAEN,2025-08-18 18:03:10.891765,https://www.homes.bg/api/offers?currencyId=1&filterOrderBy=0&locationId=1&typeId=ApartmentSell&neighbourhoods%5B%5D=527,204,София,4.0,['Хладилника'],апартамент
1574483,as,https://homes.bg/offer/apartament-za-prodazhba/tristaen-179m2-sofiya-kv.-hladilnika/as1574483,,"кв. Хладилника, София","Тристаен, 179m²","Тухла, Необзаведен",1,"['https://homes.bg/2025-08-14_2/115317558', 'https://homes.bg/2025-08-14_2/115317559', 'https://homes.bg/2025-08-14_2/115317560', 'https://homes.bg/2025-08-14_2/115317561']",474572.0,EUR,"2,651 EUR/m²",,,False, продажба,PropertyType.TRISTAEN,2025-08-18 18:03:10.891789,https://www.homes.bg/api/offers?currencyId=1&filterOrderBy=0&locationId=1&typeId=ApartmentSell&neighbourhoods%5B%5D=527,204,София,4.0,['Хладилника'],апартамент
1574481,as,https://homes.bg/offer/apartament-za-prodazhba/tristaen-144m2-sofiya-kv.-hladilnika/as1574481,,"кв. Хладилника, София","Тристаен, 144m²","Тухла, Необзаведен",1,"['https://homes.bg/2025-08-14_2/115317550', 'https://homes.bg/2025-08-14_2/115317551', 'https://homes.bg/2025-08-14_2/115317552', 'https://homes.bg/2025-08-14_2/115317553']",456634.0,EUR,"3,171 EUR/m²",,,False, продажба,PropertyType.TRISTAEN,2025-08-18 18:03:10.891813,https://www.homes.bg/api/offers?currencyId=1&filterOrderBy=0&locationId=1&typeId=ApartmentSell&neighbourhoods%5B%5D=527,204,София,4.0,['Хладилника'],апартамент
1574482,as,https://homes.bg/offer/apartament-za-prodazhba/tristaen-124m2-sofiya-kv.-hladilnika/as1574482,,"кв. Хладилника, София","Тристаен, 124m²","Тухла, Необзаведен",1,"['https://homes.bg/2025-08-14_2/115317554', 'https://homes.bg/2025-08-14_2/115317555', 'https://homes.bg/2025-08-14_2/115317556', 'https://homes.bg/2025-08-14_2/115317557']",392369.0,EUR,"3,164 EUR/m²",,,False, продажба,PropertyType.TRISTAEN,2025-08-18 18:03:10.891836,https://www.homes.bg/api/offers?currencyId=1&filterOrderBy=0&locationId=1&typeId=ApartmentSell&neighbourhoods%5B%5D=527,204,София,4.0,['Хладилника'],апартамент
1574454,as,https://homes.bg/offer/apartament-za-prodazhba/dvustaen-76m2-sofiya-kv.-hladilnika/as1574454,,"кв. Хладилника, София","Двустаен, 76m²","Тухла, Необзаведен",1,"['https://homes.bg/2025-08-14_2/115317542', 'https://homes.bg/2025-08-14_2/115317543', 'https://homes.bg/2025-08-14_2/115317544', 'https://homes.bg/2025-08-14_2/115317545']",239680.0,EUR,"3,153 EUR/m²",,,False, продажба,PropertyType.DVUSTAEN,2025-08-18 18:03:10.891856,https://www.homes.bg/api/offers?currencyId=1&filterOrderBy=0&locationId=1&typeId=ApartmentSell&neighbourhoods%5B%5D=527,204,София,4.0,['Хладилника'],апартамент
1566687,as,https://homes.bg/offer/apartament-za-prodazhba/dvustaen-82m2-sofiya-kv.-hladilnika/as1566687,,"кв. Хладилника, София","Двустаен, 82m²","Тухла, Прокарва се",1,"['https://homes.bg/2024-05-18_1/109680998', 'https://homes.bg/2024-05-18_1/109680999', 'https://homes.bg/2024-05-18_1/109681000', 'https://homes.bg/2024-05-18_1/109681001', 'https://homes.bg/2024-05-18_1/109681002', 'https://homes.bg/2024-05-18_1/109681003', 'https://homes.bg/2024-05-18_1/109681004', 'https://homes.bg/2024-05-18_1/109681005', 'https://homes.bg/2024-05-18_1/109681006']",255161.0,EUR,"3,111 EUR/m²",,,False, продажба,PropertyType.DVUSTAEN,2025-08-18 18:03:10.891878,https://www.homes.bg/api/offers?currencyId=1&filterOrderBy=0&locationId=1&typeId=ApartmentSell&neighbourhoods%5B%5D=527,204,София,9.0,['Хладилника'],апартамент
1643201,as,https://homes.bg/offer/apartament-za-prodazhba/dvustaen-67m2-sofiya-kv.-hladilnika/as1643201,,"кв. Хладилника, София","Двустаен, 67m²","Тухла, Полуобзаведен, Прокарва се",1,"['https://homes.bg/2025-08-09_1/115256665', 'https://homes.bg/2025-08-09_1/115256666', 'https://homes.bg/2025-08-09_1/115256667', 'https://homes.bg/2025-08-09_1/115256668', 'https://homes.bg/2025-08-09_1/115256669', 'https://homes.bg/2025-08-09_1/115256670', 'https://homes.bg/2025-08-09_1/115256671', 'https://homes.bg/2025-08-09_1/115256672', 'https://homes.bg/2025-08-09_1/115256673', 'https://homes.bg/2025-08-09_1/115256674']",289000.0,EUR,"4,313 EUR/m²",,,False, продажба,PropertyType.DVUSTAEN,2025-08-18 18:03:10.891902,https://www.homes.bg/api/offers?currencyId=1&filterOrderBy=0&locationId=1&typeId=ApartmentSell&neighbourhoods%5B%5D=527,204,София,10.0,['Хладилника'],апартамент
1603585,as,https://homes.bg/offer/apartament-za-prodazhba/dvustaen-70m2-sofiya-kv.-hladilnika/as1603585,,"кв. Хладилника, София","Двустаен, 70m²","Тухла, Необзаведен, Локално отопление",1,"['https://homes.bg/2025-08-12_2/115293104', 'https://homes.bg/2025-08-12_2/115293105', 'https://homes.bg/2025-08-12_2/115293106', 'https://homes.bg/2025-08-12_2/115293107', 'https://homes.bg/2025-08-12_2/115293108', 'https://homes.bg/2025-08-12_2/115293109', 'https://homes.bg/2025-08-12_2/115293110']",227000.0,EUR,"3,242 EUR/m²",,,False, продажба,PropertyType.DVUSTAEN,2025-08-18 18:03:10.891924,https://www.homes.bg/api/offers?currencyId=1&filterOrderBy=0&locationId=1&typeId=ApartmentSell&neighbourhoods%5B%5D=527,204,София,7.0,['Хладилника'],апартамент
1615912,as,https://homes.bg/offer/apartament-za-prodazhba/tristaen-261m2-sofiya-kv.-hladilnika/as1615912,,"кв. Хладилника, София","Тристаен, 261m²","Тухла, Необзаведен, Без отопление",1,['https://homes.bg/2025-03-10_2/113301504'],466021.0,EUR,"1,785 EUR/m²",,,False, продажба,PropertyType.TRISTAEN,2025-08-18 18:03:10.891942,https://www.homes.bg/api/offers?currencyId=1&filterOrderBy=0&locationId=1&typeId=ApartmentSell&neighbourhoods%5B%5D=527,204,София,1.0,['Хладилника'],апартамент
1566689,as,https://homes.bg/offer/apartament-za-prodazhba/dvustaen-82m2-sofiya-kv.-hladilnika/as1566689,,"кв. Хладилника, София","Двустаен, 82m²","Тухла, Прокарва се",1,"['https://homes.bg/2024-05-18_1/109681016', 'https://homes.bg/2024-05-18_1/109681017', 'https://homes.bg/2024-05-18_1/109681018', 'https://homes.bg/2024-05-18_1/109681019', 'https://homes.bg/2024-05-18_1/109681020', 'https://homes.bg/2024-05-18_1/109681021', 'https://homes.bg/2024-05-18_1/109681022', 'https://homes.bg/2024-05-18_1/109681023', 'https://homes.bg/2024-05-18_1/109681024']",271623.0,EUR,"3,312 EUR/m²",,,False, продажба,PropertyType.DVUSTAEN,2025-08-18 18:03:10.891964,https://www.homes.bg/api/offers?currencyId=1&filterOrderBy=0&locationId=1&typeId=ApartmentSell&neighbourhoods%5B%5D=527,204,София,9.0,['Хладилника'],апартамент
1642122,as,https://homes.bg/offer/apartament-za-prodazhba/dvustaen-72m2-sofiya-kv.-hladilnika/as1642122,,"кв. Хладилника, София","Двустаен, 72m²","Тухла, Полуобзаведен, Прокарва се",1,"['https://homes.bg/2025-08-05_1/115193117', 'https://homes.bg/2025-08-05_1/115193118', 'https://homes.bg/2025-08-05_1/115193119', 'https://homes.bg/2025-08-05_1/115193120', 'https://homes.bg/2025-08-05_1/115193121', 'https://homes.bg/2025-08-05_1/115193122', 'https://homes.bg/2025-08-05_1/115193123', 'https://homes.bg/2025-08-05_1/115193124', 'https://homes.bg/2025-08-05_1/115193125', 'https://homes.bg/2025-08-05_1/115193126']",310000.0,EUR,"4,305 EUR/m²",,,False, продажба,PropertyType.DVUSTAEN,2025-08-18 18:03:10.891985,https://www.homes.bg/api/offers?currencyId=1&filterOrderBy=0&locationId=1&typeId=ApartmentSell&neighbourhoods%5B%5D=527,204,София,10.0,['Хладилника'],апартамент
1643289,as,https://homes.bg/offer/apartament-za-prodazhba/tristaen-121m2-sofiya-kv.-hladilnika/as1643289,,"кв. Хладилника, София","Тристаен, 121m²","Тухла, Обзаведен, ТЕЦ",1,"['https://homes.bg/2025-08-10_2/115269612', 'https://homes.bg/2025-08-10_2/115269627', 'https://homes.bg/2025-08-10_2/115269609', 'https://homes.bg/2025-08-10_2/115269607', 'https://homes.bg/2025-08-10_2/115269582', 'https://homes.bg/2025-08-10_2/115269585', 'https://homes.bg/2025-08-10_2/115269599', 'https://homes.bg/2025-08-10_2/115269602', 'https://homes.bg/2025-08-10_2/115269605', 'https://homes.bg/2025-08-10_2/115269625']",419900.0,EUR,"3,470 EUR/m²",,,False, продажба,PropertyType.TRISTAEN,2025-08-18 18:03:10.892010,https://www.homes.bg/api/offers?currencyId=1&filterOrderBy=0&locationId=1&typeId=ApartmentSell&neighbourhoods%5B%5D=527,204,София,10.0,['Хладилника'],апартамент
1643087,as,https://homes.bg/offer/apartament-za-prodazhba/chetiristaen-260m2-sofiya-kv.-hladilnika/as1643087,,"кв. Хладилника, София","Четиристаен, 260m²","Тухла, Обзаведен, Електричество",1,"['https://homes.bg/2025-08-09_2/115258553', 'https://homes.bg/2025-08-09_2/115258554', 'https://homes.bg/2025-08-09_2/115258555', 'https://homes.bg/2025-08-09_2/115258556', 'https://homes.bg/2025-08-09_2/115258557', 'https://homes.bg/2025-08-09_2/115258558', 'https://homes.bg/2025-08-09_2/115258559', 'https://homes.bg/2025-08-09_2/115258560', 'https://homes.bg/2025-08-09_2/115258561', 'https://homes.bg/2025-08-09_2/115258562']",499990.0,EUR,"1,923 EUR/m²",,,False, продажба,PropertyType.CHETIRISTAEN,2025-08-18 18:03:10.892032,https://www.homes.bg/api/offers?currencyId=1&filterOrderBy=0&locationId=1&typeId=ApartmentSell&neighbourhoods%5B%5D=527,204,София,10.0,['Хладилника'],апартамент
1599659,as,https://homes.bg/offer/apartament-za-prodazhba/dvustaen-70m2-sofiya-kv.-hladilnika/as1599659,,"кв. Хладилника, София","Двустаен, 70m²","Тухла, Необзаведен, Локално отопление",1,"['https://homes.bg/2024-11-19_2/112110761', 'https://homes.bg/2024-11-19_2/112110755', 'https://homes.bg/2024-11-19_2/112110760', 'https://homes.bg/2024-11-19_2/112110758', 'https://homes.bg/2024-11-19_2/112110757', 'https://homes.bg/2024-11-19_2/112110759', 'https://homes.bg/2024-11-19_2/112110756']",215000.0,EUR,"3,071 EUR/m²",,,False, продажба,PropertyType.DVUSTAEN,2025-08-18 18:03:10.892054,https://www.homes.bg/api/offers?currencyId=1&filterOrderBy=0&locationId=1&typeId=ApartmentSell&neighbourhoods%5B%5D=527,204,София,7.0,['Хладилника'],апартамент
1632045,as,https://homes.bg/offer/apartament-za-prodazhba/tristaen-114m2-sofiya-kv.-hladilnika/as1632045,,"кв. Хладилника, София","Тристаен, 114m²","Тухла, Прокарва се",1,"['https://homes.bg/2025-06-06_1/114438454', 'https://homes.bg/2025-06-06_1/114438455', 'https://homes.bg/2025-06-06_1/114438456', 'https://homes.bg/2025-06-06_1/114438457', 'https://homes.bg/2025-06-06_1/114438458', 'https://homes.bg/2025-06-06_1/114438459', 'https://homes.bg/2025-06-06_1/114438460', 'https://homes.bg/2025-06-06_1/114438461', 'https://homes.bg/2025-06-06_1/114438462', 'https://homes.bg/2025-06-06_1/114438463']",335572.0,EUR,"2,943 EUR/m²",,,False, продажба,PropertyType.TRISTAEN,2025-08-18 18:03:10.892076,https://www.homes.bg/api/offers?currencyId=1&filterOrderBy=0&locationId=1&typeId=ApartmentSell&neighbourhoods%5B%5D=527,204,София,10.0,['Хладилника'],апартамент
1632044,as,https://homes.bg/offer/apartament-za-prodazhba/tristaen-114m2-sofiya-kv.-hladilnika/as1632044,,"кв. Хладилника, София","Тристаен, 114m²","Тухла, Прокарва се",1,"['https://homes.bg/2025-06-06_1/114438444', 'https://homes.bg/2025-06-06_1/114438445', 'https://homes.bg/2025-06-06_1/114438446', 'https://homes.bg/2025-06-06_1/114438447', 'https://homes.bg/2025-06-06_1/114438448', 'https://homes.bg/2025-06-06_1/114438449', 'https://homes.bg/2025-06-06_1/114438450', 'https://homes.bg/2025-06-06_1/114438451', 'https://homes.bg/2025-06-06_1/114438452', 'https://homes.bg/2025-06-06_1/114438453']",328723.0,EUR,"2,883 EUR/m²",,,False, продажба,PropertyType.TRISTAEN,2025-08-18 18:03:10.892098,https://www.homes.bg/api/offers?currencyId=1&filterOrderBy=0&locationId=1&typeId=ApartmentSell&neighbourhoods%5B%5D=527,204,София,10.0,['Хладилника'],апартамент
1632046,as,https://homes.bg/offer/apartament-za-prodazhba/tristaen-114m2-sofiya-kv.-hladilnika/as1632046,,"кв. Хладилника, София","Тристаен, 114m²","Тухла, Прокарва се",1,"['https://homes.bg/2025-06-06_1/114438464', 'https://homes.bg/2025-06-06_1/114438465', 'https://homes.bg/2025-06-06_1/114438466', 'https://homes.bg/2025-06-06_1/114438467', 'https://homes.bg/2025-06-06_1/114438468', 'https://homes.bg/2025-06-06_1/114438469', 'https://homes.bg/2025-06-06_1/114438470', 'https://homes.bg/2025-06-06_1/114438471', 'https://homes.bg/2025-06-06_1/114438472', 'https://homes.bg/2025-06-06_1/114438473']",356117.0,EUR,"3,123 EUR/m²",,,False, продажба,PropertyType.TRISTAEN,2025-08-18 18:03:10.892123,https://www.homes.bg/api/offers?currencyId=1&filterOrderBy=0&locationId=1&typeId=ApartmentSell&neighbourhoods%5B%5D=527,204,София,10.0,['Хладилника'],апартамент
1632047,as,https://homes.bg/offer/apartament-za-prodazhba/tristaen-114m2-sofiya-kv.-hladilnika/as1632047,,"кв. Хладилника, София","Тристаен, 114m²","Тухла, Прокарва се",1,"['https://homes.bg/2025-06-06_1/114438474', 'https://homes.bg/2025-06-06_1/114438475', 'https://homes.bg/2025-06-06_1/114438476', 'https://homes.bg/2025-06-06_1/114438477', 'https://homes.bg/2025-06-06_1/114438478', 'https://homes.bg/2025-06-06_1/114438479', 'https://homes.bg/2025-06-06_1/114438480', 'https://homes.bg/2025-06-06_1/114438481', 'https://homes.bg/2025-06-06_1/114438482', 'https://homes.bg/2025-06-06_1/114438483']",362965.0,EUR,"3,183 EUR/m²",,,False, продажба,PropertyType.TRISTAEN,2025-08-18 18:03:10.892144,https://www.homes.bg/api/offers?currencyId=1&filterOrderBy=0&locationId=1&typeId=ApartmentSell&neighbourhoods%5B%5D=527,204,София,10.0,['Хладилника'],апартамент
1632042,as,https://homes.bg/offer/apartament-za-prodazhba/tristaen-121m2-sofiya-kv.-hladilnika/as1632042,,"кв. Хладилника, София","Тристаен, 121m²","Тухла, Прокарва се",1,"['https://homes.bg/2025-06-06_1/114438426', 'https://homes.bg/2025-06-06_1/114438427', 'https://homes.bg/2025-06-06_1/114438428', 'https://homes.bg/2025-06-06_1/114438429', 'https://homes.bg/2025-06-06_1/114438430', 'https://homes.bg/2025-06-06_1/114438431', 'https://homes.bg/2025-06-06_1/114438432', 'https://homes.bg/2025-06-06_1/114438433', 'https://homes.bg/2025-06-06_1/114438434', 'https://homes.bg/2025-06-06_1/114438435']",358212.0,EUR,"2,960 EUR/m²",,,False, продажба,PropertyType.TRISTAEN,2025-08-18 18:03:10.892165,https://www.homes.bg/api/offers?currencyId=1&filterOrderBy=0&locationId=1&typeId=ApartmentSell&neighbourhoods%5B%5D=527,204,София,10.0,['Хладилника'],апартамент
1632048,as,https://homes.bg/offer/apartament-za-prodazhba/mnogostaen-230m2-sofiya-kv.-hladilnika/as1632048,,"кв. Хладилника, София","Многостаен, 230m²","Тухла, Прокарва се",1,"['https://homes.bg/2025-06-06_1/114438484', 'https://homes.bg/2025-06-06_1/114438485', 'https://homes.bg/2025-06-06_1/114438486', 'https://homes.bg/2025-06-06_1/114438487', 'https://homes.bg/2025-06-06_1/114438488', 'https://homes.bg/2025-06-06_1/114438489', 'https://homes.bg/2025-06-06_1/114438490', 'https://homes.bg/2025-06-06_1/114438491', 'https://homes.bg/2025-06-06_1/114438492', 'https://homes.bg/2025-06-06_1/114438493']",644615.0,EUR,"2,802 EUR/m²",,,False, продажба,PropertyType.MNOGOSTAEN,2025-08-18 18:03:10.892188,https://www.homes.bg/api/offers?currencyId=1&filterOrderBy=0&locationId=1&typeId=ApartmentSell&neighbourhoods%5B%5D=527,204,София,10.0,['Хладилника'],апартамент
1632029,as,https://homes.bg/offer/apartament-za-prodazhba/mnogostaen-323m2-sofiya-kv.-hladilnika/as1632029,,"кв. Хладилника, София","Многостаен, 323m²","Тухла, Прокарва се",1,"['https://homes.bg/2025-06-06_1/114438320', 'https://homes.bg/2025-06-06_1/114438321', 'https://homes.bg/2025-06-06_1/114438322', 'https://homes.bg/2025-06-06_1/114438323', 'https://homes.bg/2025-06-06_1/114438324', 'https://homes.bg/2025-06-06_1/114438325', 'https://homes.bg/2025-06-06_1/114438326', 'https://homes.bg/2025-06-06_1/114438327', 'https://homes.bg/2025-06-06_1/114438328', 'https://homes.bg/2025-06-06_1/114438329']",625073.0,EUR,"1,935 EUR/m²",,,False, продажба,PropertyType.MNOGOSTAEN,2025-08-18 18:03:10.892210,https://www.homes.bg/api/offers?currencyId=1&filterOrderBy=0&locationId=1&typeId=ApartmentSell&neighbourhoods%5B%5D=527,204,София,10.0,['Хладилника'],апартамент
1641169,as,https://homes.bg/offer/apartament-za-prodazhba/tristaen-138m2-sofiya-kv.-hladilnika/as1641169,,"кв. Хладилника, София","Тристаен, 138m²",Тухла,1,"['https://homes.bg/2025-07-30_1/115110329', 'https://homes.bg/2025-07-30_1/115110330', 'https://homes.bg/2025-07-30_1/115110331']",400000.0,EUR,"2,898 EUR/m²",,,False, продажба,PropertyType.TRISTAEN,2025-08-18 18:03:10.892229,https://www.homes.bg/api/offers?currencyId=1&filterOrderBy=0&locationId=1&typeId=ApartmentSell&neighbourhoods%5B%5D=527,204,София,3.0,['Хладилника'],апартамент
1574250,as,https://homes.bg/offer/apartament-za-prodazhba/chetiristaen-199m2-sofiya-kv.-hladilnika/as1574250,,"кв. Хладилника, София","Четиристаен, 199m²","Тухла, Необзаведен",1,"['https://homes.bg/2025-08-05_2/115203490', 'https://homes.bg/2025-08-05_2/115203491', 'https://homes.bg/2025-08-05_2/115203492', 'https://homes.bg/2025-08-05_2/115203493']",568026.0,EUR,"2,854 EUR/m²",,,False, продажба,PropertyType.CHETIRISTAEN,2025-08-18 18:03:10.892248,https://www.homes.bg/api/offers?currencyId=1&filterOrderBy=0&locationId=1&typeId=ApartmentSell&neighbourhoods%5B%5D=527,204,София,4.0,['Хладилника'],апартамент
1574272,as,https://homes.bg/offer/apartament-za-prodazhba/chetiristaen-199m2-sofiya-kv.-hladilnika/as1574272,,"кв. Хладилника, София","Четиристаен, 199m²","Тухла, Необзаведен",1,"['https://homes.bg/2025-08-05_2/115203498', 'https://homes.bg/2025-08-05_2/115203499', 'https://homes.bg/2025-08-05_2/115203500', 'https://homes.bg/2025-08-05_2/115203501']",637784.0,EUR,"3,204 EUR/m²",,,False, продажба,PropertyType.CHETIRISTAEN,2025-08-18 18:03:10.892267,https://www.homes.bg/api/offers?currencyId=1&filterOrderBy=0&locationId=1&typeId=ApartmentSell&neighbourhoods%5B%5D=527,204,София,4.0,['Хладилника'],апартамент
1574242,as,https://homes.bg/offer/apartament-za-prodazhba/tristaen-163m2-sofiya-kv.-hladilnika/as1574242,,"кв. Хладилника, София","Тристаен, 163m²","Тухла, Необзаведен",1,"['https://homes.bg/2025-08-05_2/115203478', 'https://homes.bg/2025-08-05_2/115203479', 'https://homes.bg/2025-08-05_2/115203480', 'https://homes.bg/2025-08-05_2/115203481']",532724.0,EUR,"3,268 EUR/m²",,,False, продажба,PropertyType.TRISTAEN,2025-08-18 18:03:10.892286,https://www.homes.bg/api/offers?currencyId=1&filterOrderBy=0&locationId=1&typeId=ApartmentSell&neighbourhoods%5B%5D=527,204,София,4.0,['Хладилника'],апартамент
1574432,as,https://homes.bg/offer/apartament-za-prodazhba/tristaen-144m2-sofiya-kv.-hladilnika/as1574432,,"кв. Хладилника, София","Тристаен, 144m²","Тухла, Необзаведен",1,"['https://homes.bg/2025-08-05_2/115203510', 'https://homes.bg/2025-08-05_2/115203511', 'https://homes.bg/2025-08-05_2/115203512', 'https://homes.bg/2025-08-05_2/115203513']",471167.0,EUR,"3,271 EUR/m²",,,False, продажба,PropertyType.TRISTAEN,2025-08-18 18:03:10.892305,https://www.homes.bg/api/offers?currencyId=1&filterOrderBy=0&locationId=1&typeId=ApartmentSell&neighbourhoods%5B%5D=527,204,София,4.0,['Хладилника'],апартамент
1574274,as,https://homes.bg/offer/apartament-za-prodazhba/dvustaen-76m2-sofiya-kv.-hladilnika/as1574274,,"кв. Хладилника, София","Двустаен, 76m²","Тухла, Необзаведен",1,"['https://homes.bg/2025-08-05_2/115203502', 'https://homes.bg/2025-08-05_2/115203503', 'https://homes.bg/2025-08-05_2/115203504', 'https://homes.bg/2025-08-05_2/115203505']",243508.0,EUR,"3,204 EUR/m²",,,False, продажба,PropertyType.DVUSTAEN,2025-08-18 18:03:10.892324,https://www.homes.bg/api/offers?currencyId=1&filterOrderBy=0&locationId=1&typeId=ApartmentSell&neighbourhoods%5B%5D=527,204,София,4.0,['Хладилника'],апартамент
1574431,as,https://homes.bg/offer/apartament-za-prodazhba/tristaen-163m2-sofiya-kv.-hladilnika/as1574431,,"кв. Хладилника, София","Тристаен, 163m²","Тухла, Необзаведен",1,"['https://homes.bg/2025-08-05_2/115203506', 'https://homes.bg/2025-08-05_2/115203507', 'https://homes.bg/2025-08-05_2/115203508', 'https://homes.bg/2025-08-05_2/115203509']",532672.0,EUR,"3,267 EUR/m²",,,False, продажба,PropertyType.TRISTAEN,2025-08-18 18:03:10.892344,https://www.homes.bg/api/offers?currencyId=1&filterOrderBy=0&locationId=1&typeId=ApartmentSell&neighbourhoods%5B%5D=527,204,София,4.0,['Хладилника'],апартамент
1574243,as,https://homes.bg/offer/apartament-za-prodazhba/tristaen-144m2-sofiya-kv.-hladilnika/as1574243,,"кв. Хладилника, София","Тристаен, 144m²","Тухла, Необзаведен",1,"['https://homes.bg/2025-08-05_2/115203482', 'https://homes.bg/2025-08-05_2/115203483', 'https://homes.bg/2025-08-05_2/115203484', 'https://homes.bg/2025-08-05_2/115203485']",471213.0,EUR,"3,272 EUR/m²",,,False, продажба,PropertyType.TRISTAEN,2025-08-18 18:03:10.892363,https://www.homes.bg/api/offers?currencyId=1&filterOrderBy=0&locationId=1&typeId=ApartmentSell&neighbourhoods%5B%5D=527,204,София,4.0,['Хладилника'],апартамент
1574941,as,https://homes.bg/offer/apartament-za-prodazhba/tristaen-148m2-sofiya-kv.-hladilnika/as1574941,,"кв. Хладилника, София","Тристаен, 148m²","Тухла, Необзаведен",1,"['https://homes.bg/2025-08-05_2/115203514', 'https://homes.bg/2025-08-05_2/115203515', 'https://homes.bg/2025-08-05_2/115203516', 'https://homes.bg/2025-08-05_2/115203517']",481362.0,EUR,"3,252 EUR/m²",,,False, продажба,PropertyType.TRISTAEN,2025-08-18 18:03:10.892384,https://www.homes.bg/api/offers?currencyId=1&filterOrderBy=0&locationId=1&typeId=ApartmentSell&neighbourhoods%5B%5D=527,204,София,4.0,['Хладилника'],апартамент
1574255,as,https://homes.bg/offer/apartament-za-prodazhba/chetiristaen-199m2-sofiya-kv.-hladilnika/as1574255,,"кв. Хладилника, София","Четиристаен, 199m²","Тухла, Необзаведен",1,"['https://homes.bg/2025-08-05_2/115203494', 'https://homes.bg/2025-08-05_2/115203495', 'https://homes.bg/2025-08-05_2/115203496', 'https://homes.bg/2025-08-05_2/115203497']",587957.0,EUR,"2,954 EUR/m²",,,False, продажба,PropertyType.CHETIRISTAEN,2025-08-18 18:03:10.892401,https://www.homes.bg/api/offers?currencyId=1&filterOrderBy=0&locationId=1&typeId=ApartmentSell&neighbourhoods%5B%5D=527,204,София,4.0,['Хладилника'],апартамент
1574244,as,https://homes.bg/offer/apartament-za-prodazhba/tristaen-124m2-sofiya-kv.-hladilnika/as1574244,,"кв. Хладилника, София","Тристаен, 124m²","Тухла, Необзаведен",1,"['https://homes.bg/2025-08-05_2/115203486', 'https://homes.bg/2025-08-05_2/115203487', 'https://homes.bg/2025-08-05_2/115203488', 'https://homes.bg/2025-08-05_2/115203489']",404896.0,EUR,"3,265 EUR/m²",,,False, продажба,PropertyType.TRISTAEN,2025-08-18 18:03:10.892418,https://www.homes.bg/api/offers?currencyId=1&filterOrderBy=0&locationId=1&typeId=ApartmentSell&neighbourhoods%5B%5D=527,204,София,4.0,['Хладилника'],апартамент
1621592,as,https://homes.bg/offer/apartament-za-prodazhba/tristaen-115m2-sofiya-kv.-hladilnika/as1621592,,"кв. Хладилника, София","Тристаен, 115m²","Тухла, Прокарва се",1,"['https://homes.bg/2025-04-09_1/113689331', 'https://homes.bg/2025-04-09_1/113689332', 'https://homes.bg/2025-04-09_1/113689333', 'https://homes.bg/2025-04-09_1/113689334']",296000.0,EUR,"2,573 EUR/m²",,,False, продажба,PropertyType.TRISTAEN,2025-08-18 18:03:10.892451,https://www.homes.bg/api/offers?currencyId=1&filterOrderBy=0&locationId=1&typeId=ApartmentSell&neighbourhoods%5B%5D=527,204,София,4.0,['Хладилника'],апартамент
1618265,as,https://homes.bg/offer/apartament-za-prodazhba/dvustaen-68m2-sofiya-kv.-hladilnika/as1618265,,"кв. Хладилника, София","Двустаен, 68m²","Тухла, Прокарва се",1,"['https://homes.bg/2025-03-20_1/113435232', 'https://homes.bg/2025-03-20_1/113435233', 'https://homes.bg/2025-03-20_1/113435234', 'https://homes.bg/2025-03-20_1/113435235']",196000.0,EUR,"2,882 EUR/m²",,,False, продажба,PropertyType.DVUSTAEN,2025-08-18 18:03:10.892468,https://www.homes.bg/api/offers?currencyId=1&filterOrderBy=0&locationId=1&typeId=ApartmentSell&neighbourhoods%5B%5D=527,204,София,4.0,['Хладилника'],апартамент
1642177,as,https://homes.bg/offer/apartament-za-prodazhba/tristaen-112m2-sofiya-kv.-hladilnika/as1642177,,"кв. Хладилника, София","Тристаен, 112m²","Тухла, Прокарва се",1,"['https://homes.bg/2025-08-05_1/115193461', 'https://homes.bg/2025-08-05_1/115193462', 'https://homes.bg/2025-08-05_1/115193463', 'https://homes.bg/2025-08-05_1/115193464']",266000.0,EUR,"2,375 EUR/m²",,,False, продажба,PropertyType.TRISTAEN,2025-08-18 18:03:10.892485,https://www.homes.bg/api/offers?currencyId=1&filterOrderBy=0&locationId=1&typeId=ApartmentSell&neighbourhoods%5B%5D=527,204,София,4.0,['Хладилника'],апартамент
1642180,as,https://homes.bg/offer/apartament-za-prodazhba/tristaen-115m2-sofiya-kv.-hladilnika/as1642180,,"кв. Хладилника, София","Тристаен, 115m²","Тухла, Прокарва се",1,"['https://homes.bg/2025-08-05_1/115193473', 'https://homes.bg/2025-08-05_1/115193474', 'https://homes.bg/2025-08-05_1/115193475', 'https://homes.bg/2025-08-05_1/115193476']",284000.0,EUR,"2,469 EUR/m²",,,False, продажба,PropertyType.TRISTAEN,2025-08-18 18:03:10.892504,https://www.homes.bg/api/offers?currencyId=1&filterOrderBy=0&locationId=1&typeId=ApartmentSell&neighbourhoods%5B%5D=527,204,София,4.0,['Хладилника'],апартамент
1642209,as,https://homes.bg/offer/apartament-za-prodazhba/dvustaen-73m2-sofiya-kv.-hladilnika/as1642209,,"кв. Хладилника, София","Двустаен, 73m²","Тухла, Прокарва се",1,"['https://homes.bg/2025-08-05_1/115193589', 'https://homes.bg/2025-08-05_1/115193590', 'https://homes.bg/2025-08-05_1/115193591', 'https://homes.bg/2025-08-05_1/115193592']",185000.0,EUR,"2,534 EUR/m²",,,False, продажба,PropertyType.DVUSTAEN,2025-08-18 18:03:10.892522,https://www.homes.bg/api/offers?currencyId=1&filterOrderBy=0&locationId=1&typeId=ApartmentSell&neighbourhoods%5B%5D=527,204,София,4.0,['Хладилника'],апартамент
1642210,as,https://homes.bg/offer/apartament-za-prodazhba/dvustaen-68m2-sofiya-kv.-hladilnika/as1642210,,"кв. Хладилника, София","Двустаен, 68m²","Тухла, Прокарва се",1,"['https://homes.bg/2025-08-05_1/115193593', 'https://homes.bg/2025-08-05_1/115193594', 'https://homes.bg/2025-08-05_1/115193595', 'https://homes.bg/2025-08-05_1/115193596']",175000.0,EUR,"2,573 EUR/m²",,,False, продажба,PropertyType.DVUSTAEN,2025-08-18 18:03:10.892540,https://www.homes.bg/api/offers?currencyId=1&filterOrderBy=0&locationId=1&typeId=ApartmentSell&neighbourhoods%5B%5D=527,204,София,4.0,['Хладилника'],апартамент
1642220,as,https://homes.bg/offer/apartament-za-prodazhba/tristaen-107m2-sofiya-kv.-hladilnika/as1642220,,"кв. Хладилника, София","Тристаен, 107m²","Тухла, Прокарва се",1,"['https://homes.bg/2025-08-05_1/115193633', 'https://homes.bg/2025-08-05_1/115193634', 'https://homes.bg/2025-08-05_1/115193635', 'https://homes.bg/2025-08-05_1/115193636']",312000.0,EUR,"2,915 EUR/m²",,,False, продажба,PropertyType.TRISTAEN,2025-08-18 18:03:10.892556,https://www.homes.bg/api/offers?currencyId=1&filterOrderBy=0&locationId=1&typeId=ApartmentSell&neighbourhoods%5B%5D=527,204,София,4.0,['Хладилника'],апартамент
1642226,as,https://homes.bg/offer/apartament-za-prodazhba/tristaen-108m2-sofiya-kv.-hladilnika/as1642226,,"кв. Хладилника, София","Тристаен, 108m²","Тухла, Прокарва се",1,"['https://homes.bg/2025-08-05_1/115193657', 'https://homes.bg/2025-08-05_1/115193658', 'https://homes.bg/2025-08-05_1/115193659', 'https://homes.bg/2025-08-05_1/115193660']",331000.0,EUR,"3,064 EUR/m²",,,False, продажба,PropertyType.TRISTAEN,2025-08-18 18:03:10.892574,https://www.homes.bg/api/offers?currencyId=1&filterOrderBy=0&locationId=1&typeId=ApartmentSell&neighbourhoods%5B%5D=527,204,София,4.0,['Хладилника'],апартамент
1642227,as,https://homes.bg/offer/apartament-za-prodazhba/tristaen-107m2-sofiya-kv.-hladilnika/as1642227,,"кв. Хладилника, София","Тристаен, 107m²","Тухла, Прокарва се",1,"['https://homes.bg/2025-08-05_1/115193661', 'https://homes.bg/2025-08-05_1/115193662', 'https://homes.bg/2025-08-05_1/115193663', 'https://homes.bg/2025-08-05_1/115193664']",329000.0,EUR,"3,074 EUR/m²",,,False, продажба,PropertyType.TRISTAEN,2025-08-18 18:03:10.892590,https://www.homes.bg/api/offers?currencyId=1&filterOrderBy=0&locationId=1&typeId=ApartmentSell&neighbourhoods%5B%5D=527,204,София,4.0,['Хладилника'],апартамент
1642229,as,https://homes.bg/offer/apartament-za-prodazhba/tristaen-108m2-sofiya-kv.-hladilnika/as1642229,,"кв. Хладилника, София","Тристаен, 108m²","Тухла, Прокарва се",1,"['https://homes.bg/2025-08-05_1/115193669', 'https://homes.bg/2025-08-05_1/115193670', 'https://homes.bg/2025-08-05_1/115193671', 'https://homes.bg/2025-08-05_1/115193672']",337000.0,EUR,"3,120 EUR/m²",,,False, продажба,PropertyType.TRISTAEN,2025-08-18 18:03:10.892607,https://www.homes.bg/api/offers?currencyId=1&filterOrderBy=0&locationId=1&typeId=ApartmentSell&neighbourhoods%5B%5D=527,204,София,4.0,['Хладилника'],апартамент
1642183,as,https://homes.bg/offer/apartament-za-prodazhba/tristaen-117m2-sofiya-kv.-hladilnika/as1642183,,"кв. Хладилника, София","Тристаен, 117m²","Тухла, Прокарва се",1,"['https://homes.bg/2025-08-05_1/115193485', 'https://homes.bg/2025-08-05_1/115193486', 'https://homes.bg/2025-08-05_1/115193487', 'https://homes.bg/2025-08-05_1/115193488']",294000.0,EUR,"2,512 EUR/m²",,,False, продажба,PropertyType.TRISTAEN,2025-08-18 18:03:10.892624,https://www.homes.bg/api/offers?currencyId=1&filterOrderBy=0&locationId=1&typeId=ApartmentSell&neighbourhoods%5B%5D=527,204,София,4.0,['Хладилника'],апартамент
1642186,as,https://homes.bg/offer/apartament-za-prodazhba/dvustaen-75m2-sofiya-kv.-hladilnika/as1642186,,"кв. Хладилника, София","Двустаен, 75m²","Тухла, Прокарва се",1,"['https://homes.bg/2025-08-05_1/115193497', 'https://homes.bg/2025-08-05_1/115193498', 'https://homes.bg/2025-08-05_1/115193499', 'https://homes.bg/2025-08-05_1/115193500']",189000.0,EUR,"2,520 EUR/m²",,,False, продажба,PropertyType.DVUSTAEN,2025-08-18 18:03:10.892640,https://www.homes.bg/api/offers?currencyId=1&filterOrderBy=0&locationId=1&typeId=ApartmentSell&neighbourhoods%5B%5D=527,204,София,4.0,['Хладилника'],апартамент
1642187,as,https://homes.bg/offer/apartament-za-prodazhba/tristaen-117m2-sofiya-kv.-hladilnika/as1642187,,"кв. Хладилника, София","Тристаен, 117m²","Тухла, Прокарва се",1,"['https://homes.bg/2025-08-05_1/115193501', 'https://homes.bg/2025-08-05_1/115193502', 'https://homes.bg/2025-08-05_1/115193503', 'https://homes.bg/2025-08-05_1/115193504']",300000.0,EUR,"2,564 EUR/m²",,,False, продажба,PropertyType.TRISTAEN,2025-08-18 18:03:10.892658,https://www.homes.bg/api/offers?currencyId=1&filterOrderBy=0&locationId=1&typeId=ApartmentSell&neighbourhoods%5B%5D=527,204,София,4.0,['Хладилника'],апартамент
1642189,as,https://homes.bg/offer/apartament-za-prodazhba/tristaen-117m2-sofiya-kv.-hladilnika/as1642189,,"кв. Хладилника, София","Тристаен, 117m²","Тухла, Прокарва се",1,"['https://homes.bg/2025-08-05_1/115193509', 'https://homes.bg/2025-08-05_1/115193510', 'https://homes.bg/2025-08-05_1/115193511', 'https://homes.bg/2025-08-05_1/115193512']",312000.0,EUR,"2,666 EUR/m²",,,False, продажба,PropertyType.TRISTAEN,2025-08-18 18:03:10.892675,https://www.homes.bg/api/offers?currencyId=1&filterOrderBy=0&locationId=1&typeId=ApartmentSell&neighbourhoods%5B%5D=527,204,София,4.0,['Хладилника'],апартамент
1642195,as,https://homes.bg/offer/apartament-za-prodazhba/mnogostaen-146m2-sofiya-kv.-hladilnika/as1642195,,"кв. Хладилника, София","Многостаен, 146m²","Тухла, Прокарва се",1,"['https://homes.bg/2025-08-05_1/115193533', 'https://homes.bg/2025-08-05_1/115193534', 'https://homes.bg/2025-08-05_1/115193535', 'https://homes.bg/2025-08-05_1/115193536']",411000.0,EUR,"2,815 EUR/m²",,,False, продажба,PropertyType.MNOGOSTAEN,2025-08-18 18:03:10.892691,https://www.homes.bg/api/offers?currencyId=1&filterOrderBy=0&locationId=1&typeId=ApartmentSell&neighbourhoods%5B%5D=527,204,София,4.0,['Хладилника'],апартамент
1642200,as,https://homes.bg/offer/apartament-za-prodazhba/dvustaen-73m2-sofiya-kv.-hladilnika/as1642200,,"кв. Хладилника, София","Двустаен, 73m²","Тухла, Прокарва се",1,"['https://homes.bg/2025-08-05_1/115193553', 'https://homes.bg/2025-08-05_1/115193554', 'https://homes.bg/2025-08-05_1/115193555', 'https://homes.bg/2025-08-05_1/115193556']",178000.0,EUR,"2,438 EUR/m²",,,False, продажба,PropertyType.DVUSTAEN,2025-08-18 18:03:10.892712,https://www.homes.bg/api/offers?currencyId=1&filterOrderBy=0&locationId=1&typeId=ApartmentSell&neighbourhoods%5B%5D=527,204,София,4.0,['Хладилника'],апартамент
1642203,as,https://homes.bg/offer/apartament-za-prodazhba/tristaen-107m2-sofiya-kv.-hladilnika/as1642203,,"кв. Хладилника, София","Тристаен, 107m²","Тухла, Прокарва се",1,"['https://homes.bg/2025-08-05_1/115193565', 'https://homes.bg/2025-08-05_1/115193566', 'https://homes.bg/2025-08-05_1/115193567', 'https://homes.bg/2025-08-05_1/115193568']",264000.0,EUR,"2,467 EUR/m²",,,False, продажба,PropertyType.TRISTAEN,2025-08-18 18:03:10.892734,https://www.homes.bg/api/offers?currencyId=1&filterOrderBy=0&locationId=1&typeId=ApartmentSell&neighbourhoods%5B%5D=527,204,София,4.0,['Хладилника'],апартамент
1642204,as,https://homes.bg/offer/apartament-za-prodazhba/dvustaen-73m2-sofiya-kv.-hladilnika/as1642204,,"кв. Хладилника, София","Двустаен, 73m²","Тухла, Прокарва се",1,"['https://homes.bg/2025-08-05_1/115193569', 'https://homes.bg/2025-08-05_1/115193570', 'https://homes.bg/2025-08-05_1/115193571', 'https://homes.bg/2025-08-05_1/115193572']",182000.0,EUR,"2,493 EUR/m²",,,False, продажба,PropertyType.DVUSTAEN,2025-08-18 18:03:10.892751,https://www.homes.bg/api/offers?currencyId=1&filterOrderBy=0&locationId=1&typeId=ApartmentSell&neighbourhoods%5B%5D=527,204,София,4.0,['Хладилника'],апартамент
1642205,as,https://homes.bg/offer/apartament-za-prodazhba/dvustaen-73m2-sofiya-kv.-hladilnika/as1642205,,"кв. Хладилника, София","Двустаен, 73m²","Тухла, Прокарва се",1,"['https://homes.bg/2025-08-05_1/115193573', 'https://homes.bg/2025-08-05_1/115193574', 'https://homes.bg/2025-08-05_1/115193575', 'https://homes.bg/2025-08-05_1/115193576']",182000.0,EUR,"2,493 EUR/m²",,,False, продажба,PropertyType.DVUSTAEN,2025-08-18 18:03:10.892768,https://www.homes.bg/api/offers?currencyId=1&filterOrderBy=0&locationId=1&typeId=ApartmentSell&neighbourhoods%5B%5D=527,204,София,4.0,['Хладилника'],апартамент
1642206,as,https://homes.bg/offer/apartament-za-prodazhba/tristaen-108m2-sofiya-kv.-hladilnika/as1642206,,"кв. Хладилника, София","Тристаен, 108m²","Тухла, Прокарва се",1,"['https://homes.bg/2025-08-05_1/115193577', 'https://homes.bg/2025-08-05_1/115193578', 'https://homes.bg/2025-08-05_1/115193579', 'https://homes.bg/2025-08-05_1/115193580']",272000.0,EUR,"2,518 EUR/m²",,,False, продажба,PropertyType.TRISTAEN,2025-08-18 18:03:10.892786,https://www.homes.bg/api/offers?currencyId=1&filterOrderBy=0&locationId=1&typeId=ApartmentSell&neighbourhoods%5B%5D=527,204,София,4.0,['Хладилника'],апартамент
1621595,as,https://homes.bg/offer/apartament-za-prodazhba/dvustaen-68m2-sofiya-kv.-hladilnika/as1621595,,"кв. Хладилника, София","Двустаен, 68m²","Тухла, Прокарва се",1,"['https://homes.bg/2025-04-09_1/113689343', 'https://homes.bg/2025-04-09_1/113689344', 'https://homes.bg/2025-04-09_1/113689345', 'https://homes.bg/2025-04-09_1/113689346']",203000.0,EUR,"2,985 EUR/m²",,,False, продажба,PropertyType.DVUSTAEN,2025-08-18 18:03:10.892802,https://www.homes.bg/api/offers?currencyId=1&filterOrderBy=0&locationId=1&typeId=ApartmentSell&neighbourhoods%5B%5D=527,204,София,4.0,['Хладилника'],апартамент
1621591,as,https://homes.bg/offer/apartament-za-prodazhba/tristaen-115m2-sofiya-kv.-hladilnika/as1621591,,"кв. Хладилника, София","Тристаен, 115m²","Тухла, Прокарва се",1,"['https://homes.bg/2025-04-09_1/113689327', 'https://homes.bg/2025-04-09_1/113689328', 'https://homes.bg/2025-04-09_1/113689329', 'https://homes.bg/2025-04-09_1/113689330']",278000.0,EUR,"2,417 EUR/m²",,,False, продажба,PropertyType.TRISTAEN,2025-08-18 18:03:10.892819,https://www.homes.bg/api/offers?currencyId=1&filterOrderBy=0&locationId=1&typeId=ApartmentSell&neighbourhoods%5B%5D=527,204,София,4.0,['Хладилника'],апартамент
1642184,as,https://homes.bg/offer/apartament-za-prodazhba/tristaen-115m2-sofiya-kv.-hladilnika/as1642184,,"кв. Хладилника, София","Тристаен, 115m²","Тухла, Прокарва се",1,"['https://homes.bg/2025-08-05_1/115193489', 'https://homes.bg/2025-08-05_1/115193490', 'https://homes.bg/2025-08-05_1/115193491', 'https://homes.bg/2025-08-05_1/115193492']",290000.0,EUR,"2,521 EUR/m²",,,False, продажба,PropertyType.TRISTAEN,2025-08-18 18:03:10.892835,https://www.homes.bg/api/offers?currencyId=1&filterOrderBy=0&locationId=1&typeId=ApartmentSell&neighbourhoods%5B%5D=527,204,София,4.0,['Хладилника'],апартамент
1642185,as,https://homes.bg/offer/apartament-za-prodazhba/dvustaen-75m2-sofiya-kv.-hladilnika/as1642185,,"кв. Хладилника, София","Двустаен, 75m²","Тухла, Прокарва се",1,"['https://homes.bg/2025-08-05_1/115193493', 'https://homes.bg/2025-08-05_1/115193494', 'https://homes.bg/2025-08-05_1/115193495', 'https://homes.bg/2025-08-05_1/115193496']",189000.0,EUR,"2,520 EUR/m²",,,False, продажба,PropertyType.DVUSTAEN,2025-08-18 18:03:10.892853,https://www.homes.bg/api/offers?currencyId=1&filterOrderBy=0&locationId=1&typeId=ApartmentSell&neighbourhoods%5B%5D=527,204,София,4.0,['Хладилника'],апартамент
1642190,as,https://homes.bg/offer/apartament-za-prodazhba/tristaen-115m2-sofiya-kv.-hladilnika/as1642190,,"кв. Хладилника, София","Тристаен, 115m²","Тухла, Прокарва се",1,"['https://homes.bg/2025-08-05_1/115193513', 'https://homes.bg/2025-08-05_1/115193514', 'https://homes.bg/2025-08-05_1/115193515', 'https://homes.bg/2025-08-05_1/115193516']",307000.0,EUR,"2,669 EUR/m²",,,False, продажба,PropertyType.TRISTAEN,2025-08-18 18:03:10.892869,https://www.homes.bg/api/offers?currencyId=1&filterOrderBy=0&locationId=1&typeId=ApartmentSell&neighbourhoods%5B%5D=527,204,София,4.0,['Хладилника'],апартамент
1642192,as,https://homes.bg/offer/apartament-za-prodazhba/tristaen-117m2-sofiya-kv.-hladilnika/as1642192,,"кв. Хладилника, София","Тристаен, 117m²","Тухла, Прокарва се",1,"['https://homes.bg/2025-08-05_1/115193521', 'https://homes.bg/2025-08-05_1/115193522', 'https://homes.bg/2025-08-05_1/115193523', 'https://homes.bg/2025-08-05_1/115193524']",329000.0,EUR,"2,811 EUR/m²",,,False, продажба,PropertyType.TRISTAEN,2025-08-18 18:03:10.892886,https://www.homes.bg/api/offers?currencyId=1&filterOrderBy=0&locationId=1&typeId=ApartmentSell&neighbourhoods%5B%5D=527,204,София,4.0,['Хладилника'],апартамент
1642194,as,https://homes.bg/offer/apartament-za-prodazhba/tristaen-117m2-sofiya-kv.-hladilnika/as1642194,,"кв. Хладилника, София","Тристаен, 117m²","Тухла, Прокарва се",1,"['https://homes.bg/2025-08-05_1/115193529', 'https://homes.bg/2025-08-05_1/115193530', 'https://homes.bg/2025-08-05_1/115193531', 'https://homes.bg/2025-08-05_1/115193532']",330000.0,EUR,"2,820 EUR/m²",,,False, продажба,PropertyType.TRISTAEN,2025-08-18 18:03:10.892902,https://www.homes.bg/api/offers?currencyId=1&filterOrderBy=0&locationId=1&typeId=ApartmentSell&neighbourhoods%5B%5D=527,204,София,4.0,['Хладилника'],апартамент
1642197,as,https://homes.bg/offer/apartament-za-prodazhba/tristaen-108m2-sofiya-kv.-hladilnika/as1642197,,"кв. Хладилника, София","Тристаен, 108m²","Тухла, Прокарва се",1,"['https://homes.bg/2025-08-05_1/115193541', 'https://homes.bg/2025-08-05_1/115193542', 'https://homes.bg/2025-08-05_1/115193543', 'https://homes.bg/2025-08-05_1/115193544']",255000.0,EUR,"2,361 EUR/m²",,,False, продажба,PropertyType.TRISTAEN,2025-08-18 18:03:10.892919,https://www.homes.bg/api/offers?currencyId=1&filterOrderBy=0&locationId=1&typeId=ApartmentSell&neighbourhoods%5B%5D=527,204,София,4.0,['Хладилника'],апартамент
1642207,as,https://homes.bg/offer/apartament-za-prodazhba/tristaen-107m2-sofiya-kv.-hladilnika/as1642207,,"кв. Хладилника, София","Тристаен, 107m²","Тухла, Прокарва се",1,"['https://homes.bg/2025-08-05_1/115193581', 'https://homes.bg/2025-08-05_1/115193582', 'https://homes.bg/2025-08-05_1/115193583', 'https://homes.bg/2025-08-05_1/115193584']",269000.0,EUR,"2,514 EUR/m²",,,False, продажба,PropertyType.TRISTAEN,2025-08-18 18:03:10.892938,https://www.homes.bg/api/offers?currencyId=1&filterOrderBy=0&locationId=1&typeId=ApartmentSell&neighbourhoods%5B%5D=527,204,София,4.0,['Хладилника'],апартамент
1642175,as,https://homes.bg/offer/apartament-za-prodazhba/dvustaen-75m2-sofiya-kv.-hladilnika/as1642175,,"кв. Хладилника, София","Двустаен, 75m²","Тухла, Прокарва се",1,"['https://homes.bg/2025-08-05_1/115193453', 'https://homes.bg/2025-08-05_1/115193454', 'https://homes.bg/2025-08-05_1/115193455', 'https://homes.bg/2025-08-05_1/115193456']",178000.0,EUR,"2,373 EUR/m²",,,False, продажба,PropertyType.DVUSTAEN,2025-08-18 18:03:10.892955,https://www.homes.bg/api/offers?currencyId=1&filterOrderBy=0&locationId=1&typeId=ApartmentSell&neighbourhoods%5B%5D=527,204,София,4.0,['Хладилника'],апартамент
1642178,as,https://homes.bg/offer/apartament-za-prodazhba/tristaen-117m2-sofiya-kv.-hladilnika/as1642178,,"кв. Хладилника, София","Тристаен, 117m²","Тухла, Прокарва се",1,"['https://homes.bg/2025-08-05_1/115193465', 'https://homes.bg/2025-08-05_1/115193466', 'https://homes.bg/2025-08-05_1/115193467', 'https://homes.bg/2025-08-05_1/115193468']",282000.0,EUR,"2,410 EUR/m²",,,False, продажба,PropertyType.TRISTAEN,2025-08-18 18:03:10.892971,https://www.homes.bg/api/offers?currencyId=1&filterOrderBy=0&locationId=1&typeId=ApartmentSell&neighbourhoods%5B%5D=527,204,София,4.0,['Хладилника'],апартамент
1642212,as,https://homes.bg/offer/apartament-za-prodazhba/tristaen-107m2-sofiya-kv.-hladilnika/as1642212,,"кв. Хладилника, София","Тристаен, 107m²","Тухла, Прокарва се",1,"['https://homes.bg/2025-08-05_1/115193601', 'https://homes.bg/2025-08-05_1/115193602', 'https://homes.bg/2025-08-05_1/115193603', 'https://homes.bg/2025-08-05_1/115193604']",275000.0,EUR,"2,570 EUR/m²",,,False, продажба,PropertyType.TRISTAEN,2025-08-18 18:03:10.892987,https://www.homes.bg/api/offers?currencyId=1&filterOrderBy=0&locationId=1&typeId=ApartmentSell&neighbourhoods%5B%5D=527,204,София,4.0,['Хладилника'],апартамент
1642215,as,https://homes.bg/offer/apartament-za-prodazhba/tristaen-108m2-sofiya-kv.-hladilnika/as1642215,,"кв. Хладилника, София","Тристаен, 108m²","Тухла, Прокарва се",1,"['https://homes.bg/2025-08-05_1/115193613', 'https://homes.bg/2025-08-05_1/115193614', 'https://homes.bg/2025-08-05_1/115193615', 'https://homes.bg/2025-08-05_1/115193616']",304000.0,EUR,"2,814 EUR/m²",,,False, продажба,PropertyType.TRISTAEN,2025-08-18 18:03:10.893003,https://www.homes.bg/api/offers?currencyId=1&filterOrderBy=0&locationId=1&typeId=ApartmentSell&neighbourhoods%5B%5D=527,204,София,4.0,['Хладилника'],апартамент
1642216,as,https://homes.bg/offer/apartament-za-prodazhba/tristaen-107m2-sofiya-kv.-hladilnika/as1642216,,"кв. Хладилника, София","Тристаен, 107m²","Тухла, Прокарва се",1,"['https://homes.bg/2025-08-05_1/115193617', 'https://homes.bg/2025-08-05_1/115193618', 'https://homes.bg/2025-08-05_1/115193619', 'https://homes.bg/2025-08-05_1/115193620']",302000.0,EUR,"2,822 EUR/m²",,,False, продажба,PropertyType.TRISTAEN,2025-08-18 18:03:10.893021,https://www.homes.bg/api/offers?currencyId=1&filterOrderBy=0&locationId=1&typeId=ApartmentSell&neighbourhoods%5B%5D=527,204,София,4.0,['Хладилника'],апартамент
1642219,as,https://homes.bg/offer/apartament-za-prodazhba/tristaen-108m2-sofiya-kv.-hladilnika/as1642219,,"кв. Хладилника, София","Тристаен, 108m²","Тухла, Прокарва се",1,"['https://homes.bg/2025-08-05_1/115193629', 'https://homes.bg/2025-08-05_1/115193630', 'https://homes.bg/2025-08-05_1/115193631', 'https://homes.bg/2025-08-05_1/115193632']",315000.0,EUR,"2,916 EUR/m²",,,False, продажба,PropertyType.TRISTAEN,2025-08-18 18:03:10.893038,https://www.homes.bg/api/offers?currencyId=1&filterOrderBy=0&locationId=1&typeId=ApartmentSell&neighbourhoods%5B%5D=527,204,София,4.0,['Хладилника'],апартамент
1642223,as,https://homes.bg/offer/apartament-za-prodazhba/dvustaen-68m2-sofiya-kv.-hladilnika/as1642223,,"кв. Хладилника, София","Двустаен, 68m²","Тухла, Прокарва се",1,"['https://homes.bg/2025-08-05_1/115193645', 'https://homes.bg/2025-08-05_1/115193646', 'https://homes.bg/2025-08-05_1/115193647', 'https://homes.bg/2025-08-05_1/115193648']",206000.0,EUR,"3,029 EUR/m²",,,False, продажба,PropertyType.DVUSTAEN,2025-08-18 18:03:10.893054,https://www.homes.bg/api/offers?currencyId=1&filterOrderBy=0&locationId=1&typeId=ApartmentSell&neighbourhoods%5B%5D=527,204,София,4.0,['Хладилника'],апартамент
1642224,as,https://homes.bg/offer/apartament-za-prodazhba/tristaen-108m2-sofiya-kv.-hladilnika/as1642224,,"кв. Хладилника, София","Тристаен, 108m²","Тухла, Прокарва се",1,"['https://homes.bg/2025-08-05_1/115193649', 'https://homes.bg/2025-08-05_1/115193650', 'https://homes.bg/2025-08-05_1/115193651', 'https://homes.bg/2025-08-05_1/115193652']",326000.0,EUR,"3,018 EUR/m²",,,False, продажба,PropertyType.TRISTAEN,2025-08-18 18:03:10.893070,https://www.homes.bg/api/offers?currencyId=1&filterOrderBy=0&locationId=1&typeId=ApartmentSell&neighbourhoods%5B%5D=527,204,София,4.0,['Хладилника'],апартамент
1618263,as,https://homes.bg/offer/apartament-za-prodazhba/tristaen-107m2-sofiya-kv.-hladilnika/as1618263,,"кв. Хладилника, София","Тристаен, 107m²","Тухла, Прокарва се",1,"['https://homes.bg/2025-03-20_1/113435224', 'https://homes.bg/2025-03-20_1/113435225', 'https://homes.bg/2025-03-20_1/113435226', 'https://homes.bg/2025-03-20_1/113435227']",259000.0,EUR,"2,420 EUR/m²",,,False, продажба,PropertyType.TRISTAEN,2025-08-18 18:03:10.893086,https://www.homes.bg/api/offers?currencyId=1&filterOrderBy=0&locationId=1&typeId=ApartmentSell&neighbourhoods%5B%5D=527,204,София,4.0,['Хладилника'],апартамент
1618264,as,https://homes.bg/offer/apartament-za-prodazhba/tristaen-108m2-sofiya-kv.-hladilnika/as1618264,,"кв. Хладилника, София","Тристаен, 108m²","Тухла, Прокарва се",1,"['https://homes.bg/2025-03-20_1/113435228', 'https://homes.bg/2025-03-20_1/113435229', 'https://homes.bg/2025-03-20_1/113435230', 'https://homes.bg/2025-03-20_1/113435231']",271000.0,EUR,"2,509 EUR/m²",,,False, продажба,PropertyType.TRISTAEN,2025-08-18 18:03:10.893102,https://www.homes.bg/api/offers?currencyId=1&filterOrderBy=0&locationId=1&typeId=ApartmentSell&neighbourhoods%5B%5D=527,204,София,4.0,['Хладилника'],апартамент
1621594,as,https://homes.bg/offer/apartament-za-prodazhba/tristaen-108m2-sofiya-kv.-hladilnika/as1621594,,"кв. Хладилника, София","Тристаен, 108m²","Тухла, Прокарва се",1,"['https://homes.bg/2025-04-09_1/113689339', 'https://homes.bg/2025-04-09_1/113689340', 'https://homes.bg/2025-04-09_1/113689341', 'https://homes.bg/2025-04-09_1/113689342']",310000.0,EUR,"2,870 EUR/m²",,,False, продажба,PropertyType.TRISTAEN,2025-08-18 18:03:10.893118,https://www.homes.bg/api/offers?currencyId=1&filterOrderBy=0&locationId=1&typeId=ApartmentSell&neighbourhoods%5B%5D=527,204,София,4.0,['Хладилника'],апартамент
1642188,as,https://homes.bg/offer/apartament-za-prodazhba/dvustaen-75m2-sofiya-kv.-hladilnika/as1642188,,"кв. Хладилника, София","Двустаен, 75m²","Тухла, Прокарва се",1,"['https://homes.bg/2025-08-05_1/115193505', 'https://homes.bg/2025-08-05_1/115193506', 'https://homes.bg/2025-08-05_1/115193507', 'https://homes.bg/2025-08-05_1/115193508']",193000.0,EUR,"2,573 EUR/m²",,,False, продажба,PropertyType.DVUSTAEN,2025-08-18 18:03:10.893134,https://www.homes.bg/api/offers?currencyId=1&filterOrderBy=0&locationId=1&typeId=ApartmentSell&neighbourhoods%5B%5D=527,204,София,4.0,['Хладилника'],апартамент
1642191,as,https://homes.bg/offer/apartament-za-prodazhba/dvustaen-75m2-sofiya-kv.-hladilnika/as1642191,,"кв. Хладилника, София","Двустаен, 75m²","Тухла, Прокарва се",1,"['https://homes.bg/2025-08-05_1/115193517', 'https://homes.bg/2025-08-05_1/115193518', 'https://homes.bg/2025-08-05_1/115193519', 'https://homes.bg/2025-08-05_1/115193520']",201000.0,EUR,"2,680 EUR/m²",,,False, продажба,PropertyType.DVUSTAEN,2025-08-18 18:03:14.275528,https://www.homes.bg/api/offers?currencyId=1&filterOrderBy=0&locationId=1&typeId=ApartmentSell&neighbourhoods%5B%5D=527,204,София,4.0,['Хладилника'],апартамент
1642193,as,https://homes.bg/offer/apartament-za-prodazhba/tristaen-115m2-sofiya-kv.-hladilnika/as1642193,,"кв. Хладилника, София","Тристаен, 115m²","Тухла, Прокарва се",1,"['https://homes.bg/2025-08-05_1/115193525', 'https://homes.bg/2025-08-05_1/115193526', 'https://homes.bg/2025-08-05_1/115193527', 'https://homes.bg/2025-08-05_1/115193528']",325000.0,EUR,"2,826 EUR/m²",,,False, продажба,PropertyType.TRISTAEN,2025-08-18 18:03:14.275629,https://www.homes.bg/api/offers?currencyId=1&filterOrderBy=0&locationId=1&typeId=ApartmentSell&neighbourhoods%5B%5D=527,204,София,4.0,['Хладилника'],апартамент
1642199,as,https://homes.bg/offer/apartament-za-prodazhba/tristaen-108m2-sofiya-kv.-hladilnika/as1642199,,"кв. Хладилника, София","Тристаен, 108m²","Тухла, Прокарва се",1,"['https://homes.bg/2025-08-05_1/115193549', 'https://homes.bg/2025-08-05_1/115193550', 'https://homes.bg/2025-08-05_1/115193551', 'https://homes.bg/2025-08-05_1/115193552']",261000.0,EUR,"2,416 EUR/m²",,,False, продажба,PropertyType.TRISTAEN,2025-08-18 18:03:14.275653,https://www.homes.bg/api/offers?currencyId=1&filterOrderBy=0&locationId=1&typeId=ApartmentSell&neighbourhoods%5B%5D=527,204,София,4.0,['Хладилника'],апартамент
1642201,as,https://homes.bg/offer/apartament-za-prodazhba/dvustaen-73m2-sofiya-kv.-hladilnika/as1642201,,"кв. Хладилника, София","Двустаен, 73m²","Тухла, Прокарва се",1,"['https://homes.bg/2025-08-05_1/115193557', 'https://homes.bg/2025-08-05_1/115193558', 'https://homes.bg/2025-08-05_1/115193559', 'https://homes.bg/2025-08-05_1/115193560']",178000.0,EUR,"2,438 EUR/m²",,,False, продажба,PropertyType.DVUSTAEN,2025-08-18 18:03:14.275671,https://www.homes.bg/api/offers?currencyId=1&filterOrderBy=0&locationId=1&typeId=ApartmentSell&neighbourhoods%5B%5D=527,204,София,4.0,['Хладилника'],апартамент
1642202,as,https://homes.bg/offer/apartament-za-prodazhba/tristaen-108m2-sofiya-kv.-hladilnika/as1642202,,"кв. Хладилника, София","Тристаен, 108m²","Тухла, Прокарва се",1,"['https://homes.bg/2025-08-05_1/115193561', 'https://homes.bg/2025-08-05_1/115193562', 'https://homes.bg/2025-08-05_1/115193563', 'https://homes.bg/2025-08-05_1/115193564']",266000.0,EUR,"2,462 EUR/m²",,,False, продажба,PropertyType.TRISTAEN,2025-08-18 18:03:14.275687,https://www.homes.bg/api/offers?currencyId=1&filterOrderBy=0&locationId=1&typeId=ApartmentSell&neighbourhoods%5B%5D=527,204,София,4.0,['Хладилника'],апартамент
1642176,as,https://homes.bg/offer/apartament-za-prodazhba/dvustaen-75m2-sofiya-kv.-hladilnika/as1642176,,"кв. Хладилника, София","Двустаен, 75m²","Тухла, Прокарва се",1,"['https://homes.bg/2025-08-05_1/115193457', 'https://homes.bg/2025-08-05_1/115193458', 'https://homes.bg/2025-08-05_1/115193459', 'https://homes.bg/2025-08-05_1/115193460']",178000.0,EUR,"2,373 EUR/m²",,,False, продажба,PropertyType.DVUSTAEN,2025-08-18 18:03:14.275707,https://www.homes.bg/api/offers?currencyId=1&filterOrderBy=0&locationId=1&typeId=ApartmentSell&neighbourhoods%5B%5D=527,204,София,4.0,['Хладилника'],апартамент
1618266,as,https://homes.bg/offer/apartament-za-prodazhba/dvustaen-68m2-sofiya-kv.-hladilnika/as1618266,,"кв. Хладилника, София","Двустаен, 68m²","Тухла, Прокарва се",1,"['https://homes.bg/2025-03-20_1/113435236', 'https://homes.bg/2025-03-20_1/113435237', 'https://homes.bg/2025-03-20_1/113435238', 'https://homes.bg/2025-03-20_1/113435239']",199000.0,EUR,"2,926 EUR/m²",,,False, продажба,PropertyType.DVUSTAEN,2025-08-18 18:03:14.275725,https://www.homes.bg/api/offers?currencyId=1&filterOrderBy=0&locationId=1&typeId=ApartmentSell&neighbourhoods%5B%5D=527,204,София,4.0,['Хладилника'],апартамент
1618267,as,https://homes.bg/offer/apartament-za-prodazhba/dvustaen-73m2-sofiya-kv.-hladilnika/as1618267,,"кв. Хладилника, София","Двустаен, 73m²","Тухла, Прокарва се",1,"['https://homes.bg/2025-03-20_1/113435240', 'https://homes.bg/2025-03-20_1/113435241', 'https://homes.bg/2025-03-20_1/113435242', 'https://homes.bg/2025-03-20_1/113435243']",215000.0,EUR,"2,945 EUR/m²",,,False, продажба,PropertyType.DVUSTAEN,2025-08-18 18:03:14.275742,https://www.homes.bg/api/offers?currencyId=1&filterOrderBy=0&locationId=1&typeId=ApartmentSell&neighbourhoods%5B%5D=527,204,София,4.0,['Хладилника'],апартамент
1642213,as,https://homes.bg/offer/apartament-za-prodazhba/dvustaen-68m2-sofiya-kv.-hladilnika/as1642213,,"кв. Хладилника, София","Двустаен, 68m²","Тухла, Прокарва се",1,"['https://homes.bg/2025-08-05_1/115193605', 'https://homes.bg/2025-08-05_1/115193606', 'https://homes.bg/2025-08-05_1/115193607', 'https://homes.bg/2025-08-05_1/115193608']",179000.0,EUR,"2,632 EUR/m²",,,False, продажба,PropertyType.DVUSTAEN,2025-08-18 18:03:14.275758,https://www.homes.bg/api/offers?currencyId=1&filterOrderBy=0&locationId=1&typeId=ApartmentSell&neighbourhoods%5B%5D=527,204,София,4.0,['Хладилника'],апартамент
1642214,as,https://homes.bg/offer/apartament-za-prodazhba/dvustaen-68m2-sofiya-kv.-hladilnika/as1642214,,"кв. Хладилника, София","Двустаен, 68m²","Тухла, Прокарва се",1,"['https://homes.bg/2025-08-05_1/115193609', 'https://homes.bg/2025-08-05_1/115193610', 'https://homes.bg/2025-08-05_1/115193611', 'https://homes.bg/2025-08-05_1/115193612']",192000.0,EUR,"2,823 EUR/m²",,,False, продажба,PropertyType.DVUSTAEN,2025-08-18 18:03:14.275774,https://www.homes.bg/api/offers?currencyId=1&filterOrderBy=0&locationId=1&typeId=ApartmentSell&neighbourhoods%5B%5D=527,204,София,4.0,['Хладилника'],апартамент
1642217,as,https://homes.bg/offer/apartament-za-prodazhba/dvustaen-73m2-sofiya-kv.-hladilnika/as1642217,,"кв. Хладилника, София","Двустаен, 73m²","Тухла, Прокарва се",1,"['https://homes.bg/2025-08-05_1/115193621', 'https://homes.bg/2025-08-05_1/115193622', 'https://homes.bg/2025-08-05_1/115193623', 'https://homes.bg/2025-08-05_1/115193624']",207000.0,EUR,"2,835 EUR/m²",,,False, продажба,PropertyType.DVUSTAEN,2025-08-18 18:03:14.275792,https://www.homes.bg/api/offers?currencyId=1&filterOrderBy=0&locationId=1&typeId=ApartmentSell&neighbourhoods%5B%5D=527,204,София,4.0,['Хладилника'],апартамент
1642218,as,https://homes.bg/offer/apartament-za-prodazhba/tristaen-107m2-sofiya-kv.-hladilnika/as1642218,,"кв. Хладилника, София","Тристаен, 107m²","Тухла, Прокарва се",1,"['https://homes.bg/2025-08-05_1/115193625', 'https://homes.bg/2025-08-05_1/115193626', 'https://homes.bg/2025-08-05_1/115193627', 'https://homes.bg/2025-08-05_1/115193628']",307000.0,EUR,"2,869 EUR/m²",,,False, продажба,PropertyType.TRISTAEN,2025-08-18 18:03:14.275808,https://www.homes.bg/api/offers?currencyId=1&filterOrderBy=0&locationId=1&typeId=ApartmentSell&neighbourhoods%5B%5D=527,204,София,4.0,['Хладилника'],апартамент
1642221,as,https://homes.bg/offer/apartament-za-prodazhba/tristaen-108m2-sofiya-kv.-hladilnika/as1642221,,"кв. Хладилника, София","Тристаен, 108m²","Тухла, Прокарва се",1,"['https://homes.bg/2025-08-05_1/115193637', 'https://homes.bg/2025-08-05_1/115193638', 'https://homes.bg/2025-08-05_1/115193639', 'https://homes.bg/2025-08-05_1/115193640']",321000.0,EUR,"2,972 EUR/m²",,,False, продажба,PropertyType.TRISTAEN,2025-08-18 18:03:14.275825,https://www.homes.bg/api/offers?currencyId=1&filterOrderBy=0&locationId=1&typeId=ApartmentSell&neighbourhoods%5B%5D=527,204,София,4.0,['Хладилника'],апартамент
1642222,as,https://homes.bg/offer/apartament-za-prodazhba/tristaen-107m2-sofiya-kv.-hladilnika/as1642222,,"кв. Хладилника, София","Тристаен, 107m²","Тухла, Прокарва се",1,"['https://homes.bg/2025-08-05_1/115193641', 'https://homes.bg/2025-08-05_1/115193642', 'https://homes.bg/2025-08-05_1/115193643', 'https://homes.bg/2025-08-05_1/115193644']",317000.0,EUR,"2,962 EUR/m²",,,False, продажба,PropertyType.TRISTAEN,2025-08-18 18:03:14.275843,https://www.homes.bg/api/offers?currencyId=1&filterOrderBy=0&locationId=1&typeId=ApartmentSell&neighbourhoods%5B%5D=527,204,София,4.0,['Хладилника'],апартамент
1642225,as,https://homes.bg/offer/apartament-za-prodazhba/tristaen-107m2-sofiya-kv.-hladilnika/as1642225,,"кв. Хладилника, София","Тристаен, 107m²","Тухла, Прокарва се",1,"['https://homes.bg/2025-08-05_1/115193653', 'https://homes.bg/2025-08-05_1/115193654', 'https://homes.bg/2025-08-05_1/115193655', 'https://homes.bg/2025-08-05_1/115193656']",323000.0,EUR,"3,018 EUR/m²",,,False, продажба,PropertyType.TRISTAEN,2025-08-18 18:03:14.275860,https://www.homes.bg/api/offers?currencyId=1&filterOrderBy=0&locationId=1&typeId=ApartmentSell&neighbourhoods%5B%5D=527,204,София,4.0,['Хладилника'],апартамент
1642228,as,https://homes.bg/offer/apartament-za-prodazhba/dvustaen-68m2-sofiya-kv.-hladilnika/as1642228,,"кв. Хладилника, София","Двустаен, 68m²","Тухла, Прокарва се",1,"['https://homes.bg/2025-08-05_1/115193665', 'https://homes.bg/2025-08-05_1/115193666', 'https://homes.bg/2025-08-05_1/115193667', 'https://homes.bg/2025-08-05_1/115193668']",214000.0,EUR,"3,147 EUR/m²",,,False, продажба,PropertyType.DVUSTAEN,2025-08-18 18:03:14.275878,https://www.homes.bg/api/offers?currencyId=1&filterOrderBy=0&locationId=1&typeId=ApartmentSell&neighbourhoods%5B%5D=527,204,София,4.0,['Хладилника'],апартамент
1642230,as,https://homes.bg/offer/apartament-za-prodazhba/mnogostaen-300m2-sofiya-kv.-hladilnika/as1642230,,"кв. Хладилника, София","Многостаен, 300m²","Тухла, Прокарва се",1,"['https://homes.bg/2025-08-05_1/115193673', 'https://homes.bg/2025-08-05_1/115193674', 'https://homes.bg/2025-08-05_1/115193675', 'https://homes.bg/2025-08-05_1/115193676']",962000.0,EUR,"3,206 EUR/m²",,,False, продажба,PropertyType.MNOGOSTAEN,2025-08-18 18:03:14.275895,https://www.homes.bg/api/offers?currencyId=1&filterOrderBy=0&locationId=1&typeId=ApartmentSell&neighbourhoods%5B%5D=527,204,София,4.0,['Хладилника'],апартамент
1642173,as,https://homes.bg/offer/apartament-za-prodazhba/tristaen-117m2-sofiya-kv.-hladilnika/as1642173,,"кв. Хладилника, София","Тристаен, 117m²","Тухла, Прокарва се",1,"['https://homes.bg/2025-08-05_1/115193445', 'https://homes.bg/2025-08-05_1/115193446', 'https://homes.bg/2025-08-05_1/115193447', 'https://homes.bg/2025-08-05_1/115193448']",276000.0,EUR,"2,358 EUR/m²",,,False, продажба,PropertyType.TRISTAEN,2025-08-18 18:03:14.275911,https://www.homes.bg/api/offers?currencyId=1&filterOrderBy=0&locationId=1&typeId=ApartmentSell&neighbourhoods%5B%5D=527,204,София,4.0,['Хладилника'],апартамент
1642174,as,https://homes.bg/offer/apartament-za-prodazhba/tristaen-115m2-sofiya-kv.-hladilnika/as1642174,,"кв. Хладилника, София","Тристаен, 115m²","Тухла, Прокарва се",1,"['https://homes.bg/2025-08-05_1/115193449', 'https://homes.bg/2025-08-05_1/115193450', 'https://homes.bg/2025-08-05_1/115193451', 'https://homes.bg/2025-08-05_1/115193452']",273000.0,EUR,"2,373 EUR/m²",,,False, продажба,PropertyType.TRISTAEN,2025-08-18 18:03:14.275926,https://www.homes.bg/api/offers?currencyId=1&filterOrderBy=0&locationId=1&typeId=ApartmentSell&neighbourhoods%5B%5D=527,204,София,4.0,['Хладилника'],апартамент
1642179,as,https://homes.bg/offer/apartament-za-prodazhba/tristaen-117m2-sofiya-kv.-hladilnika/as1642179,,"кв. Хладилника, София","Тристаен, 117m²","Тухла, Прокарва се",1,"['https://homes.bg/2025-08-05_1/115193469', 'https://homes.bg/2025-08-05_1/115193470', 'https://homes.bg/2025-08-05_1/115193471', 'https://homes.bg/2025-08-05_1/115193472']",288000.0,EUR,"2,461 EUR/m²",,,False, продажба,PropertyType.TRISTAEN,2025-08-18 18:03:14.275943,https://www.homes.bg/api/offers?currencyId=1&filterOrderBy=0&locationId=1&typeId=ApartmentSell&neighbourhoods%5B%5D=527,204,София,4.0,['Хладилника'],апартамент
1642181,as,https://homes.bg/offer/apartament-za-prodazhba/dvustaen-75m2-sofiya-kv.-hladilnika/as1642181,,"кв. Хладилника, София","Двустаен, 75m²","Тухла, Прокарва се",1,"['https://homes.bg/2025-08-05_1/115193477', 'https://homes.bg/2025-08-05_1/115193478', 'https://homes.bg/2025-08-05_1/115193479', 'https://homes.bg/2025-08-05_1/115193480']",186000.0,EUR,"2,480 EUR/m²",,,False, продажба,PropertyType.DVUSTAEN,2025-08-18 18:03:14.275959,https://www.homes.bg/api/offers?currencyId=1&filterOrderBy=0&locationId=1&typeId=ApartmentSell&neighbourhoods%5B%5D=527,204,София,4.0,['Хладилника'],апартамент
1642182,as,https://homes.bg/offer/apartament-za-prodazhba/dvustaen-75m2-sofiya-kv.-hladilnika/as1642182,,"кв. Хладилника, София","Двустаен, 75m²","Тухла, Прокарва се",1,"['https://homes.bg/2025-08-05_1/115193481', 'https://homes.bg/2025-08-05_1/115193482', 'https://homes.bg/2025-08-05_1/115193483', 'https://homes.bg/2025-08-05_1/115193484']",186000.0,EUR,"2,480 EUR/m²",,,False, продажба,PropertyType.DVUSTAEN,2025-08-18 18:03:14.275975,https://www.homes.bg/api/offers?currencyId=1&filterOrderBy=0&locationId=1&typeId=ApartmentSell&neighbourhoods%5B%5D=527,204,София,4.0,['Хладилника'],апартамент
1642196,as,https://homes.bg/offer/apartament-za-prodazhba/dvustaen-67m2-sofiya-kv.-hladilnika/as1642196,,"кв. Хладилника, София","Двустаен, 67m²","Тухла, Прокарва се",1,"['https://homes.bg/2025-08-05_1/115193537', 'https://homes.bg/2025-08-05_1/115193538', 'https://homes.bg/2025-08-05_1/115193539', 'https://homes.bg/2025-08-05_1/115193540']",190000.0,EUR,"2,835 EUR/m²",,,False, продажба,PropertyType.DVUSTAEN,2025-08-18 18:03:14.275991,https://www.homes.bg/api/offers?currencyId=1&filterOrderBy=0&locationId=1&typeId=ApartmentSell&neighbourhoods%5B%5D=527,204,София,4.0,['Хладилника'],апартамент
1642198,as,https://homes.bg/offer/apartament-za-prodazhba/tristaen-107m2-sofiya-kv.-hladilnika/as1642198,,"кв. Хладилника, София","Тристаен, 107m²","Тухла, Прокарва се",1,"['https://homes.bg/2025-08-05_1/115193545', 'https://homes.bg/2025-08-05_1/115193546', 'https://homes.bg/2025-08-05_1/115193547', 'https://homes.bg/2025-08-05_1/115193548']",253000.0,EUR,"2,364 EUR/m²",,,False, продажба,PropertyType.TRISTAEN,2025-08-18 18:03:14.276006,https://www.homes.bg/api/offers?currencyId=1&filterOrderBy=0&locationId=1&typeId=ApartmentSell&neighbourhoods%5B%5D=527,204,София,4.0,['Хладилника'],апартамент
1642208,as,https://homes.bg/offer/apartament-za-prodazhba/dvustaen-73m2-sofiya-kv.-hladilnika/as1642208,,"кв. Хладилника, София","Двустаен, 73m²","Тухла, Прокарва се",1,"['https://homes.bg/2025-08-05_1/115193585', 'https://homes.bg/2025-08-05_1/115193586', 'https://homes.bg/2025-08-05_1/115193587', 'https://homes.bg/2025-08-05_1/115193588']",185000.0,EUR,"2,534 EUR/m²",,,False, продажба,PropertyType.DVUSTAEN,2025-08-18 18:03:14.276022,https://www.homes.bg/api/offers?currencyId=1&filterOrderBy=0&locationId=1&typeId=ApartmentSell&neighbourhoods%5B%5D=527,204,София,4.0,['Хладилника'],апартамент
1642211,as,https://homes.bg/offer/apartament-za-prodazhba/tristaen-108m2-sofiya-kv.-hladilnika/as1642211,,"кв. Хладилника, София","Тристаен, 108m²","Тухла, Прокарва се",1,"['https://homes.bg/2025-08-05_1/115193597', 'https://homes.bg/2025-08-05_1/115193598', 'https://homes.bg/2025-08-05_1/115193599', 'https://homes.bg/2025-08-05_1/115193600']",277000.0,EUR,"2,564 EUR/m²",,,False, продажба,PropertyType.TRISTAEN,2025-08-18 18:03:14.276052,https://www.homes.bg/api/offers?currencyId=1&filterOrderBy=0&locationId=1&typeId=ApartmentSell&neighbourhoods%5B%5D=527,204,София,4.0,['Хладилника'],апартамент
1641507,as,https://homes.bg/offer/apartament-za-prodazhba/dvustaen-74m2-sofiya-kv.-hladilnika/as1641507,,"кв. Хладилника, София","Двустаен, 74m²","Тухла, Обзаведен, Локално отопление",1,"['https://homes.bg/2025-08-01_2/115156263', 'https://homes.bg/2025-08-01_2/115156264', 'https://homes.bg/2025-08-01_2/115156265', 'https://homes.bg/2025-08-01_2/115156266', 'https://homes.bg/2025-08-01_2/115156267', 'https://homes.bg/2025-08-01_2/115156268', 'https://homes.bg/2025-08-01_2/115156269', 'https://homes.bg/2025-08-01_2/115156270', 'https://homes.bg/2025-08-01_2/115156271', 'https://homes.bg/2025-08-01_2/115156272']",380000.0,EUR,"5,135 EUR/m²",,,False, продажба,PropertyType.DVUSTAEN,2025-08-18 18:03:14.276071,https://www.homes.bg/api/offers?currencyId=1&filterOrderBy=0&locationId=1&typeId=ApartmentSell&neighbourhoods%5B%5D=527,204,София,10.0,['Хладилника'],апартамент
1604840,as,https://homes.bg/offer/apartament-za-prodazhba/dvustaen-75m2-sofiya-kv.-hladilnika/as1604840,,"кв. Хладилника, София","Двустаен, 75m²","Тухла, Необзаведен, Локално отопление",1,[],285000.0,EUR,"3,800 EUR/m²",,,False, продажба,PropertyType.DVUSTAEN,2025-08-18 18:03:14.276086,https://www.homes.bg/api/offers?currencyId=1&filterOrderBy=0&locationId=1&typeId=ApartmentSell&neighbourhoods%5B%5D=527,204,София,0.0,['Хладилника'],апартамент
1604635,as,https://homes.bg/offer/apartament-za-prodazhba/tristaen-96m2-sofiya-kv.-hladilnika/as1604635,,"кв. Хладилника, София","Тристаен, 96m²","Тухла, Обзаведен, Електричество",1,"['https://homes.bg/2024-12-26_1/112545909', 'https://homes.bg/2024-12-26_1/112545910', 'https://homes.bg/2024-12-26_1/112545911', 'https://homes.bg/2024-12-26_1/112545912', 'https://homes.bg/2024-12-26_1/112545913', 'https://homes.bg/2024-12-26_1/112545914', 'https://homes.bg/2024-12-26_1/112545915', 'https://homes.bg/2024-12-26_1/112545916', 'https://homes.bg/2024-12-26_1/112545917', 'https://homes.bg/2024-12-26_1/112545918']",310000.0,EUR,"3,229 EUR/m²",,,False, продажба,PropertyType.TRISTAEN,2025-08-18 18:03:14.276105,https://www.homes.bg/api/offers?currencyId=1&filterOrderBy=0&locationId=1&typeId=ApartmentSell&neighbourhoods%5B%5D=527,204,София,10.0,['Хладилника'],апартамент
1640744,as,https://homes.bg/offer/apartament-za-prodazhba/dvustaen-70m2-sofiya-kv.-hladilnika/as1640744,,"кв. Хладилника, София","Двустаен, 70m²",Тухла,1,"['https://homes.bg/2025-07-29_2/115101437', 'https://homes.bg/2025-07-29_2/115101438', 'https://homes.bg/2025-07-29_2/115101439', 'https://homes.bg/2025-07-29_2/115101440', 'https://homes.bg/2025-07-29_2/115101441', 'https://homes.bg/2025-07-29_2/115101442']",359000.0,EUR,"5,128 EUR/m²",,,False, продажба,PropertyType.DVUSTAEN,2025-08-18 18:03:14.276121,https://www.homes.bg/api/offers?currencyId=1&filterOrderBy=0&locationId=1&typeId=ApartmentSell&neighbourhoods%5B%5D=527,204,София,6.0,['Хладилника'],апартамент
1629180,as,https://homes.bg/offer/apartament-za-prodazhba/dvustaen-80m2-sofiya-kv.-hladilnika/as1629180,,"кв. Хладилника, София","Двустаен, 80m²","Тухла, Необзаведен, Прокарва се",1,"['https://homes.bg/2025-05-23_1/114253118', 'https://homes.bg/2025-05-23_1/114253119']",220000.0,EUR,"2,750 EUR/m²",,,False, продажба,PropertyType.DVUSTAEN,2025-08-18 18:03:14.276136,https://www.homes.bg/api/offers?currencyId=1&filterOrderBy=0&locationId=1&typeId=ApartmentSell&neighbourhoods%5B%5D=527,204,София,2.0,['Хладилника'],апартамент
1627556,as,https://homes.bg/offer/apartament-za-prodazhba/mnogostaen-204m2-sofiya-kv.-hladilnika/as1627556,,"кв. Хладилника, София","Многостаен, 204m²","Тухла, Прокарва се",1,"['https://homes.bg/2025-05-14_1/114125038', 'https://homes.bg/2025-05-14_1/114125039', 'https://homes.bg/2025-05-14_1/114125040', 'https://homes.bg/2025-05-14_1/114125041']",511500.0,EUR,"2,507 EUR/m²",,,False, продажба,PropertyType.MNOGOSTAEN,2025-08-18 18:03:14.276152,https://www.homes.bg/api/offers?currencyId=1&filterOrderBy=0&locationId=1&typeId=ApartmentSell&neighbourhoods%5B%5D=527,204,София,4.0,['Хладилника'],апартамент
1583875,as,https://homes.bg/offer/apartament-za-prodazhba/tristaen-135m2-sofiya-kv.-hladilnika/as1583875,,"кв. Хладилника, София","Тристаен, 135m²","Тухла, Прокарва се",1,"['https://homes.bg/2024-08-21_1/110927852', 'https://homes.bg/2024-08-21_1/110927853', 'https://homes.bg/2024-08-21_1/110927854', 'https://homes.bg/2024-08-21_1/110927855', 'https://homes.bg/2024-08-21_1/110927856', 'https://homes.bg/2024-08-21_1/110927857', 'https://homes.bg/2024-08-21_1/110927858', 'https://homes.bg/2024-08-21_1/110927859', 'https://homes.bg/2024-08-21_1/110927860', 'https://homes.bg/2024-08-21_1/110927861']",413123.0,EUR,"3,060 EUR/m²",,,False, продажба,PropertyType.TRISTAEN,2025-08-18 18:03:14.276170,https://www.homes.bg/api/offers?currencyId=1&filterOrderBy=0&locationId=1&typeId=ApartmentSell&neighbourhoods%5B%5D=527,204,София,10.0,['Хладилника'],апартамент
1639951,as,https://homes.bg/offer/apartament-za-prodazhba/tristaen-162m2-sofiya-kv.-hladilnika/as1639951,,"кв. Хладилника, София","Тристаен, 162m²","Тухла, Необзаведен, Прокарва се",1,"['https://homes.bg/2025-07-23_1/115027897', 'https://homes.bg/2025-07-23_1/115027898', 'https://homes.bg/2025-07-23_1/115027899', 'https://homes.bg/2025-07-23_1/115027900', 'https://homes.bg/2025-07-23_1/115027901', 'https://homes.bg/2025-07-23_1/115027902', 'https://homes.bg/2025-07-23_1/115027903', 'https://homes.bg/2025-07-23_1/115027904', 'https://homes.bg/2025-07-23_1/115027905', 'https://homes.bg/2025-07-23_1/115027906']",615000.0,EUR,"3,796 EUR/m²",,,False, продажба,PropertyType.TRISTAEN,2025-08-18 18:03:14.276189,https://www.homes.bg/api/offers?currencyId=1&filterOrderBy=0&locationId=1&typeId=ApartmentSell&neighbourhoods%5B%5D=527,204,София,10.0,['Хладилника'],апартамент
1490944,as,https://homes.bg/offer/apartament-za-prodazhba/tristaen-115m2-sofiya-kv.-hladilnika/as1490944,,"кв. Хладилника, София","Тристаен, 115m²","Тухла, Обзаведен, ТЕЦ",1,"['https://homes.bg/2023-05-04_2/98600907', 'https://homes.bg/2023-05-04_2/98600901', 'https://homes.bg/2023-05-04_2/98600905', 'https://homes.bg/2023-05-04_2/98600904', 'https://homes.bg/2023-05-04_2/98600908', 'https://homes.bg/2023-05-04_2/98600902', 'https://homes.bg/2023-05-04_2/98600899', 'https://homes.bg/2023-05-04_2/98600903', 'https://homes.bg/2023-05-04_2/98600906', 'https://homes.bg/2023-05-04_2/98600900']",429000.0,EUR,"3,730 EUR/m²",,,False, продажба,PropertyType.TRISTAEN,2025-08-18 18:03:14.276207,https://www.homes.bg/api/offers?currencyId=1&filterOrderBy=0&locationId=1&typeId=ApartmentSell&neighbourhoods%5B%5D=527,204,София,10.0,['Хладилника'],апартамент
1638827,as,https://homes.bg/offer/apartament-za-prodazhba/tristaen-88m2-sofiya-kv.-hladilnika/as1638827,,"кв. Хладилника, София","Тристаен, 88m²","Тухла, Обзаведен, ТЕЦ",1,"['https://homes.bg/2025-07-17_2/114961313', 'https://homes.bg/2025-07-17_2/114961314', 'https://homes.bg/2025-07-17_2/114961315', 'https://homes.bg/2025-07-17_2/114961316', 'https://homes.bg/2025-07-17_2/114961317', 'https://homes.bg/2025-07-17_2/114961318', 'https://homes.bg/2025-07-17_2/114961319', 'https://homes.bg/2025-07-17_2/114961320', 'https://homes.bg/2025-07-17_2/114961321', 'https://homes.bg/2025-07-17_2/114961322']",400000.0,EUR,"4,545 EUR/m²",,,False, продажба,PropertyType.TRISTAEN,2025-08-18 18:03:14.276226,https://www.homes.bg/api/offers?currencyId=1&filterOrderBy=0&locationId=1&typeId=ApartmentSell&neighbourhoods%5B%5D=527,204,София,10.0,['Хладилника'],апартамент
1439646,as,https://homes.bg/offer/apartament-za-prodazhba/tristaen-112m2-sofiya-kv.-hladilnika/as1439646,,"кв. Хладилника, София","Тристаен, 112m²","Тухла, Полуобзаведен, ТЕЦ",1,"['https://homes.bg/2022-09-14_2/88532521', 'https://homes.bg/2022-09-14_2/88532522', 'https://homes.bg/2022-09-14_2/88532523', 'https://homes.bg/2022-09-14_2/88532524', 'https://homes.bg/2022-09-14_2/88532525', 'https://homes.bg/2022-09-14_2/88532526', 'https://homes.bg/2022-09-14_2/88532527', 'https://homes.bg/2022-09-14_2/88532528', 'https://homes.bg/2022-09-14_2/88532531']",350000.0,EUR,"3,125 EUR/m²",,,False, продажба,PropertyType.TRISTAEN,2025-08-18 18:03:14.276244,https://www.homes.bg/api/offers?currencyId=1&filterOrderBy=0&locationId=1&typeId=ApartmentSell&neighbourhoods%5B%5D=527,204,София,9.0,['Хладилника'],апартамент
860891,as,https://homes.bg/offer/apartament-za-prodazhba/tristaen-120m2-sofiya-kv.-hladilnika/as860891,,"кв. Хладилника, София","Тристаен, 120m²","Тухла, Обзаведен, ТЕЦ",1,"['https://homes.bg/2017-02-10_1/9824600', 'https://homes.bg/2017-02-10_1/9824601', 'https://homes.bg/2017-02-10_1/9824602', 'https://homes.bg/2017-02-10_1/9824603', 'https://homes.bg/2017-02-10_1/9824604', 'https://homes.bg/2017-02-10_1/9824605', 'https://homes.bg/2017-02-10_1/9824606', 'https://homes.bg/2017-02-10_1/9824607', 'https://homes.bg/2017-02-10_1/9824608', 'https://homes.bg/2017-02-10_1/9824609']",0.0,EUR,0 EUR/m²,,,False, продажба,PropertyType.TRISTAEN,2025-08-18 18:03:14.276263,https://www.homes.bg/api/offers?currencyId=1&filterOrderBy=0&locationId=1&typeId=ApartmentSell&neighbourhoods%5B%5D=527,204,София,10.0,['Хладилника'],апартамент
874803,as,https://homes.bg/offer/apartament-za-prodazhba/mnogostaen-255m2-sofiya-kv.-hladilnika/as874803,,"кв. Хладилника, София","Многостаен, 255m²","Тухла, Необзаведен, ТЕЦ",1,"['https://homes.bg/2017-03-22_1/10897855', 'https://homes.bg/2017-03-22_1/10897856', 'https://homes.bg/2017-03-22_1/10897857', 'https://homes.bg/2017-03-22_1/10897858', 'https://homes.bg/2017-03-22_1/10897859', 'https://homes.bg/2017-03-22_1/10897860', 'https://homes.bg/2017-03-22_1/10897861', 'https://homes.bg/2017-03-22_1/10897862', 'https://homes.bg/2017-03-22_1/10897863', 'https://homes.bg/2017-03-22_1/10897864']",0.0,EUR,0 EUR/m²,,,False, продажба,PropertyType.MNOGOSTAEN,2025-08-18 18:03:14.276281,https://www.homes.bg/api/offers?currencyId=1&filterOrderBy=0&locationId=1&typeId=ApartmentSell&neighbourhoods%5B%5D=527,204,София,10.0,['Хладилника'],апартамент
1445570,as,https://homes.bg/offer/apartament-za-prodazhba/tristaen-162m2-sofiya-kv.-hladilnika/as1445570,,"кв. Хладилника, София","Тристаен, 162m²","Тухла, Необзаведен, Локално отопление",1,"['https://homes.bg/2022-10-12_2/89662598', 'https://homes.bg/2022-10-12_2/89662600', 'https://homes.bg/2022-10-12_2/89662602', 'https://homes.bg/2022-10-12_2/89662604', 'https://homes.bg/2022-10-12_2/89662607', 'https://homes.bg/2022-10-12_2/89662609', 'https://homes.bg/2022-10-12_2/89662611', 'https://homes.bg/2022-10-12_2/89662613', 'https://homes.bg/2022-10-12_2/89662616', 'https://homes.bg/2022-10-12_2/89662618']",335000.0,EUR,"2,067 EUR/m²",,,False, продажба,PropertyType.TRISTAEN,2025-08-18 18:03:14.276299,https://www.homes.bg/api/offers?currencyId=1&filterOrderBy=0&locationId=1&typeId=ApartmentSell&neighbourhoods%5B%5D=527,204,София,10.0,['Хладилника'],апартамент
1633308,as,https://homes.bg/offer/apartament-za-prodazhba/tristaen-150m2-sofiya-kv.-hladilnika/as1633308,,"кв. Хладилника, София","Тристаен, 150m²","Тухла, Обзаведен, Локално отопление",1,"['https://homes.bg/2025-06-13_2/114535017', 'https://homes.bg/2025-06-13_2/114535014', 'https://homes.bg/2025-06-13_2/114535013', 'https://homes.bg/2025-06-13_2/114535011', 'https://homes.bg/2025-06-13_2/114535010', 'https://homes.bg/2025-06-13_2/114535016', 'https://homes.bg/2025-06-13_2/114535012', 'https://homes.bg/2025-06-13_2/114535009', 'https://homes.bg/2025-06-13_2/114535015', 'https://homes.bg/2025-06-13_2/114535018']",599000.0,EUR,"3,993 EUR/m²",,,False, продажба,PropertyType.TRISTAEN,2025-08-18 18:03:14.276317,https://www.homes.bg/api/offers?currencyId=1&filterOrderBy=0&locationId=1&typeId=ApartmentSell&neighbourhoods%5B%5D=527,204,София,10.0,['Хладилника'],апартамент
1623255,as,https://homes.bg/offer/apartament-za-prodazhba/tristaen-124m2-sofiya-kv.-hladilnika/as1623255,,"кв. Хладилника, София","Тристаен, 124m²","Тухла, Обзаведен, Прокарва се",1,"['https://homes.bg/2025-04-17_1/113796130', 'https://homes.bg/2025-04-17_1/113796131', 'https://homes.bg/2025-04-17_1/113796132', 'https://homes.bg/2025-04-17_1/113796133', 'https://homes.bg/2025-04-17_1/113796134', 'https://homes.bg/2025-04-17_1/113796135', 'https://homes.bg/2025-04-17_1/113796136', 'https://homes.bg/2025-04-17_1/113796137', 'https://homes.bg/2025-04-17_1/113796138', 'https://homes.bg/2025-04-17_1/113796139']",608000.0,EUR,"4,903 EUR/m²",,,False, продажба,PropertyType.TRISTAEN,2025-08-18 18:03:14.276336,https://www.homes.bg/api/offers?currencyId=1&filterOrderBy=0&locationId=1&typeId=ApartmentSell&neighbourhoods%5B%5D=527,204,София,10.0,['Хладилника'],апартамент
1583874,as,https://homes.bg/offer/apartament-za-prodazhba/tristaen-117m2-sofiya-kv.-hladilnika/as1583874,,"кв. Хладилника, София","Тристаен, 117m²","Тухла, Прокарва се",1,"['https://homes.bg/2024-08-21_1/110927842', 'https://homes.bg/2024-08-21_1/110927843', 'https://homes.bg/2024-08-21_1/110927844', 'https://homes.bg/2024-08-21_1/110927845', 'https://homes.bg/2024-08-21_1/110927846', 'https://homes.bg/2024-08-21_1/110927847', 'https://homes.bg/2024-08-21_1/110927848', 'https://homes.bg/2024-08-21_1/110927849', 'https://homes.bg/2024-08-21_1/110927850', 'https://homes.bg/2024-08-21_1/110927851']",356636.0,EUR,"3,048 EUR/m²",,,False, продажба,PropertyType.TRISTAEN,2025-08-18 18:03:14.276354,https://www.homes.bg/api/offers?currencyId=1&filterOrderBy=0&locationId=1&typeId=ApartmentSell&neighbourhoods%5B%5D=527,204,София,10.0,['Хладилника'],апартамент
1568523,as,https://homes.bg/offer/apartament-za-prodazhba/dvustaen-82m2-sofiya-kv.-hladilnika/as1568523,,"кв. Хладилника, София","Двустаен, 82m²","Тухла, Прокарва се",1,"['https://homes.bg/2024-05-30_1/109819589', 'https://homes.bg/2024-05-30_1/109819590', 'https://homes.bg/2024-05-30_1/109819591', 'https://homes.bg/2024-05-30_1/109819592', 'https://homes.bg/2024-05-30_1/109819593', 'https://homes.bg/2024-05-30_1/109819594', 'https://homes.bg/2024-05-30_1/109819595', 'https://homes.bg/2024-05-30_1/109819596', 'https://homes.bg/2024-05-30_1/109819597', 'https://homes.bg/2024-05-30_1/109819598']",251015.0,EUR,"3,061 EUR/m²",,,False, продажба,PropertyType.DVUSTAEN,2025-08-18 18:03:14.276374,https://www.homes.bg/api/offers?currencyId=1&filterOrderBy=0&locationId=1&typeId=ApartmentSell&neighbourhoods%5B%5D=527,204,София,10.0,['Хладилника'],апартамент
1607141,as,https://homes.bg/offer/apartament-za-prodazhba/dvustaen-92m2-sofiya-kv.-hladilnika/as1607141,,"кв. Хладилника, София","Двустаен, 92m²","Тухла, Прокарва се",1,[],284735.0,EUR,"3,094 EUR/m²",,,False, продажба,PropertyType.DVUSTAEN,2025-08-18 18:03:14.276389,https://www.homes.bg/api/offers?currencyId=1&filterOrderBy=0&locationId=1&typeId=ApartmentSell&neighbourhoods%5B%5D=527,204,София,0.0,['Хладилника'],апартамент
1568524,as,https://homes.bg/offer/apartament-za-prodazhba/dvustaen-92m2-sofiya-kv.-hladilnika/as1568524,,"кв. Хладилника, София","Двустаен, 92m²","Тухла, Прокарва се",1,"['https://homes.bg/2024-05-30_1/109819599', 'https://homes.bg/2024-05-30_1/109819600', 'https://homes.bg/2024-05-30_1/109819601', 'https://homes.bg/2024-05-30_1/109819602', 'https://homes.bg/2024-05-30_1/109819603', 'https://homes.bg/2024-05-30_1/109819604', 'https://homes.bg/2024-05-30_1/109819605', 'https://homes.bg/2024-05-30_1/109819606', 'https://homes.bg/2024-05-30_1/109819607', 'https://homes.bg/2024-05-30_1/109819608']",289327.0,EUR,"3,144 EUR/m²",,,False, продажба,PropertyType.DVUSTAEN,2025-08-18 18:03:14.276407,https://www.homes.bg/api/offers?currencyId=1&filterOrderBy=0&locationId=1&typeId=ApartmentSell&neighbourhoods%5B%5D=527,204,София,10.0,['Хладилника'],апартамент
1637930,as,https://homes.bg/offer/apartament-za-prodazhba/dvustaen-92m2-sofiya-kv.-hladilnika/as1637930,,"кв. Хладилника, София","Двустаен, 92m²","Тухла, Прокарва се",1,"['https://homes.bg/2025-07-10_1/114871254', 'https://homes.bg/2025-07-10_1/114871255', 'https://homes.bg/2025-07-10_1/114871256', 'https://homes.bg/2025-07-10_1/114871257', 'https://homes.bg/2025-07-10_1/114871258', 'https://homes.bg/2025-07-10_1/114871259', 'https://homes.bg/2025-07-10_1/114871260', 'https://homes.bg/2025-07-10_1/114871261']",280142.0,EUR,"3,045 EUR/m²",,,False, продажба,PropertyType.DVUSTAEN,2025-08-18 18:03:14.276436,https://www.homes.bg/api/offers?currencyId=1&filterOrderBy=0&locationId=1&typeId=ApartmentSell&neighbourhoods%5B%5D=527,204,София,8.0,['Хладилника'],апартамент
1607142,as,https://homes.bg/offer/apartament-za-prodazhba/dvustaen-92m2-sofiya-kv.-hladilnika/as1607142,,"кв. Хладилника, София","Двустаен, 92m²","Тухла, Прокарва се",1,[],289327.0,EUR,"3,144 EUR/m²",,,False, продажба,PropertyType.DVUSTAEN,2025-08-18 18:03:14.276451,https://www.homes.bg/api/offers?currencyId=1&filterOrderBy=0&locationId=1&typeId=ApartmentSell&neighbourhoods%5B%5D=527,204,София,0.0,['Хладилника'],апартамент
1637792,as,https://homes.bg/offer/apartament-za-prodazhba/tristaen-93m2-sofiya-kv.-hladilnika/as1637792,,"кв. Хладилника, София","Тристаен, 93m²","Тухла, Обзаведен, Локално отопление",1,"['https://homes.bg/2025-07-09_2/114855669', 'https://homes.bg/2025-07-09_2/114855670', 'https://homes.bg/2025-07-09_2/114855654', 'https://homes.bg/2025-07-09_2/114855673', 'https://homes.bg/2025-07-09_2/114855657', 'https://homes.bg/2025-07-09_2/114855658', 'https://homes.bg/2025-07-09_2/114855659', 'https://homes.bg/2025-07-09_2/114855661', 'https://homes.bg/2025-07-09_2/114855672', 'https://homes.bg/2025-07-09_2/114855677']",373000.0,EUR,"4,010 EUR/m²",,,False, продажба,PropertyType.TRISTAEN,2025-08-18 18:03:14.276469,https://www.homes.bg/api/offers?currencyId=1&filterOrderBy=0&locationId=1&typeId=ApartmentSell&neighbourhoods%5B%5D=527,204,София,10.0,['Хладилника'],апартамент
1391285,as,https://homes.bg/offer/apartament-za-prodazhba/tristaen-128m2-sofiya-kv.-hladilnika/as1391285,,"кв. Хладилника, София","Тристаен, 128m²","Тухла, Необзаведен",1,"['https://homes.bg/2025-07-04_2/114798871', 'https://homes.bg/2025-07-04_2/114798872', 'https://homes.bg/2025-07-04_2/114798873', 'https://homes.bg/2025-07-04_2/114798874', 'https://homes.bg/2025-07-04_2/114798875', 'https://homes.bg/2025-07-04_2/114798876', 'https://homes.bg/2025-07-04_2/114798877', 'https://homes.bg/2025-07-04_2/114798878', 'https://homes.bg/2025-07-04_2/114798879', 'https://homes.bg/2025-07-04_2/114798880']",413700.0,EUR,"3,232 EUR/m²",,,False, продажба,PropertyType.TRISTAEN,2025-08-18 18:03:14.276489,https://www.homes.bg/api/offers?currencyId=1&filterOrderBy=0&locationId=1&typeId=ApartmentSell&neighbourhoods%5B%5D=527,204,София,10.0,['Хладилника'],апартамент
1391286,as,https://homes.bg/offer/apartament-za-prodazhba/tristaen-130m2-sofiya-kv.-hladilnika/as1391286,,"кв. Хладилника, София","Тристаен, 130m²","Тухла, Необзаведен",1,"['https://homes.bg/2025-07-04_2/114798881', 'https://homes.bg/2025-07-04_2/114798882', 'https://homes.bg/2025-07-04_2/114798883', 'https://homes.bg/2025-07-04_2/114798884', 'https://homes.bg/2025-07-04_2/114798885', 'https://homes.bg/2025-07-04_2/114798886', 'https://homes.bg/2025-07-04_2/114798887', 'https://homes.bg/2025-07-04_2/114798888', 'https://homes.bg/2025-07-04_2/114798889', 'https://homes.bg/2025-07-04_2/114798890']",430000.0,EUR,"3,307 EUR/m²",,,False, продажба,PropertyType.TRISTAEN,2025-08-18 18:03:14.276508,https://www.homes.bg/api/offers?currencyId=1&filterOrderBy=0&locationId=1&typeId=ApartmentSell&neighbourhoods%5B%5D=527,204,София,10.0,['Хладилника'],апартамент
1610147,as,https://homes.bg/offer/apartament-za-prodazhba/mnogostaen-211m2-sofiya-kv.-hladilnika/as1610147,,"кв. Хладилника, София","Многостаен, 211m²","Тухла, Прокарва се",1,"['https://homes.bg/2025-02-05_1/112933357', 'https://homes.bg/2025-02-05_1/112933358', 'https://homes.bg/2025-02-05_1/112933359', 'https://homes.bg/2025-02-05_1/112933360', 'https://homes.bg/2025-02-05_1/112933361']",368565.0,EUR,"1,746 EUR/m²",,,False, продажба,PropertyType.MNOGOSTAEN,2025-08-18 18:03:14.276524,https://www.homes.bg/api/offers?currencyId=1&filterOrderBy=0&locationId=1&typeId=ApartmentSell&neighbourhoods%5B%5D=527,204,София,5.0,['Хладилника'],апартамент
1610149,as,https://homes.bg/offer/apartament-za-prodazhba/tristaen-161m2-sofiya-kv.-hladilnika/as1610149,,"кв. Хладилника, София","Тристаен, 161m²","Тухла, Прокарва се",1,"['https://homes.bg/2025-02-05_1/112933368', 'https://homes.bg/2025-02-05_1/112933369', 'https://homes.bg/2025-02-05_1/112933370', 'https://homes.bg/2025-02-05_1/112933371', 'https://homes.bg/2025-02-05_1/112933372', 'https://homes.bg/2025-02-05_1/112933373']",398161.0,EUR,"2,473 EUR/m²",,,False, продажба,PropertyType.TRISTAEN,2025-08-18 18:03:14.276540,https://www.homes.bg/api/offers?currencyId=1&filterOrderBy=0&locationId=1&typeId=ApartmentSell&neighbourhoods%5B%5D=527,204,София,6.0,['Хладилника'],апартамент
1607412,as,https://homes.bg/offer/apartament-za-prodazhba/mnogostaen-262m2-sofiya-kv.-hladilnika/as1607412,,"кв. Хладилника, София","Многостаен, 262m²","Тухла, Прокарва се",1,[],624948.0,EUR,"2,385 EUR/m²",,,False, продажба,PropertyType.MNOGOSTAEN,2025-08-18 18:03:14.276555,https://www.homes.bg/api/offers?currencyId=1&filterOrderBy=0&locationId=1&typeId=ApartmentSell&neighbourhoods%5B%5D=527,204,София,0.0,['Хладилника'],апартамент
1610142,as,https://homes.bg/offer/apartament-za-prodazhba/tristaen-151m2-sofiya-kv.-hladilnika/as1610142,,"кв. Хладилника, София","Тристаен, 151m²","Тухла, Прокарва се",1,"['https://homes.bg/2025-02-05_1/112933326', 'https://homes.bg/2025-02-05_1/112933327', 'https://homes.bg/2025-02-05_1/112933328', 'https://homes.bg/2025-02-05_1/112933329', 'https://homes.bg/2025-02-05_1/112933330', 'https://homes.bg/2025-02-05_1/112933331']",368565.0,EUR,"2,440 EUR/m²",,,False, продажба,PropertyType.TRISTAEN,2025-08-18 18:03:14.276572,https://www.homes.bg/api/offers?currencyId=1&filterOrderBy=0&locationId=1&typeId=ApartmentSell&neighbourhoods%5B%5D=527,204,София,6.0,['Хладилника'],апартамент
1610143,as,https://homes.bg/offer/apartament-za-prodazhba/tristaen-158m2-sofiya-kv.-hladilnika/as1610143,,"кв. Хладилника, София","Тристаен, 158m²","Тухла, Прокарва се",1,"['https://homes.bg/2025-02-05_1/112933332', 'https://homes.bg/2025-02-05_1/112933333', 'https://homes.bg/2025-02-05_1/112933334', 'https://homes.bg/2025-02-05_1/112933335', 'https://homes.bg/2025-02-05_1/112933336', 'https://homes.bg/2025-02-05_1/112933337']",389107.0,EUR,"2,462 EUR/m²",,,False, продажба,PropertyType.TRISTAEN,2025-08-18 18:03:14.276588,https://www.homes.bg/api/offers?currencyId=1&filterOrderBy=0&locationId=1&typeId=ApartmentSell&neighbourhoods%5B%5D=527,204,София,6.0,['Хладилника'],апартамент
1610144,as,https://homes.bg/offer/apartament-za-prodazhba/mnogostaen-210m2-sofiya-kv.-hladilnika/as1610144,,"кв. Хладилника, София","Многостаен, 210m²","Тухла, Прокарва се",1,"['https://homes.bg/2025-02-05_1/112933338', 'https://homes.bg/2025-02-05_1/112933339', 'https://homes.bg/2025-02-05_1/112933340', 'https://homes.bg/2025-02-05_1/112933341', 'https://homes.bg/2025-02-05_1/112933342', 'https://homes.bg/2025-02-05_1/112933343']",493839.0,EUR,"2,351 EUR/m²",,,False, продажба,PropertyType.MNOGOSTAEN,2025-08-18 18:03:14.276604,https://www.homes.bg/api/offers?currencyId=1&filterOrderBy=0&locationId=1&typeId=ApartmentSell&neighbourhoods%5B%5D=527,204,София,6.0,['Хладилника'],апартамент
1610152,as,https://homes.bg/offer/apartament-za-prodazhba/mnogostaen-276m2-sofiya-kv.-hladilnika/as1610152,,"кв. Хладилника, София","Многостаен, 276m²","Тухла, Прокарва се",1,"['https://homes.bg/2025-02-05_1/112933386', 'https://homes.bg/2025-02-05_1/112933387', 'https://homes.bg/2025-02-05_1/112933388', 'https://homes.bg/2025-02-05_1/112933389', 'https://homes.bg/2025-02-05_1/112933390', 'https://homes.bg/2025-02-05_1/112933391']",682842.0,EUR,"2,474 EUR/m²",,,False, продажба,PropertyType.MNOGOSTAEN,2025-08-18 18:03:14.276622,https://www.homes.bg/api/offers?currencyId=1&filterOrderBy=0&locationId=1&typeId=ApartmentSell&neighbourhoods%5B%5D=527,204,София,6.0,['Хладилника'],апартамент
1612674,as,https://homes.bg/offer/apartament-za-prodazhba/tristaen-142m2-sofiya-kv.-hladilnika/as1612674,,"кв. Хладилника, София","Тристаен, 142m²","Тухла, Прокарва се",1,"['https://homes.bg/2025-02-18_1/113078069', 'https://homes.bg/2025-02-18_1/113078070', 'https://homes.bg/2025-02-18_1/113078071', 'https://homes.bg/2025-02-18_1/113078072', 'https://homes.bg/2025-02-18_1/113078073', 'https://homes.bg/2025-02-18_1/113078074', 'https://homes.bg/2025-02-18_1/113078075', 'https://homes.bg/2025-02-18_1/113078076', 'https://homes.bg/2025-02-18_1/113078077', 'https://homes.bg/2025-02-18_1/113078078']",407442.0,EUR,"2,869 EUR/m²",,,False, продажба,PropertyType.TRISTAEN,2025-08-18 18:03:14.276641,https://www.homes.bg/api/offers?currencyId=1&filterOrderBy=0&locationId=1&typeId=ApartmentSell&neighbourhoods%5B%5D=527,204,София,10.0,['Хладилника'],апартамент
1610148,as,https://homes.bg/offer/apartament-za-prodazhba/tristaen-164m2-sofiya-kv.-hladilnika/as1610148,,"кв. Хладилника, София","Тристаен, 164m²","Тухла, Прокарва се",1,"['https://homes.bg/2025-02-05_1/112933362', 'https://homes.bg/2025-02-05_1/112933363', 'https://homes.bg/2025-02-05_1/112933364', 'https://homes.bg/2025-02-05_1/112933365', 'https://homes.bg/2025-02-05_1/112933366', 'https://homes.bg/2025-02-05_1/112933367']",387334.0,EUR,"2,361 EUR/m²",,,False, продажба,PropertyType.TRISTAEN,2025-08-18 18:03:14.276658,https://www.homes.bg/api/offers?currencyId=1&filterOrderBy=0&locationId=1&typeId=ApartmentSell&neighbourhoods%5B%5D=527,204,София,6.0,['Хладилника'],апартамент
1610151,as,https://homes.bg/offer/apartament-za-prodazhba/mnogostaen-231m2-sofiya-kv.-hladilnika/as1610151,,"кв. Хладилника, София","Многостаен, 231m²","Тухла, Прокарва се",1,"['https://homes.bg/2025-02-05_1/112933380', 'https://homes.bg/2025-02-05_1/112933381', 'https://homes.bg/2025-02-05_1/112933382', 'https://homes.bg/2025-02-05_1/112933383', 'https://homes.bg/2025-02-05_1/112933384', 'https://homes.bg/2025-02-05_1/112933385']",555966.0,EUR,"2,406 EUR/m²",,,False, продажба,PropertyType.MNOGOSTAEN,2025-08-18 18:03:14.276675,https://www.homes.bg/api/offers?currencyId=1&filterOrderBy=0&locationId=1&typeId=ApartmentSell&neighbourhoods%5B%5D=527,204,София,6.0,['Хладилника'],апартамент
1610146,as,https://homes.bg/offer/apartament-za-prodazhba/mnogostaen-210m2-sofiya-kv.-hladilnika/as1610146,,"кв. Хладилника, София","Многостаен, 210m²","Тухла, Прокарва се",1,"['https://homes.bg/2025-02-05_1/112933351', 'https://homes.bg/2025-02-05_1/112933352', 'https://homes.bg/2025-02-05_1/112933353', 'https://homes.bg/2025-02-05_1/112933354', 'https://homes.bg/2025-02-05_1/112933355', 'https://homes.bg/2025-02-05_1/112933356']",493839.0,EUR,"2,351 EUR/m²",,,False, продажба,PropertyType.MNOGOSTAEN,2025-08-18 18:03:14.276695,https://www.homes.bg/api/offers?currencyId=1&filterOrderBy=0&locationId=1&typeId=ApartmentSell&neighbourhoods%5B%5D=527,204,София,6.0,['Хладилника'],апартамент
1612670,as,https://homes.bg/offer/apartament-za-prodazhba/mnogostaen-258m2-sofiya-kv.-hladilnika/as1612670,,"кв. Хладилника, София","Многостаен, 258m²","Тухла, Прокарва се",1,"['https://homes.bg/2025-02-18_1/113078039', 'https://homes.bg/2025-02-18_1/113078040', 'https://homes.bg/2025-02-18_1/113078041', 'https://homes.bg/2025-02-18_1/113078042', 'https://homes.bg/2025-02-18_1/113078043', 'https://homes.bg/2025-02-18_1/113078044', 'https://homes.bg/2025-02-18_1/113078045', 'https://homes.bg/2025-02-18_1/113078046', 'https://homes.bg/2025-02-18_1/113078047', 'https://homes.bg/2025-02-18_1/113078048']",737243.0,EUR,"2,857 EUR/m²",,,False, продажба,PropertyType.MNOGOSTAEN,2025-08-18 18:03:14.276713,https://www.homes.bg/api/offers?currencyId=1&filterOrderBy=0&locationId=1&typeId=ApartmentSell&neighbourhoods%5B%5D=527,204,София,10.0,['Хладилника'],апартамент
1612672,as,https://homes.bg/offer/apartament-za-prodazhba/tristaen-161m2-sofiya-kv.-hladilnika/as1612672,,"кв. Хладилника, София","Тристаен, 161m²","Тухла, Прокарва се",1,"['https://homes.bg/2025-02-18_1/113078049', 'https://homes.bg/2025-02-18_1/113078050', 'https://homes.bg/2025-02-18_1/113078051', 'https://homes.bg/2025-02-18_1/113078052', 'https://homes.bg/2025-02-18_1/113078053', 'https://homes.bg/2025-02-18_1/113078054', 'https://homes.bg/2025-02-18_1/113078055', 'https://homes.bg/2025-02-18_1/113078056', 'https://homes.bg/2025-02-18_1/113078057', 'https://homes.bg/2025-02-18_1/113078058']",463898.0,EUR,"2,881 EUR/m²",,,False, продажба,PropertyType.TRISTAEN,2025-08-18 18:03:14.276732,https://www.homes.bg/api/offers?currencyId=1&filterOrderBy=0&locationId=1&typeId=ApartmentSell&neighbourhoods%5B%5D=527,204,София,10.0,['Хладилника'],апартамент
1610169,as,https://homes.bg/offer/apartament-za-prodazhba/tristaen-142m2-sofiya-kv.-hladilnika/as1610169,,"кв. Хладилника, София","Тристаен, 142m²","Тухла, Прокарва се",1,"['https://homes.bg/2025-02-05_1/112933504', 'https://homes.bg/2025-02-05_1/112933505', 'https://homes.bg/2025-02-05_1/112933506', 'https://homes.bg/2025-02-05_1/112933507', 'https://homes.bg/2025-02-05_1/112933508', 'https://homes.bg/2025-02-05_1/112933509']",376929.0,EUR,"2,654 EUR/m²",,,False, продажба,PropertyType.TRISTAEN,2025-08-18 18:03:14.276749,https://www.homes.bg/api/offers?currencyId=1&filterOrderBy=0&locationId=1&typeId=ApartmentSell&neighbourhoods%5B%5D=527,204,София,6.0,['Хладилника'],апартамент
1623599,as,https://homes.bg/offer/apartament-za-prodazhba/tristaen-169m2-sofiya-kv.-hladilnika/as1623599,,"кв. Хладилника, София","Тристаен, 169m²","Тухла, Прокарва се",1,['https://homes.bg/2025-04-18_1/113812245'],437100.0,EUR,"2,586 EUR/m²",,,False, продажба,PropertyType.TRISTAEN,2025-08-18 18:03:14.276764,https://www.homes.bg/api/offers?currencyId=1&filterOrderBy=0&locationId=1&typeId=ApartmentSell&neighbourhoods%5B%5D=527,204,София,1.0,['Хладилника'],апартамент
1608117,as,https://homes.bg/offer/apartament-za-prodazhba/mnogostaen-531m2-sofiya-kv.-hladilnika/as1608117,,"кв. Хладилника, София","Многостаен, 531m²","Тухла, Прокарва се",1,"['https://homes.bg/2025-01-27_1/112828847', 'https://homes.bg/2025-01-27_1/112828848']",1550000.0,EUR,"2,919 EUR/m²",,,False, продажба,PropertyType.MNOGOSTAEN,2025-08-18 18:03:14.276779,https://www.homes.bg/api/offers?currencyId=1&filterOrderBy=0&locationId=1&typeId=ApartmentSell&neighbourhoods%5B%5D=527,204,София,2.0,['Хладилника'],апартамент
1560282,as,https://homes.bg/offer/apartament-za-prodazhba/chetiristaen-171m2-sofiya-kv.-hladilnika/as1560282,,"кв. Хладилника, София","Четиристаен, 171m²",Тухла,1,"['https://homes.bg/2024-04-12_1/109227065', 'https://homes.bg/2024-04-12_1/109227066', 'https://homes.bg/2024-04-12_1/109227067', 'https://homes.bg/2024-04-12_1/109227068', 'https://homes.bg/2024-04-12_1/109227069', 'https://homes.bg/2024-04-12_1/109227070']",625073.0,EUR,"3,655 EUR/m²",,,False, продажба,PropertyType.CHETIRISTAEN,2025-08-18 18:03:14.276798,https://www.homes.bg/api/offers?currencyId=1&filterOrderBy=0&locationId=1&typeId=ApartmentSell&neighbourhoods%5B%5D=527,204,София,6.0,['Хладилника'],апартамент
1560291,as,https://homes.bg/offer/apartament-za-prodazhba/chetiristaen-230m2-sofiya-kv.-hladilnika/as1560291,,"кв. Хладилника, София","Четиристаен, 230m²",Тухла,1,"['https://homes.bg/2024-04-12_1/109227160', 'https://homes.bg/2024-04-12_1/109227161', 'https://homes.bg/2024-04-12_1/109227162', 'https://homes.bg/2024-04-12_1/109227163', 'https://homes.bg/2024-04-12_1/109227164', 'https://homes.bg/2024-04-12_1/109227165', 'https://homes.bg/2024-04-12_1/109227166']",644615.0,EUR,"2,802 EUR/m²",,,False, продажба,PropertyType.CHETIRISTAEN,2025-08-18 18:03:14.276816,https://www.homes.bg/api/offers?currencyId=1&filterOrderBy=0&locationId=1&typeId=ApartmentSell&neighbourhoods%5B%5D=527,204,София,7.0,['Хладилника'],апартамент
1560289,as,https://homes.bg/offer/apartament-za-prodazhba/tristaen-114m2-sofiya-kv.-hladilnika/as1560289,,"кв. Хладилника, София","Тристаен, 114m²",Тухла,1,"['https://homes.bg/2024-04-12_1/109227146', 'https://homes.bg/2024-04-12_1/109227147', 'https://homes.bg/2024-04-12_1/109227148', 'https://homes.bg/2024-04-12_1/109227149', 'https://homes.bg/2024-04-12_1/109227150', 'https://homes.bg/2024-04-12_1/109227151', 'https://homes.bg/2024-04-12_1/109227152']",362965.0,EUR,"3,183 EUR/m²",,,False, продажба,PropertyType.TRISTAEN,2025-08-18 18:03:14.276833,https://www.homes.bg/api/offers?currencyId=1&filterOrderBy=0&locationId=1&typeId=ApartmentSell&neighbourhoods%5B%5D=527,204,София,7.0,['Хладилника'],апартамент
1560286,as,https://homes.bg/offer/apartament-za-prodazhba/tristaen-114m2-sofiya-kv.-hladilnika/as1560286,,"кв. Хладилника, София","Тристаен, 114m²",Тухла,1,"['https://homes.bg/2024-04-12_1/109227105', 'https://homes.bg/2024-04-12_1/109227106', 'https://homes.bg/2024-04-12_1/109227107', 'https://homes.bg/2024-04-12_1/109227108', 'https://homes.bg/2024-04-12_1/109227109', 'https://homes.bg/2024-04-12_1/109227110', 'https://homes.bg/2024-04-12_1/109227111']",356117.0,EUR,"3,123 EUR/m²",,,False, продажба,PropertyType.TRISTAEN,2025-08-18 18:03:14.276851,https://www.homes.bg/api/offers?currencyId=1&filterOrderBy=0&locationId=1&typeId=ApartmentSell&neighbourhoods%5B%5D=527,204,София,7.0,['Хладилника'],апартамент
1560284,as,https://homes.bg/offer/apartament-za-prodazhba/tristaen-114m2-sofiya-kv.-hladilnika/as1560284,,"кв. Хладилника, София","Тристаен, 114m²",Тухла,1,"['https://homes.bg/2024-04-12_1/109227088', 'https://homes.bg/2024-04-12_1/109227089', 'https://homes.bg/2024-04-12_1/109227090', 'https://homes.bg/2024-04-12_1/109227091', 'https://homes.bg/2024-04-12_1/109227092', 'https://homes.bg/2024-04-12_1/109227093', 'https://homes.bg/2024-04-12_1/109227094', 'https://homes.bg/2024-04-12_1/109227095', 'https://homes.bg/2024-04-12_1/109227096']",335572.0,EUR,"2,943 EUR/m²",,,False, продажба,PropertyType.TRISTAEN,2025-08-18 18:03:14.276870,https://www.homes.bg/api/offers?currencyId=1&filterOrderBy=0&locationId=1&typeId=ApartmentSell&neighbourhoods%5B%5D=527,204,София,9.0,['Хладилника'],апартамент
1560283,as,https://homes.bg/offer/apartament-za-prodazhba/tristaen-114m2-sofiya-kv.-hladilnika/as1560283,,"кв. Хладилника, София","Тристаен, 114m²",Тухла,1,"['https://homes.bg/2024-04-12_1/109227071', 'https://homes.bg/2024-04-12_1/109227072', 'https://homes.bg/2024-04-12_1/109227073', 'https://homes.bg/2024-04-12_1/109227074', 'https://homes.bg/2024-04-12_1/109227075', 'https://homes.bg/2024-04-12_1/109227076', 'https://homes.bg/2024-04-12_1/109227077', 'https://homes.bg/2024-04-12_1/109227078', 'https://homes.bg/2024-04-12_1/109227079']",328723.0,EUR,"2,883 EUR/m²",,,False, продажба,PropertyType.TRISTAEN,2025-08-18 18:03:14.276889,https://www.homes.bg/api/offers?currencyId=1&filterOrderBy=0&locationId=1&typeId=ApartmentSell&neighbourhoods%5B%5D=527,204,София,9.0,['Хладилника'],апартамент
1535564,as,https://homes.bg/offer/apartament-za-prodazhba/dvustaen-98m2-sofiya-kv.-hladilnika/as1535564,,"кв. Хладилника, София","Двустаен, 98m²",Тухла,1,"['https://homes.bg/2024-07-18_1/110468911', 'https://homes.bg/2024-07-18_1/110468912', 'https://homes.bg/2024-07-18_1/110468913']",381200.0,EUR,"3,889 EUR/m²",,,False, продажба,PropertyType.DVUSTAEN,2025-08-18 18:03:14.276905,https://www.homes.bg/api/offers?currencyId=1&filterOrderBy=0&locationId=1&typeId=ApartmentSell&neighbourhoods%5B%5D=527,204,София,3.0,['Хладилника'],апартамент
1619764,as,https://homes.bg/offer/apartament-za-prodazhba/tristaen-112m2-sofiya-kv.-hladilnika/as1619764,,"кв. Хладилника, София","Тристаен, 112m²",Тухла,1,"['https://homes.bg/2025-03-28_1/113541148', 'https://homes.bg/2025-03-28_1/113541149', 'https://homes.bg/2025-03-28_1/113541150']",431685.0,EUR,"3,854 EUR/m²",,,False, продажба,PropertyType.TRISTAEN,2025-08-18 18:03:14.276920,https://www.homes.bg/api/offers?currencyId=1&filterOrderBy=0&locationId=1&typeId=ApartmentSell&neighbourhoods%5B%5D=527,204,София,3.0,['Хладилника'],апартамент
1535563,as,https://homes.bg/offer/apartament-za-prodazhba/tristaen-130m2-sofiya-kv.-hladilnika/as1535563,,"кв. Хладилника, София","Тристаен, 130m²",Тухла,1,"['https://homes.bg/2023-12-12_1/107643302', 'https://homes.bg/2023-12-12_1/107643303', 'https://homes.bg/2023-12-12_1/107643304', 'https://homes.bg/2023-12-12_1/107643305', 'https://homes.bg/2023-12-12_1/107643306']",410200.0,EUR,"3,155 EUR/m²",,,False, продажба,PropertyType.TRISTAEN,2025-08-18 18:03:14.276936,https://www.homes.bg/api/offers?currencyId=1&filterOrderBy=0&locationId=1&typeId=ApartmentSell&neighbourhoods%5B%5D=527,204,София,5.0,['Хладилника'],апартамент
1610167,as,https://homes.bg/offer/apartament-za-prodazhba/dvustaen-96m2-sofiya-kv.-hladilnika/as1610167,,"кв. Хладилника, София","Двустаен, 96m²","Тухла, Прокарва се",1,"['https://homes.bg/2025-02-05_1/112933489', 'https://homes.bg/2025-02-05_1/112933490', 'https://homes.bg/2025-02-05_1/112933491', 'https://homes.bg/2025-02-05_1/112933492', 'https://homes.bg/2025-02-05_1/112933493', 'https://homes.bg/2025-02-05_1/112933494']",287785.0,EUR,"2,997 EUR/m²",,,False, продажба,PropertyType.DVUSTAEN,2025-08-18 18:03:14.276952,https://www.homes.bg/api/offers?currencyId=1&filterOrderBy=0&locationId=1&typeId=ApartmentSell&neighbourhoods%5B%5D=527,204,София,6.0,['Хладилника'],апартамент
1610141,as,https://homes.bg/offer/apartament-za-prodazhba/dvustaen-95m2-sofiya-kv.-hladilnika/as1610141,,"кв. Хладилника, София","Двустаен, 95m²","Тухла, Прокарва се",1,"['https://homes.bg/2025-02-05_1/112933320', 'https://homes.bg/2025-02-05_1/112933321', 'https://homes.bg/2025-02-05_1/112933322', 'https://homes.bg/2025-02-05_1/112933323', 'https://homes.bg/2025-02-05_1/112933324', 'https://homes.bg/2025-02-05_1/112933325']",252679.0,EUR,"2,659 EUR/m²",,,False, продажба,PropertyType.DVUSTAEN,2025-08-18 18:03:14.276969,https://www.homes.bg/api/offers?currencyId=1&filterOrderBy=0&locationId=1&typeId=ApartmentSell&neighbourhoods%5B%5D=527,204,София,6.0,['Хладилника'],апартамент
1610150,as,https://homes.bg/offer/apartament-za-prodazhba/dvustaen-107m2-sofiya-kv.-hladilnika/as1610150,,"кв. Хладилника, София","Двустаен, 107m²","Тухла, Прокарва се",1,"['https://homes.bg/2025-02-05_1/112933374', 'https://homes.bg/2025-02-05_1/112933375', 'https://homes.bg/2025-02-05_1/112933376', 'https://homes.bg/2025-02-05_1/112933377', 'https://homes.bg/2025-02-05_1/112933378', 'https://homes.bg/2025-02-05_1/112933379']",276037.0,EUR,"2,579 EUR/m²",,,False, продажба,PropertyType.DVUSTAEN,2025-08-18 18:03:14.276986,https://www.homes.bg/api/offers?currencyId=1&filterOrderBy=0&locationId=1&typeId=ApartmentSell&neighbourhoods%5B%5D=527,204,София,6.0,['Хладилника'],апартамент
1610166,as,https://homes.bg/offer/apartament-za-prodazhba/dvustaen-101m2-sofiya-kv.-hladilnika/as1610166,,"кв. Хладилника, София","Двустаен, 101m²","Тухла, Прокарва се",1,"['https://homes.bg/2025-02-05_1/112933483', 'https://homes.bg/2025-02-05_1/112933484', 'https://homes.bg/2025-02-05_1/112933485', 'https://homes.bg/2025-02-05_1/112933486', 'https://homes.bg/2025-02-05_1/112933487', 'https://homes.bg/2025-02-05_1/112933488']",269122.0,EUR,"2,664 EUR/m²",,,False, продажба,PropertyType.DVUSTAEN,2025-08-18 18:03:14.277002,https://www.homes.bg/api/offers?currencyId=1&filterOrderBy=0&locationId=1&typeId=ApartmentSell&neighbourhoods%5B%5D=527,204,София,6.0,['Хладилника'],апартамент
1610190,as,https://homes.bg/offer/apartament-za-prodazhba/dvustaen-101m2-sofiya-kv.-hladilnika/as1610190,,"кв. Хладилника, София","Двустаен, 101m²","Тухла, Прокарва се",1,"['https://homes.bg/2025-02-05_1/112933633', 'https://homes.bg/2025-02-05_1/112933634', 'https://homes.bg/2025-02-05_1/112933635', 'https://homes.bg/2025-02-05_1/112933636', 'https://homes.bg/2025-02-05_1/112933637', 'https://homes.bg/2025-02-05_1/112933638']",271134.0,EUR,"2,684 EUR/m²",,,False, продажба,PropertyType.DVUSTAEN,2025-08-18 18:03:14.277022,https://www.homes.bg/api/offers?currencyId=1&filterOrderBy=0&locationId=1&typeId=ApartmentSell&neighbourhoods%5B%5D=527,204,София,6.0,['Хладилника'],апартамент
1610192,as,https://homes.bg/offer/apartament-za-prodazhba/dvustaen-87m2-sofiya-kv.-hladilnika/as1610192,,"кв. Хладилника, София","Двустаен, 87m²","Тухла, Прокарва се",1,"['https://homes.bg/2025-02-05_1/112933645', 'https://homes.bg/2025-02-05_1/112933646', 'https://homes.bg/2025-02-05_1/112933647', 'https://homes.bg/2025-02-05_1/112933648', 'https://homes.bg/2025-02-05_1/112933649', 'https://homes.bg/2025-02-05_1/112933650']",256393.0,EUR,"2,947 EUR/m²",,,False, продажба,PropertyType.DVUSTAEN,2025-08-18 18:03:14.277039,https://www.homes.bg/api/offers?currencyId=1&filterOrderBy=0&locationId=1&typeId=ApartmentSell&neighbourhoods%5B%5D=527,204,София,6.0,['Хладилника'],апартамент
1612673,as,https://homes.bg/offer/apartament-za-prodazhba/dvustaen-87m2-sofiya-kv.-hladilnika/as1612673,,"кв. Хладилника, София","Двустаен, 87m²","Тухла, Прокарва се",1,"['https://homes.bg/2025-02-18_1/113078059', 'https://homes.bg/2025-02-18_1/113078060', 'https://homes.bg/2025-02-18_1/113078061', 'https://homes.bg/2025-02-18_1/113078062', 'https://homes.bg/2025-02-18_1/113078063', 'https://homes.bg/2025-02-18_1/113078064', 'https://homes.bg/2025-02-18_1/113078065', 'https://homes.bg/2025-02-18_1/113078066', 'https://homes.bg/2025-02-18_1/113078067', 'https://homes.bg/2025-02-18_1/113078068']",279362.0,EUR,"3,211 EUR/m²",,,False, продажба,PropertyType.DVUSTAEN,2025-08-18 18:03:14.277058,https://www.homes.bg/api/offers?currencyId=1&filterOrderBy=0&locationId=1&typeId=ApartmentSell&neighbourhoods%5B%5D=527,204,София,10.0,['Хладилника'],апартамент
1610165,as,https://homes.bg/offer/apartament-za-prodazhba/dvustaen-86m2-sofiya-kv.-hladilnika/as1610165,,"кв. Хладилника, София","Двустаен, 86m²","Тухла, Прокарва се",1,"['https://homes.bg/2025-02-05_1/112933477', 'https://homes.bg/2025-02-05_1/112933478', 'https://homes.bg/2025-02-05_1/112933479', 'https://homes.bg/2025-02-05_1/112933480', 'https://homes.bg/2025-02-05_1/112933481', 'https://homes.bg/2025-02-05_1/112933482']",251187.0,EUR,"2,920 EUR/m²",,,False, продажба,PropertyType.DVUSTAEN,2025-08-18 18:03:14.277075,https://www.homes.bg/api/offers?currencyId=1&filterOrderBy=0&locationId=1&typeId=ApartmentSell&neighbourhoods%5B%5D=527,204,София,6.0,['Хладилника'],апартамент
1610168,as,https://homes.bg/offer/apartament-za-prodazhba/dvustaen-101m2-sofiya-kv.-hladilnika/as1610168,,"кв. Хладилника, София","Двустаен, 101m²","Тухла, Прокарва се",1,"['https://homes.bg/2025-02-05_1/112933495', 'https://homes.bg/2025-02-05_1/112933496', 'https://homes.bg/2025-02-05_1/112933497', 'https://homes.bg/2025-02-05_1/112933498', 'https://homes.bg/2025-02-05_1/112933499', 'https://homes.bg/2025-02-05_1/112933500', 'https://homes.bg/2025-02-05_1/112933501', 'https://homes.bg/2025-02-05_1/112933502', 'https://homes.bg/2025-02-05_1/112933503']",271134.0,EUR,"2,684 EUR/m²",,,False, продажба,PropertyType.DVUSTAEN,2025-08-18 18:03:14.277092,https://www.homes.bg/api/offers?currencyId=1&filterOrderBy=0&locationId=1&typeId=ApartmentSell&neighbourhoods%5B%5D=527,204,София,9.0,['Хладилника'],апартамент
1610191,as,https://homes.bg/offer/apartament-za-prodazhba/dvustaen-95m2-sofiya-kv.-hladilnika/as1610191,,"кв. Хладилника, София","Двустаен, 95m²","Тухла, Прокарва се",1,"['https://homes.bg/2025-02-05_1/112933639', 'https://homes.bg/2025-02-05_1/112933640', 'https://homes.bg/2025-02-05_1/112933641', 'https://homes.bg/2025-02-05_1/112933642', 'https://homes.bg/2025-02-05_1/112933643', 'https://homes.bg/2025-02-05_1/112933644']",252679.0,EUR,"2,659 EUR/m²",,,False, продажба,PropertyType.DVUSTAEN,2025-08-18 18:03:14.277109,https://www.homes.bg/api/offers?currencyId=1&filterOrderBy=0&locationId=1&typeId=ApartmentSell&neighbourhoods%5B%5D=527,204,София,6.0,['Хладилника'],апартамент
1615897,as,https://homes.bg/offer/apartament-za-prodazhba/tristaen-108m2-sofiya-kv.-hladilnika/as1615897,,"кв. Хладилника, София","Тристаен, 108m²","Тухла, Необзаведен, Локално отопление",1,['https://homes.bg/2025-03-10_2/113301177'],318000.0,EUR,"2,944 EUR/m²",,,False, продажба,PropertyType.TRISTAEN,2025-08-18 18:03:14.277123,https://www.homes.bg/api/offers?currencyId=1&filterOrderBy=0&locationId=1&typeId=ApartmentSell&neighbourhoods%5B%5D=527,204,София,1.0,['Хладилника'],апартамент
1606041,as,https://homes.bg/offer/apartament-za-prodazhba/dvustaen-75m2-sofiya-kv.-hladilnika/as1606041,,"кв. Хладилника, София","Двустаен, 75m²","Тухла, Необзаведен, Локално отопление",1,[],198000.0,EUR,"2,640 EUR/m²",,,False, продажба,PropertyType.DVUSTAEN,2025-08-18 18:03:14.277138,https://www.homes.bg/api/offers?currencyId=1&filterOrderBy=0&locationId=1&typeId=ApartmentSell&neighbourhoods%5B%5D=527,204,София,0.0,['Хладилника'],апартамент
1565564,as,https://homes.bg/offer/apartament-za-prodazhba/tristaen-128m2-sofiya-kv.-hladilnika/as1565564,,"кв. Хладилника, София","Тристаен, 128m²","Тухла, Необзаведен, Електричество",1,"['https://homes.bg/2025-02-28_2/113216374', 'https://homes.bg/2025-02-28_2/113216375', 'https://homes.bg/2025-02-28_2/113216376', 'https://homes.bg/2025-02-28_2/113216377', 'https://homes.bg/2025-02-28_2/113216378', 'https://homes.bg/2025-02-28_2/113216379', 'https://homes.bg/2025-02-28_2/113216380', 'https://homes.bg/2025-02-28_2/113216381', 'https://homes.bg/2025-02-28_2/113216382', 'https://homes.bg/2025-02-28_2/113216383']",394700.0,EUR,"3,083 EUR/m²",,,False, продажба,PropertyType.TRISTAEN,2025-08-18 18:03:14.277155,https://www.homes.bg/api/offers?currencyId=1&filterOrderBy=0&locationId=1&typeId=ApartmentSell&neighbourhoods%5B%5D=527,204,София,10.0,['Хладилника'],апартамент
1565565,as,https://homes.bg/offer/apartament-za-prodazhba/tristaen-130m2-sofiya-kv.-hladilnika/as1565565,,"кв. Хладилника, София","Тристаен, 130m²","Тухла, Необзаведен, Електричество",1,"['https://homes.bg/2025-02-28_2/113216384', 'https://homes.bg/2025-02-28_2/113216385', 'https://homes.bg/2025-02-28_2/113216386', 'https://homes.bg/2025-02-28_2/113216387', 'https://homes.bg/2025-02-28_2/113216388', 'https://homes.bg/2025-02-28_2/113216389', 'https://homes.bg/2025-02-28_2/113216390', 'https://homes.bg/2025-02-28_2/113216391', 'https://homes.bg/2025-02-28_2/113216392', 'https://homes.bg/2025-02-28_2/113216393']",410200.0,EUR,"3,155 EUR/m²",,,False, продажба,PropertyType.TRISTAEN,2025-08-18 18:03:14.277173,https://www.homes.bg/api/offers?currencyId=1&filterOrderBy=0&locationId=1&typeId=ApartmentSell&neighbourhoods%5B%5D=527,204,София,10.0,['Хладилника'],апартамент
1538460,as,https://homes.bg/offer/apartament-za-prodazhba/tristaen-127m2-sofiya-kv.-hladilnika/as1538460,,"кв. Хладилника, София","Тристаен, 127m²","Тухла, Прокарва се",1,"['https://homes.bg/2024-01-05_1/107767173', 'https://homes.bg/2024-01-05_1/107767174', 'https://homes.bg/2024-01-05_1/107767175', 'https://homes.bg/2024-01-05_1/107767176', 'https://homes.bg/2024-01-05_1/107767177']",391800.0,EUR,"3,085 EUR/m²",,,False, продажба,PropertyType.TRISTAEN,2025-08-18 18:03:14.277188,https://www.homes.bg/api/offers?currencyId=1&filterOrderBy=0&locationId=1&typeId=ApartmentSell&neighbourhoods%5B%5D=527,204,София,5.0,['Хладилника'],апартамент
1584050,as,https://homes.bg/offer/apartament-za-prodazhba/mnogostaen-251m2-sofiya-kv.-hladilnika/as1584050,,"кв. Хладилника, София","Многостаен, 251m²","Тухла, Прокарва се",1,[],663000.0,EUR,"2,641 EUR/m²",,,False, продажба,PropertyType.MNOGOSTAEN,2025-08-18 18:03:14.277202,https://www.homes.bg/api/offers?currencyId=1&filterOrderBy=0&locationId=1&typeId=ApartmentSell&neighbourhoods%5B%5D=527,204,София,0.0,['Хладилника'],апартамент
1513531,as,https://homes.bg/offer/apartament-za-prodazhba/chetiristaen-181m2-sofiya-kv.-hladilnika/as1513531,,"кв. Хладилника, София","Четиристаен, 181m²",Тухла,1,"['https://homes.bg/2024-07-18_1/110468899', 'https://homes.bg/2024-07-18_1/110468900', 'https://homes.bg/2024-07-18_1/110468901', 'https://homes.bg/2024-07-18_1/110468902', 'https://homes.bg/2024-07-18_1/110468903']",998640.0,EUR,"5,517 EUR/m²",,,False, продажба,PropertyType.CHETIRISTAEN,2025-08-18 18:03:14.277218,https://www.homes.bg/api/offers?currencyId=1&filterOrderBy=0&locationId=1&typeId=ApartmentSell&neighbourhoods%5B%5D=527,204,София,5.0,['Хладилника'],апартамент
1535565,as,https://homes.bg/offer/apartament-za-prodazhba/chetiristaen-156m2-sofiya-kv.-hladilnika/as1535565,,"кв. Хладилника, София","Четиристаен, 156m²",Тухла,1,"['https://homes.bg/2023-12-08_1/107607665', 'https://homes.bg/2023-12-08_1/107607668', 'https://homes.bg/2023-12-08_1/107607670']",391900.0,EUR,"2,512 EUR/m²",,,False, продажба,PropertyType.CHETIRISTAEN,2025-08-18 18:03:14.277234,https://www.homes.bg/api/offers?currencyId=1&filterOrderBy=0&locationId=1&typeId=ApartmentSell&neighbourhoods%5B%5D=527,204,София,3.0,['Хладилника'],апартамент
1599813,as,https://homes.bg/offer/apartament-za-prodazhba/tristaen-130m2-sofiya-kv.-hladilnika/as1599813,,"кв. Хладилника, София","Тристаен, 130m²","Тухла, Прокарва се",1,"['https://homes.bg/2024-11-20_1/112124559', 'https://homes.bg/2024-11-20_1/112124560', 'https://homes.bg/2024-11-20_1/112124561']",389900.0,EUR,"2,999 EUR/m²",,,False, продажба,PropertyType.TRISTAEN,2025-08-18 18:03:14.277249,https://www.homes.bg/api/offers?currencyId=1&filterOrderBy=0&locationId=1&typeId=ApartmentSell&neighbourhoods%5B%5D=527,204,София,3.0,['Хладилника'],апартамент
1528765,as,https://homes.bg/offer/apartament-za-prodazhba/tristaen-130m2-sofiya-kv.-hladilnika/as1528765,,"кв. Хладилника, София","Тристаен, 130m²","Тухла, Прокарва се",1,"['https://homes.bg/2023-11-07_1/106987625', 'https://homes.bg/2023-11-07_1/106987627', 'https://homes.bg/2023-11-07_1/106987629', 'https://homes.bg/2023-11-07_1/106987631', 'https://homes.bg/2023-11-07_1/106987633', 'https://homes.bg/2023-11-07_1/106987635', 'https://homes.bg/2023-11-07_1/106987637', 'https://homes.bg/2023-11-07_1/106987639', 'https://homes.bg/2023-11-07_1/106987641', 'https://homes.bg/2023-11-07_1/106987643']",397200.0,EUR,"3,055 EUR/m²",,,False, продажба,PropertyType.TRISTAEN,2025-08-18 18:03:14.277266,https://www.homes.bg/api/offers?currencyId=1&filterOrderBy=0&locationId=1&typeId=ApartmentSell&neighbourhoods%5B%5D=527,204,София,10.0,['Хладилника'],апартамент
1597795,as,https://homes.bg/offer/apartament-za-prodazhba/mezonet-156m2-sofiya-kv.-hladilnika/as1597795,,"кв. Хладилника, София","Мезонет, 156m²","Тухла, Полуобзаведен, Локално отопление",1,[],400000.0,EUR,"2,564 EUR/m²",,,False, продажба,PropertyType.MEZONET,2025-08-18 18:03:14.277280,https://www.homes.bg/api/offers?currencyId=1&filterOrderBy=0&locationId=1&typeId=ApartmentSell&neighbourhoods%5B%5D=527,204,София,0.0,['Хладилника'],апартамент
1594129,as,https://homes.bg/offer/apartament-za-prodazhba/tristaen-127m2-sofiya-kv.-hladilnika/as1594129,,"кв. Хладилника, София","Тристаен, 127m²","Тухла, Обзаведен, ТЕЦ",1,"['https://homes.bg/2024-10-19_2/111703302', 'https://homes.bg/2024-10-19_2/111703303', 'https://homes.bg/2024-10-19_2/111703304', 'https://homes.bg/2024-10-19_2/111703305', 'https://homes.bg/2024-10-19_2/111703306', 'https://homes.bg/2024-10-19_2/111703307', 'https://homes.bg/2024-10-19_2/111703308', 'https://homes.bg/2024-10-19_2/111703309', 'https://homes.bg/2024-10-19_2/111703310', 'https://homes.bg/2024-10-19_2/111703311']",381900.0,EUR,"3,007 EUR/m²",,,False, продажба,PropertyType.TRISTAEN,2025-08-18 18:03:14.277298,https://www.homes.bg/api/offers?currencyId=1&filterOrderBy=0&locationId=1&typeId=ApartmentSell&neighbourhoods%5B%5D=527,204,София,10.0,['Хладилника'],апартамент
1561674,as,https://homes.bg/offer/apartament-za-prodazhba/mnogostaen-180m2-sofiya-kv.-hladilnika/as1561674,,"кв. Хладилника, София","Многостаен, 180m²","Тухла, Прокарва се",1,"['https://homes.bg/2024-04-19_1/109326402', 'https://homes.bg/2024-04-19_1/109326403', 'https://homes.bg/2024-04-19_1/109326404']",924600.0,EUR,"5,136 EUR/m²",,,False, продажба,PropertyType.MNOGOSTAEN,2025-08-18 18:03:14.277313,https://www.homes.bg/api/offers?currencyId=1&filterOrderBy=0&locationId=1&typeId=ApartmentSell&neighbourhoods%5B%5D=527,204,София,3.0,['Хладилника'],апартамент
1544216,as,https://homes.bg/offer/apartament-za-prodazhba/chetiristaen-185m2-sofiya-kv.-hladilnika/as1544216,,"кв. Хладилника, София","Четиристаен, 185m²","Тухла, Необзаведен, Локално отопление",1,"['https://homes.bg/2024-01-29_2/108109120', 'https://homes.bg/2024-01-29_2/108109121', 'https://homes.bg/2024-01-29_2/108109122', 'https://homes.bg/2024-01-29_2/108109123', 'https://homes.bg/2024-01-29_2/108109125']",600000.0,EUR,"3,243 EUR/m²",,,False, продажба,PropertyType.CHETIRISTAEN,2025-08-18 18:03:14.277329,https://www.homes.bg/api/offers?currencyId=1&filterOrderBy=0&locationId=1&typeId=ApartmentSell&neighbourhoods%5B%5D=527,204,София,5.0,['Хладилника'],апартамент
1557039,as,https://homes.bg/offer/apartament-za-prodazhba/tristaen-133m2-sofiya-kv.-hladilnika/as1557039,,"кв. Хладилника, София","Тристаен, 133m²","Тухла, Необзаведен, ТЕЦ",1,"['https://homes.bg/2024-03-27_2/108989416', 'https://homes.bg/2024-03-27_2/108989417', 'https://homes.bg/2024-03-27_2/108989418', 'https://homes.bg/2024-03-27_2/108989419', 'https://homes.bg/2024-03-27_2/108989420', 'https://homes.bg/2024-03-27_2/108989421', 'https://homes.bg/2024-03-27_2/108989422', 'https://homes.bg/2024-03-27_2/108989423', 'https://homes.bg/2024-03-27_2/108989424', 'https://homes.bg/2024-03-27_2/108989425']",373040.0,EUR,"2,804 EUR/m²",,,False, продажба,PropertyType.TRISTAEN,2025-08-18 18:03:17.441900,https://www.homes.bg/api/offers?currencyId=1&filterOrderBy=0&locationId=1&typeId=ApartmentSell&neighbourhoods%5B%5D=527,204,София,10.0,['Хладилника'],апартамент
1610271,as,https://homes.bg/offer/apartament-za-prodazhba/tristaen-118m2-sofiya-kv.-hladilnika/as1610271,,"кв. Хладилника, София","Тристаен, 118m²","Тухла, Необзаведен, ТЕЦ",1,[],414000.0,EUR,"3,508 EUR/m²",,,False, продажба,PropertyType.TRISTAEN,2025-08-18 18:03:17.442001,https://www.homes.bg/api/offers?currencyId=1&filterOrderBy=0&locationId=1&typeId=ApartmentSell&neighbourhoods%5B%5D=527,204,София,0.0,['Хладилника'],апартамент
1610272,as,https://homes.bg/offer/apartament-za-prodazhba/tristaen-96m2-sofiya-kv.-hladilnika/as1610272,,"кв. Хладилника, София","Тристаен, 96m²","Тухла, Обзаведен",1,"['https://homes.bg/2025-02-05_1/112934627', 'https://homes.bg/2025-02-05_1/112934628', 'https://homes.bg/2025-02-05_1/112934629', 'https://homes.bg/2025-02-05_1/112934630', 'https://homes.bg/2025-02-05_1/112934631', 'https://homes.bg/2025-02-05_1/112934632', 'https://homes.bg/2025-02-05_1/112934633', 'https://homes.bg/2025-02-05_1/112934634']",330000.0,EUR,"3,437 EUR/m²",,,False, продажба,PropertyType.TRISTAEN,2025-08-18 18:03:17.442039,https://www.homes.bg/api/offers?currencyId=1&filterOrderBy=0&locationId=1&typeId=ApartmentSell&neighbourhoods%5B%5D=527,204,София,8.0,['Хладилника'],апартамент
1478383,as,https://homes.bg/offer/apartament-za-prodazhba/tristaen-162m2-sofiya-kv.-hladilnika/as1478383,,"кв. Хладилника, София","Тристаен, 162m²","Тухла, Необзаведен",1,"['https://homes.bg/2023-03-09_1/95977888', 'https://homes.bg/2023-03-09_1/95977889', 'https://homes.bg/2023-03-09_1/95977890', 'https://homes.bg/2023-03-09_1/95977891', 'https://homes.bg/2023-03-09_1/95977892', 'https://homes.bg/2023-03-09_1/95977893', 'https://homes.bg/2023-03-09_1/95977894']",450000.0,EUR,"2,777 EUR/m²",,,False, продажба,PropertyType.TRISTAEN,2025-08-18 18:03:17.442068,https://www.homes.bg/api/offers?currencyId=1&filterOrderBy=0&locationId=1&typeId=ApartmentSell&neighbourhoods%5B%5D=527,204,София,7.0,['Хладилника'],апартамент
