id,type,url,time,location,title,description,status,photos,price_value,price_currency,price_per_square_meter,price_period,main_photo,is_favorite,offer_type,property_type,date_added,search_url,total_offers,location_id,num_photos,neighborhoods,main_property_type
1645471,as,https://homes.bg/offer/apartament-za-prodazhba/dvustaen-68m2-sofiya-oborishte/as1645471,вчера," Оборище, София","Двустаен, 68m²",ТЕЦ,1,"['https://homes.bg/2025-08-25_2/115429336', 'https://homes.bg/2025-08-25_2/115429338', 'https://homes.bg/2025-08-25_2/115429340', 'https://homes.bg/2025-08-25_2/115429342', 'https://homes.bg/2025-08-25_2/115429344', 'https://homes.bg/2025-08-25_2/115429346', 'https://homes.bg/2025-08-25_2/115429348', 'https://homes.bg/2025-08-25_2/115429350', 'https://homes.bg/2025-08-25_2/115429352', 'https://homes.bg/2025-08-25_2/115429354']",320000.0,EUR,"4,705 EUR/m²",,,False, продажба,PropertyType.DVUSTAEN,2025-09-29 06:02:54.437761,https://www.homes.bg/api/offers?currencyId=1&filterOrderBy=0&locationId=1&typeId=ApartmentSell&neighbourhoods%5B%5D=487,213,София,10.0,['Оборище'],апартамент
1616667,as,https://homes.bg/offer/apartament-za-prodazhba/tristaen-138m2-sofiya-oborishte/as1616667,вчера," Оборище, София","Тристаен, 138m²",Тухла,1,"['https://homes.bg/2025-07-31_2/115131135', 'https://homes.bg/2025-07-31_2/115131136', 'https://homes.bg/2025-07-31_2/115131137', 'https://homes.bg/2025-07-31_2/115131138']",430200.0,EUR,"3,117 EUR/m²",,,False, продажба,PropertyType.TRISTAEN,2025-09-29 06:02:54.437851,https://www.homes.bg/api/offers?currencyId=1&filterOrderBy=0&locationId=1&typeId=ApartmentSell&neighbourhoods%5B%5D=487,213,София,4.0,['Оборище'],апартамент
1614433,as,https://homes.bg/offer/apartament-za-prodazhba/chetiristaen-196m2-sofiya-oborishte/as1614433,вчера," Оборище, София","Четиристаен, 196m²",Тухла,1,"['https://homes.bg/2025-07-31_2/115131160', 'https://homes.bg/2025-07-31_2/115131161', 'https://homes.bg/2025-07-31_2/115131162']",620235.0,EUR,"3,164 EUR/m²",,,False, продажба,PropertyType.CHETIRISTAEN,2025-09-29 06:02:54.437886,https://www.homes.bg/api/offers?currencyId=1&filterOrderBy=0&locationId=1&typeId=ApartmentSell&neighbourhoods%5B%5D=487,213,София,3.0,['Оборище'],апартамент
1614434,as,https://homes.bg/offer/apartament-za-prodazhba/chetiristaen-195m2-sofiya-oborishte/as1614434,вчера," Оборище, София","Четиристаен, 195m²",Тухла,1,"['https://homes.bg/2025-07-31_2/115131163', 'https://homes.bg/2025-07-31_2/115131164', 'https://homes.bg/2025-07-31_2/115131165']",595840.0,EUR,"3,055 EUR/m²",,,False, продажба,PropertyType.CHETIRISTAEN,2025-09-29 06:02:54.437913,https://www.homes.bg/api/offers?currencyId=1&filterOrderBy=0&locationId=1&typeId=ApartmentSell&neighbourhoods%5B%5D=487,213,София,3.0,['Оборище'],апартамент
1614435,as,https://homes.bg/offer/apartament-za-prodazhba/chetiristaen-194m2-sofiya-oborishte/as1614435,вчера," Оборище, София","Четиристаен, 194m²",Тухла,1,"['https://homes.bg/2025-07-31_2/115131166', 'https://homes.bg/2025-07-31_2/115131167', 'https://homes.bg/2025-07-31_2/115131168', 'https://homes.bg/2025-07-31_2/115131169']",576790.0,EUR,"2,973 EUR/m²",,,False, продажба,PropertyType.CHETIRISTAEN,2025-09-29 06:02:54.437932,https://www.homes.bg/api/offers?currencyId=1&filterOrderBy=0&locationId=1&typeId=ApartmentSell&neighbourhoods%5B%5D=487,213,София,4.0,['Оборище'],апартамент
1614436,as,https://homes.bg/offer/apartament-za-prodazhba/chetiristaen-191m2-sofiya-oborishte/as1614436,вчера," Оборище, София","Четиристаен, 191m²",Тухла,1,"['https://homes.bg/2025-07-31_2/115131170', 'https://homes.bg/2025-07-31_2/115131171', 'https://homes.bg/2025-07-31_2/115131172', 'https://homes.bg/2025-07-31_2/115131173']",544290.0,EUR,"2,849 EUR/m²",,,False, продажба,PropertyType.CHETIRISTAEN,2025-09-29 06:02:54.437954,https://www.homes.bg/api/offers?currencyId=1&filterOrderBy=0&locationId=1&typeId=ApartmentSell&neighbourhoods%5B%5D=487,213,София,4.0,['Оборище'],апартамент
1614439,as,https://homes.bg/offer/apartament-za-prodazhba/tristaen-148m2-sofiya-oborishte/as1614439,вчера," Оборище, София","Тристаен, 148m²",Тухла,1,"['https://homes.bg/2025-07-31_2/115131183', 'https://homes.bg/2025-07-31_2/115131184', 'https://homes.bg/2025-07-31_2/115131185', 'https://homes.bg/2025-07-31_2/115131186', 'https://homes.bg/2025-07-31_2/115131187', 'https://homes.bg/2025-07-31_2/115131188']",485900.0,EUR,"3,283 EUR/m²",,,False, продажба,PropertyType.TRISTAEN,2025-09-29 06:02:54.437976,https://www.homes.bg/api/offers?currencyId=1&filterOrderBy=0&locationId=1&typeId=ApartmentSell&neighbourhoods%5B%5D=487,213,София,6.0,['Оборище'],апартамент
1549893,as,https://homes.bg/offer/apartament-za-prodazhba/dvustaen-62m2-sofiya-oborishte/as1549893,вчера," Оборище, София","Двустаен, 62m²",,1,"['https://homes.bg/2025-05-20_2/114209935', 'https://homes.bg/2025-05-20_2/114209937', 'https://homes.bg/2025-05-20_2/114209939', 'https://homes.bg/2025-05-20_2/114209941']",173250.0,EUR,"2,794 EUR/m²",,,False, продажба,PropertyType.DVUSTAEN,2025-09-29 06:02:54.438006,https://www.homes.bg/api/offers?currencyId=1&filterOrderBy=0&locationId=1&typeId=ApartmentSell&neighbourhoods%5B%5D=487,213,София,4.0,['Оборище'],апартамент
1641907,as,https://homes.bg/offer/apartament-za-prodazhba/chetiristaen-180m2-sofiya-oborishte/as1641907,вчера," Оборище, София","Четиристаен, 180m²",Тухла,1,"['https://homes.bg/2025-08-04_2/115181431', 'https://homes.bg/2025-08-04_2/115181432', 'https://homes.bg/2025-08-04_2/115181433', 'https://homes.bg/2025-08-04_2/115181434', 'https://homes.bg/2025-08-04_2/115181435', 'https://homes.bg/2025-08-04_2/115181436', 'https://homes.bg/2025-08-04_2/115181437', 'https://homes.bg/2025-08-04_2/115181438']",531700.0,EUR,"2,953 EUR/m²",,,False, продажба,PropertyType.CHETIRISTAEN,2025-09-29 06:02:54.438023,https://www.homes.bg/api/offers?currencyId=1&filterOrderBy=0&locationId=1&typeId=ApartmentSell&neighbourhoods%5B%5D=487,213,София,8.0,['Оборище'],апартамент
1616663,as,https://homes.bg/offer/apartament-za-prodazhba/tristaen-147m2-sofiya-oborishte/as1616663,вчера," Оборище, София","Тристаен, 147m²",Тухла,1,"['https://homes.bg/2025-07-31_2/115131123', 'https://homes.bg/2025-07-31_2/115131124', 'https://homes.bg/2025-07-31_2/115131125', 'https://homes.bg/2025-07-31_2/115131126']",487500.0,EUR,"3,316 EUR/m²",,,False, продажба,PropertyType.TRISTAEN,2025-09-29 06:02:54.438036,https://www.homes.bg/api/offers?currencyId=1&filterOrderBy=0&locationId=1&typeId=ApartmentSell&neighbourhoods%5B%5D=487,213,София,4.0,['Оборище'],апартамент
1616664,as,https://homes.bg/offer/apartament-za-prodazhba/tristaen-135m2-sofiya-oborishte/as1616664,вчера," Оборище, София","Тристаен, 135m²",Тухла,1,"['https://homes.bg/2025-07-31_2/115131127', 'https://homes.bg/2025-07-31_2/115131128', 'https://homes.bg/2025-07-31_2/115131129', 'https://homes.bg/2025-07-31_2/115131130']",447750.0,EUR,"3,316 EUR/m²",,,False, продажба,PropertyType.TRISTAEN,2025-09-29 06:02:54.438048,https://www.homes.bg/api/offers?currencyId=1&filterOrderBy=0&locationId=1&typeId=ApartmentSell&neighbourhoods%5B%5D=487,213,София,4.0,['Оборище'],апартамент
1616672,as,https://homes.bg/offer/apartament-za-prodazhba/chetiristaen-155m2-sofiya-oborishte/as1616672,вчера," Оборище, София","Четиристаен, 155m²",Тухла,1,"['https://homes.bg/2025-07-31_2/115131150', 'https://homes.bg/2025-07-31_2/115131151']",595000.0,EUR,"3,838 EUR/m²",,,False, продажба,PropertyType.CHETIRISTAEN,2025-09-29 06:02:54.438060,https://www.homes.bg/api/offers?currencyId=1&filterOrderBy=0&locationId=1&typeId=ApartmentSell&neighbourhoods%5B%5D=487,213,София,2.0,['Оборище'],апартамент
1614437,as,https://homes.bg/offer/apartament-za-prodazhba/chetiristaen-184m2-sofiya-oborishte/as1614437,вчера," Оборище, София","Четиристаен, 184m²",Тухла,1,"['https://homes.bg/2025-07-31_2/115131174', 'https://homes.bg/2025-07-31_2/115131175', 'https://homes.bg/2025-07-31_2/115131176', 'https://homes.bg/2025-07-31_2/115131177', 'https://homes.bg/2025-07-31_2/115131178']",680060.0,EUR,"3,695 EUR/m²",,,False, продажба,PropertyType.CHETIRISTAEN,2025-09-29 06:02:54.438072,https://www.homes.bg/api/offers?currencyId=1&filterOrderBy=0&locationId=1&typeId=ApartmentSell&neighbourhoods%5B%5D=487,213,София,5.0,['Оборище'],апартамент
1614440,as,https://homes.bg/offer/apartament-za-prodazhba/tristaen-144m2-sofiya-oborishte/as1614440,вчера," Оборище, София","Тристаен, 144m²",Тухла,1,"['https://homes.bg/2025-07-31_2/115131189', 'https://homes.bg/2025-07-31_2/115131190', 'https://homes.bg/2025-07-31_2/115131191', 'https://homes.bg/2025-07-31_2/115131192', 'https://homes.bg/2025-07-31_2/115131193', 'https://homes.bg/2025-07-31_2/115131194']",472200.0,EUR,"3,279 EUR/m²",,,False, продажба,PropertyType.TRISTAEN,2025-09-29 06:02:54.438086,https://www.homes.bg/api/offers?currencyId=1&filterOrderBy=0&locationId=1&typeId=ApartmentSell&neighbourhoods%5B%5D=487,213,София,6.0,['Оборище'],апартамент
1616669,as,https://homes.bg/offer/apartament-za-prodazhba/tristaen-144m2-sofiya-oborishte/as1616669,вчера," Оборище, София","Тристаен, 144m²",Тухла,1,"['https://homes.bg/2025-07-31_2/115131143', 'https://homes.bg/2025-07-31_2/115131144', 'https://homes.bg/2025-07-31_2/115131145', 'https://homes.bg/2025-07-31_2/115131146']",434700.0,EUR,"3,018 EUR/m²",,,False, продажба,PropertyType.TRISTAEN,2025-09-29 06:02:54.438104,https://www.homes.bg/api/offers?currencyId=1&filterOrderBy=0&locationId=1&typeId=ApartmentSell&neighbourhoods%5B%5D=487,213,София,4.0,['Оборище'],апартамент
1616671,as,https://homes.bg/offer/apartament-za-prodazhba/chetiristaen-178m2-sofiya-oborishte/as1616671,вчера," Оборище, София","Четиристаен, 178m²",Тухла,1,"['https://homes.bg/2025-07-31_2/115131147', 'https://homes.bg/2025-07-31_2/115131148', 'https://homes.bg/2025-07-31_2/115131149']",532800.0,EUR,"2,993 EUR/m²",,,False, продажба,PropertyType.CHETIRISTAEN,2025-09-29 06:02:54.438117,https://www.homes.bg/api/offers?currencyId=1&filterOrderBy=0&locationId=1&typeId=ApartmentSell&neighbourhoods%5B%5D=487,213,София,3.0,['Оборище'],апартамент
1614431,as,https://homes.bg/offer/apartament-za-prodazhba/chetiristaen-187m2-sofiya-oborishte/as1614431,вчера," Оборище, София","Четиристаен, 187m²",Тухла,1,"['https://homes.bg/2025-07-31_2/115131156', 'https://homes.bg/2025-07-31_2/115131157']",626000.0,EUR,"3,347 EUR/m²",,,False, продажба,PropertyType.CHETIRISTAEN,2025-09-29 06:02:54.438128,https://www.homes.bg/api/offers?currencyId=1&filterOrderBy=0&locationId=1&typeId=ApartmentSell&neighbourhoods%5B%5D=487,213,София,2.0,['Оборище'],апартамент
1614432,as,https://homes.bg/offer/apartament-za-prodazhba/chetiristaen-195m2-sofiya-oborishte/as1614432,вчера," Оборище, София","Четиристаен, 195m²",Тухла,1,"['https://homes.bg/2025-07-31_2/115131158', 'https://homes.bg/2025-07-31_2/115131159']",635970.0,EUR,"3,261 EUR/m²",,,False, продажба,PropertyType.CHETIRISTAEN,2025-09-29 06:02:54.438139,https://www.homes.bg/api/offers?currencyId=1&filterOrderBy=0&locationId=1&typeId=ApartmentSell&neighbourhoods%5B%5D=487,213,София,2.0,['Оборище'],апартамент
1614438,as,https://homes.bg/offer/apartament-za-prodazhba/chetiristaen-184m2-sofiya-oborishte/as1614438,вчера," Оборище, София","Четиристаен, 184m²",Тухла,1,"['https://homes.bg/2025-07-31_2/115131179', 'https://homes.bg/2025-07-31_2/115131180', 'https://homes.bg/2025-07-31_2/115131181', 'https://homes.bg/2025-07-31_2/115131182']",642390.0,EUR,"3,491 EUR/m²",,,False, продажба,PropertyType.CHETIRISTAEN,2025-09-29 06:02:54.438151,https://www.homes.bg/api/offers?currencyId=1&filterOrderBy=0&locationId=1&typeId=ApartmentSell&neighbourhoods%5B%5D=487,213,София,4.0,['Оборище'],апартамент
1549277,as,https://homes.bg/offer/apartament-za-prodazhba/tristaen-90m2-sofiya-oborishte/as1549277,вчера," Оборище, София","Тристаен, 90m²",,1,"['https://homes.bg/2025-05-20_2/114209944', 'https://homes.bg/2025-05-20_2/114209946', 'https://homes.bg/2025-05-20_2/114209948', 'https://homes.bg/2025-05-20_2/114209950']",271425.0,EUR,"3,015 EUR/m²",,,False, продажба,PropertyType.TRISTAEN,2025-09-29 06:02:54.438162,https://www.homes.bg/api/offers?currencyId=1&filterOrderBy=0&locationId=1&typeId=ApartmentSell&neighbourhoods%5B%5D=487,213,София,4.0,['Оборище'],апартамент
1635571,as,https://homes.bg/offer/apartament-za-prodazhba/dvustaen-48m2-sofiya-oborishte/as1635571,вчера," Оборище, София","Двустаен, 48m²","Тухла, ТЕЦ",1,"['https://homes.bg/2025-07-31_2/115130461', 'https://homes.bg/2025-07-31_2/115130462', 'https://homes.bg/2025-07-31_2/115130463', 'https://homes.bg/2025-07-31_2/115130464', 'https://homes.bg/2025-07-31_2/115130465', 'https://homes.bg/2025-07-31_2/115130466', 'https://homes.bg/2025-07-31_2/115130467', 'https://homes.bg/2025-07-31_2/115130468']",235000.0,EUR,"4,895 EUR/m²",,,False, продажба,PropertyType.DVUSTAEN,2025-09-29 06:02:54.438174,https://www.homes.bg/api/offers?currencyId=1&filterOrderBy=0&locationId=1&typeId=ApartmentSell&neighbourhoods%5B%5D=487,213,София,8.0,['Оборище'],апартамент
1616666,as,https://homes.bg/offer/apartament-za-prodazhba/tristaen-137m2-sofiya-oborishte/as1616666,вчера," Оборище, София","Тристаен, 137m²",Тухла,1,"['https://homes.bg/2025-07-31_2/115131131', 'https://homes.bg/2025-07-31_2/115131132', 'https://homes.bg/2025-07-31_2/115131133', 'https://homes.bg/2025-07-31_2/115131134']",425300.0,EUR,"3,104 EUR/m²",,,False, продажба,PropertyType.TRISTAEN,2025-09-29 06:02:54.438195,https://www.homes.bg/api/offers?currencyId=1&filterOrderBy=0&locationId=1&typeId=ApartmentSell&neighbourhoods%5B%5D=487,213,София,4.0,['Оборище'],апартамент
1616668,as,https://homes.bg/offer/apartament-za-prodazhba/tristaen-141m2-sofiya-oborishte/as1616668,вчера," Оборище, София","Тристаен, 141m²",Тухла,1,"['https://homes.bg/2025-07-31_2/115131139', 'https://homes.bg/2025-07-31_2/115131140', 'https://homes.bg/2025-07-31_2/115131141', 'https://homes.bg/2025-07-31_2/115131142']",424850.0,EUR,"3,013 EUR/m²",,,False, продажба,PropertyType.TRISTAEN,2025-09-29 06:02:54.438206,https://www.homes.bg/api/offers?currencyId=1&filterOrderBy=0&locationId=1&typeId=ApartmentSell&neighbourhoods%5B%5D=487,213,София,4.0,['Оборище'],апартамент
1616401,as,https://homes.bg/offer/apartament-za-prodazhba/chetiristaen-186m2-sofiya-oborishte/as1616401,вчера," Оборище, София","Четиристаен, 186m²",Тухла,1,"['https://homes.bg/2025-07-31_2/115131152', 'https://homes.bg/2025-07-31_2/115131153', 'https://homes.bg/2025-07-31_2/115131154', 'https://homes.bg/2025-07-31_2/115131155']",576300.0,EUR,"3,098 EUR/m²",,,False, продажба,PropertyType.CHETIRISTAEN,2025-09-29 06:02:54.438217,https://www.homes.bg/api/offers?currencyId=1&filterOrderBy=0&locationId=1&typeId=ApartmentSell&neighbourhoods%5B%5D=487,213,София,4.0,['Оборище'],апартамент
1614441,as,https://homes.bg/offer/apartament-za-prodazhba/dvustaen-65m2-sofiya-oborishte/as1614441,вчера," Оборище, София","Двустаен, 65m²",Тухла,1,"['https://homes.bg/2025-07-31_2/115131195', 'https://homes.bg/2025-07-31_2/115131196', 'https://homes.bg/2025-07-31_2/115131197', 'https://homes.bg/2025-07-31_2/115131198', 'https://homes.bg/2025-07-31_2/115131199', 'https://homes.bg/2025-07-31_2/115131200']",212770.0,EUR,"3,273 EUR/m²",,,False, продажба,PropertyType.DVUSTAEN,2025-09-29 06:02:54.438228,https://www.homes.bg/api/offers?currencyId=1&filterOrderBy=0&locationId=1&typeId=ApartmentSell&neighbourhoods%5B%5D=487,213,София,6.0,['Оборище'],апартамент
828933,as,https://homes.bg/offer/apartament-za-prodazhba/chetiristaen-190m2-sofiya-oborishte/as828933,," Оборище, София","Четиристаен, 190m²","Тухла, Необзаведен, ТЕЦ",1,"['https://homes.bg/2016-11-03_2/6844690', 'https://homes.bg/2016-11-03_2/6844691', 'https://homes.bg/2016-11-03_2/6844693', 'https://homes.bg/2016-11-03_2/6844695']",0.0,EUR,0 EUR/m²,,,False, продажба,PropertyType.CHETIRISTAEN,2025-09-29 06:02:54.438241,https://www.homes.bg/api/offers?currencyId=1&filterOrderBy=0&locationId=1&typeId=ApartmentSell&neighbourhoods%5B%5D=487,213,София,4.0,['Оборище'],апартамент
1633975,as,https://homes.bg/offer/apartament-za-prodazhba/ednostaen-44m2-sofiya-oborishte/as1633975,," Оборище, София","Едностаен, 44m²","Тухла, Обзаведен, Електричество",1,"['https://homes.bg/2025-09-26_2/115822856', 'https://homes.bg/2025-09-26_2/115822857', 'https://homes.bg/2025-09-26_2/115822858', 'https://homes.bg/2025-09-26_2/115822859', 'https://homes.bg/2025-09-26_2/115822860', 'https://homes.bg/2025-09-26_2/115822861', 'https://homes.bg/2025-09-26_2/115822862', 'https://homes.bg/2025-09-26_2/115822863']",139000.0,EUR,"3,159 EUR/m²",,,False, продажба,PropertyType.EDNOSTAEN,2025-09-29 06:02:54.438252,https://www.homes.bg/api/offers?currencyId=1&filterOrderBy=0&locationId=1&typeId=ApartmentSell&neighbourhoods%5B%5D=487,213,София,8.0,['Оборище'],апартамент
1650613,as,https://homes.bg/offer/apartament-za-prodazhba/tristaen-124m2-sofiya-oborishte/as1650613,," Оборище, София","Тристаен, 124m²","Тухла, Необзаведен, ТЕЦ",1,"['https://homes.bg/2025-09-26_2/115812514', 'https://homes.bg/2025-09-26_2/115812515', 'https://homes.bg/2025-09-26_2/115812516', 'https://homes.bg/2025-09-26_2/115812517', 'https://homes.bg/2025-09-26_2/115812518', 'https://homes.bg/2025-09-26_2/115812519', 'https://homes.bg/2025-09-26_2/115812520', 'https://homes.bg/2025-09-26_2/115812521', 'https://homes.bg/2025-09-26_2/115812522']",435000.0,EUR,"3,508 EUR/m²",,,False, продажба,PropertyType.TRISTAEN,2025-09-29 06:02:54.438268,https://www.homes.bg/api/offers?currencyId=1&filterOrderBy=0&locationId=1&typeId=ApartmentSell&neighbourhoods%5B%5D=487,213,София,9.0,['Оборище'],апартамент
1648374,as,https://homes.bg/offer/apartament-za-prodazhba/tristaen-105m2-sofiya-oborishte/as1648374,," Оборище, София","Тристаен, 105m²","Тухла, Обзаведен, Електричество",1,"['https://homes.bg/2025-09-26_2/115812504', 'https://homes.bg/2025-09-26_2/115812505', 'https://homes.bg/2025-09-26_2/115812506', 'https://homes.bg/2025-09-26_2/115812507', 'https://homes.bg/2025-09-26_2/115812508', 'https://homes.bg/2025-09-26_2/115812509', 'https://homes.bg/2025-09-26_2/115812510', 'https://homes.bg/2025-09-26_2/115812511', 'https://homes.bg/2025-09-26_2/115812512', 'https://homes.bg/2025-09-26_2/115812513']",349000.0,EUR,"3,323 EUR/m²",,,False, продажба,PropertyType.TRISTAEN,2025-09-29 06:02:54.438281,https://www.homes.bg/api/offers?currencyId=1&filterOrderBy=0&locationId=1&typeId=ApartmentSell&neighbourhoods%5B%5D=487,213,София,10.0,['Оборище'],апартамент
1604632,as,https://homes.bg/offer/apartament-za-prodazhba/tristaen-152m2-sofiya-oborishte/as1604632,," Оборище, София","Тристаен, 152m²","Тухла, Обзаведен, Прокарва се",1,"['https://homes.bg/2024-12-26_1/112545879', 'https://homes.bg/2024-12-26_1/112545880', 'https://homes.bg/2024-12-26_1/112545881', 'https://homes.bg/2024-12-26_1/112545882', 'https://homes.bg/2024-12-26_1/112545883', 'https://homes.bg/2024-12-26_1/112545884', 'https://homes.bg/2024-12-26_1/112545885', 'https://homes.bg/2024-12-26_1/112545886', 'https://homes.bg/2024-12-26_1/112545887', 'https://homes.bg/2024-12-26_1/112545888']",396000.0,EUR,"2,605 EUR/m²",,,False, продажба,PropertyType.TRISTAEN,2025-09-29 06:02:54.438293,https://www.homes.bg/api/offers?currencyId=1&filterOrderBy=0&locationId=1&typeId=ApartmentSell&neighbourhoods%5B%5D=487,213,София,10.0,['Оборище'],апартамент
1565876,as,https://homes.bg/offer/apartament-za-prodazhba/chetiristaen-150m2-sofiya-oborishte/as1565876,," Оборище, София","Четиристаен, 150m²",Тухла,1,"['https://homes.bg/2024-09-05_1/111123266', 'https://homes.bg/2024-09-05_1/111123267', 'https://homes.bg/2024-09-05_1/111123268', 'https://homes.bg/2024-09-05_1/111123269', 'https://homes.bg/2024-09-05_1/111123270', 'https://homes.bg/2024-09-05_1/111123271', 'https://homes.bg/2024-09-05_1/111123272', 'https://homes.bg/2024-09-05_1/111123273', 'https://homes.bg/2024-09-05_1/111123274', 'https://homes.bg/2024-09-05_1/111123275']",648500.0,EUR,"4,323 EUR/m²",,,False, продажба,PropertyType.CHETIRISTAEN,2025-09-29 06:02:54.438307,https://www.homes.bg/api/offers?currencyId=1&filterOrderBy=0&locationId=1&typeId=ApartmentSell&neighbourhoods%5B%5D=487,213,София,10.0,['Оборище'],апартамент
1627393,as,https://homes.bg/offer/apartament-za-prodazhba/tristaen-105m2-sofiya-oborishte/as1627393,," Оборище, София","Тристаен, 105m²","Тухла, ТЕЦ",1,"['https://homes.bg/2025-09-10_1/115622822', 'https://homes.bg/2025-09-10_1/115622823', 'https://homes.bg/2025-09-10_1/115622824', 'https://homes.bg/2025-09-10_1/115622825', 'https://homes.bg/2025-09-10_1/115622826', 'https://homes.bg/2025-09-10_1/115622827', 'https://homes.bg/2025-09-10_1/115622828', 'https://homes.bg/2025-09-10_1/115622829', 'https://homes.bg/2025-09-10_1/115622830', 'https://homes.bg/2025-09-10_1/115622831']",439000.0,EUR,"4,180 EUR/m²",,,False, продажба,PropertyType.TRISTAEN,2025-09-29 06:02:54.438319,https://www.homes.bg/api/offers?currencyId=1&filterOrderBy=0&locationId=1&typeId=ApartmentSell&neighbourhoods%5B%5D=487,213,София,10.0,['Оборище'],апартамент
1645615,as,https://homes.bg/offer/apartament-za-prodazhba/dvustaen-85m2-sofiya-oborishte/as1645615,," Оборище, София","Двустаен, 85m²","Обзаведен, ТЕЦ",1,"['https://homes.bg/2025-08-26_1/115434585', 'https://homes.bg/2025-08-26_1/115434586', 'https://homes.bg/2025-08-26_1/115434587', 'https://homes.bg/2025-08-26_1/115434588', 'https://homes.bg/2025-08-26_1/115434589', 'https://homes.bg/2025-08-26_1/115434590', 'https://homes.bg/2025-08-26_1/115434591', 'https://homes.bg/2025-08-26_1/115434592', 'https://homes.bg/2025-08-26_1/115434593', 'https://homes.bg/2025-08-26_1/115434594']",266000.0,EUR,"3,129 EUR/m²",,,False, продажба,PropertyType.DVUSTAEN,2025-09-29 06:02:54.438331,https://www.homes.bg/api/offers?currencyId=1&filterOrderBy=0&locationId=1&typeId=ApartmentSell&neighbourhoods%5B%5D=487,213,София,10.0,['Оборище'],апартамент
1649376,as,https://homes.bg/offer/apartament-za-prodazhba/tristaen-80m2-sofiya-oborishte/as1649376,," Оборище, София","Тристаен, 80m²","Тухла, Обзаведен, ТЕЦ",1,"['https://homes.bg/2025-09-19_2/115743033', 'https://homes.bg/2025-09-19_2/115743034', 'https://homes.bg/2025-09-19_2/115743035', 'https://homes.bg/2025-09-19_2/115743036', 'https://homes.bg/2025-09-19_2/115743037', 'https://homes.bg/2025-09-19_2/115743038', 'https://homes.bg/2025-09-19_2/115743039', 'https://homes.bg/2025-09-19_2/115743040']",380000.0,EUR,"4,750 EUR/m²",,,False, продажба,PropertyType.TRISTAEN,2025-09-29 06:02:54.438346,https://www.homes.bg/api/offers?currencyId=1&filterOrderBy=0&locationId=1&typeId=ApartmentSell&neighbourhoods%5B%5D=487,213,София,8.0,['Оборище'],апартамент
1647087,as,https://homes.bg/offer/apartament-za-prodazhba/ednostaen-46m2-sofiya-oborishte/as1647087,," Оборище, София","Едностаен, 46m²",Тухла,1,"['https://homes.bg/2025-09-19_2/115748065', 'https://homes.bg/2025-09-19_2/115748066', 'https://homes.bg/2025-09-19_2/115748067']",148000.0,EUR,"3,217 EUR/m²",,,False, продажба,PropertyType.EDNOSTAEN,2025-09-29 06:02:54.438357,https://www.homes.bg/api/offers?currencyId=1&filterOrderBy=0&locationId=1&typeId=ApartmentSell&neighbourhoods%5B%5D=487,213,София,3.0,['Оборище'],апартамент
1648013,as,https://homes.bg/offer/apartament-za-prodazhba/tristaen-117m2-sofiya-oborishte/as1648013,," Оборище, София","Тристаен, 117m²","Тухла, Полуобзаведен, ТЕЦ",1,"['https://homes.bg/2025-09-18_2/115738077', 'https://homes.bg/2025-09-18_2/115738078', 'https://homes.bg/2025-09-18_2/115738079', 'https://homes.bg/2025-09-18_2/115738080', 'https://homes.bg/2025-09-18_2/115738081', 'https://homes.bg/2025-09-18_2/115738082', 'https://homes.bg/2025-09-18_2/115738083', 'https://homes.bg/2025-09-18_2/115738084', 'https://homes.bg/2025-09-18_2/115738085', 'https://homes.bg/2025-09-18_2/115738086']",297000.0,EUR,"2,538 EUR/m²",,,False, продажба,PropertyType.TRISTAEN,2025-09-29 06:02:54.438371,https://www.homes.bg/api/offers?currencyId=1&filterOrderBy=0&locationId=1&typeId=ApartmentSell&neighbourhoods%5B%5D=487,213,София,10.0,['Оборище'],апартамент
1544782,as,https://homes.bg/offer/apartament-za-prodazhba/tristaen-118m2-sofiya-oborishte/as1544782,," Оборище, София","Тристаен, 118m²","Тухла, Обзаведен, ТЕЦ",1,"['https://homes.bg/2024-03-24_1/108943184', 'https://homes.bg/2024-03-24_1/108943185', 'https://homes.bg/2024-03-24_1/108943186', 'https://homes.bg/2024-03-24_1/108943187', 'https://homes.bg/2024-03-24_1/108943188', 'https://homes.bg/2024-03-24_1/108943189', 'https://homes.bg/2024-03-24_1/108943190', 'https://homes.bg/2024-03-24_1/108943191', 'https://homes.bg/2024-03-24_1/108943192', 'https://homes.bg/2024-03-24_1/108943193']",428000.0,EUR,"3,627 EUR/m²",,,False, продажба,PropertyType.TRISTAEN,2025-09-29 06:02:54.438383,https://www.homes.bg/api/offers?currencyId=1&filterOrderBy=0&locationId=1&typeId=ApartmentSell&neighbourhoods%5B%5D=487,213,София,10.0,['Оборище'],апартамент
1649025,as,https://homes.bg/offer/apartament-za-prodazhba/tristaen-124m2-sofiya-oborishte/as1649025,," Оборище, София","Тристаен, 124m²",Тухла,1,"['https://homes.bg/2025-09-17_2/115723037', 'https://homes.bg/2025-09-17_2/115723038', 'https://homes.bg/2025-09-17_2/115723039', 'https://homes.bg/2025-09-17_2/115723040', 'https://homes.bg/2025-09-17_2/115723041', 'https://homes.bg/2025-09-17_2/115723042', 'https://homes.bg/2025-09-17_2/115723043']",435000.0,EUR,"3,508 EUR/m²",,,False, продажба,PropertyType.TRISTAEN,2025-09-29 06:02:54.438394,https://www.homes.bg/api/offers?currencyId=1&filterOrderBy=0&locationId=1&typeId=ApartmentSell&neighbourhoods%5B%5D=487,213,София,7.0,['Оборище'],апартамент
1645438,as,https://homes.bg/offer/apartament-za-prodazhba/dvustaen-48m2-sofiya-oborishte/as1645438,," Оборище, София","Двустаен, 48m²","Тухла, Обзаведен, ТЕЦ",1,"['https://homes.bg/2025-08-24_2/115422703', 'https://homes.bg/2025-08-24_2/115422704', 'https://homes.bg/2025-08-24_2/115422707', 'https://homes.bg/2025-08-24_2/115422701', 'https://homes.bg/2025-08-24_2/115422705', 'https://homes.bg/2025-08-24_2/115422698', 'https://homes.bg/2025-08-24_2/115422700', 'https://homes.bg/2025-08-24_2/115422706', 'https://homes.bg/2025-08-24_2/115422699', 'https://homes.bg/2025-08-24_2/115422702']",245000.0,EUR,"5,104 EUR/m²",,,False, продажба,PropertyType.DVUSTAEN,2025-09-29 06:02:54.438408,https://www.homes.bg/api/offers?currencyId=1&filterOrderBy=0&locationId=1&typeId=ApartmentSell&neighbourhoods%5B%5D=487,213,София,10.0,['Оборище'],апартамент
1625862,as,https://homes.bg/offer/apartament-za-prodazhba/mnogostaen-250m2-sofiya-oborishte/as1625862,," Оборище, София","Многостаен, 250m²","Тухла, ТЕЦ",1,"['https://homes.bg/2025-05-30_1/114336728', 'https://homes.bg/2025-05-30_1/114336729', 'https://homes.bg/2025-05-30_1/114336730', 'https://homes.bg/2025-05-30_1/114336731', 'https://homes.bg/2025-05-30_1/114336732', 'https://homes.bg/2025-05-30_1/114336733', 'https://homes.bg/2025-05-30_1/114336734', 'https://homes.bg/2025-05-30_1/114336735', 'https://homes.bg/2025-05-30_1/114336736', 'https://homes.bg/2025-05-30_1/114336737']",1800000.0,EUR,"7,200 EUR/m²",,,False, продажба,PropertyType.MNOGOSTAEN,2025-09-29 06:02:54.438420,https://www.homes.bg/api/offers?currencyId=1&filterOrderBy=0&locationId=1&typeId=ApartmentSell&neighbourhoods%5B%5D=487,213,София,10.0,['Оборище'],апартамент
1635283,as,https://homes.bg/offer/apartament-za-prodazhba/tristaen-127m2-sofiya-oborishte/as1635283,," Оборище, София","Тристаен, 127m²","Тухла, ТЕЦ",1,"['https://homes.bg/2025-06-25_1/114674548', 'https://homes.bg/2025-06-25_1/114674549']",387065.0,EUR,"3,047 EUR/m²",,,False, продажба,PropertyType.TRISTAEN,2025-09-29 06:02:54.438433,https://www.homes.bg/api/offers?currencyId=1&filterOrderBy=0&locationId=1&typeId=ApartmentSell&neighbourhoods%5B%5D=487,213,София,2.0,['Оборище'],апартамент
1631360,as,https://homes.bg/offer/apartament-za-prodazhba/tristaen-117m2-sofiya-oborishte/as1631360,," Оборище, София","Тристаен, 117m²","Тухла, Полуобзаведен, ТЕЦ",1,"['https://homes.bg/2025-06-04_1/114406223', 'https://homes.bg/2025-06-04_1/114406224', 'https://homes.bg/2025-06-04_1/114406225', 'https://homes.bg/2025-06-04_1/114406226', 'https://homes.bg/2025-06-04_1/114406227', 'https://homes.bg/2025-06-04_1/114406228', 'https://homes.bg/2025-06-04_1/114406229', 'https://homes.bg/2025-06-04_1/114406230', 'https://homes.bg/2025-06-04_1/114406231', 'https://homes.bg/2025-06-04_1/114406232']",398000.0,EUR,"3,401 EUR/m²",,,False, продажба,PropertyType.TRISTAEN,2025-09-29 06:02:54.438447,https://www.homes.bg/api/offers?currencyId=1&filterOrderBy=0&locationId=1&typeId=ApartmentSell&neighbourhoods%5B%5D=487,213,София,10.0,['Оборище'],апартамент
1624583,as,https://homes.bg/offer/apartament-za-prodazhba/tristaen-145m2-sofiya-oborishte/as1624583,," Оборище, София","Тристаен, 145m²","Тухла, Прокарва се",1,"['https://homes.bg/2025-04-25_1/113881997', 'https://homes.bg/2025-04-25_1/113881998']",374842.0,EUR,"2,585 EUR/m²",,,False, продажба,PropertyType.TRISTAEN,2025-09-29 06:02:54.438457,https://www.homes.bg/api/offers?currencyId=1&filterOrderBy=0&locationId=1&typeId=ApartmentSell&neighbourhoods%5B%5D=487,213,София,2.0,['Оборище'],апартамент
1624586,as,https://homes.bg/offer/apartament-za-prodazhba/dvustaen-96m2-sofiya-oborishte/as1624586,," Оборище, София","Двустаен, 96m²","Тухла, Прокарва се",1,"['https://homes.bg/2025-04-25_1/113882003', 'https://homes.bg/2025-04-25_1/113882004']",246092.0,EUR,"2,563 EUR/m²",,,False, продажба,PropertyType.DVUSTAEN,2025-09-29 06:02:54.438471,https://www.homes.bg/api/offers?currencyId=1&filterOrderBy=0&locationId=1&typeId=ApartmentSell&neighbourhoods%5B%5D=487,213,София,2.0,['Оборище'],апартамент
1624588,as,https://homes.bg/offer/apartament-za-prodazhba/dvustaen-95m2-sofiya-oborishte/as1624588,," Оборище, София","Двустаен, 95m²","Тухла, Прокарва се",1,"['https://homes.bg/2025-04-25_1/113882007', 'https://homes.bg/2025-04-25_1/113882008']",246092.0,EUR,"2,590 EUR/m²",,,False, продажба,PropertyType.DVUSTAEN,2025-09-29 06:02:54.438483,https://www.homes.bg/api/offers?currencyId=1&filterOrderBy=0&locationId=1&typeId=ApartmentSell&neighbourhoods%5B%5D=487,213,София,2.0,['Оборище'],апартамент
1635285,as,https://homes.bg/offer/apartament-za-prodazhba/tristaen-127m2-sofiya-oborishte/as1635285,," Оборище, София","Тристаен, 127m²","Тухла, ТЕЦ",1,"['https://homes.bg/2025-06-25_1/114674553', 'https://homes.bg/2025-06-25_1/114674554', 'https://homes.bg/2025-06-25_1/114674555']",351425.0,EUR,"2,767 EUR/m²",,,False, продажба,PropertyType.TRISTAEN,2025-09-29 06:02:54.438496,https://www.homes.bg/api/offers?currencyId=1&filterOrderBy=0&locationId=1&typeId=ApartmentSell&neighbourhoods%5B%5D=487,213,София,3.0,['Оборище'],апартамент
1624580,as,https://homes.bg/offer/apartament-za-prodazhba/tristaen-144m2-sofiya-oborishte/as1624580,," Оборище, София","Тристаен, 144m²","Тухла, Прокарва се",1,"['https://homes.bg/2025-04-25_1/113881991', 'https://homes.bg/2025-04-25_1/113881992']",372679.0,EUR,"2,588 EUR/m²",,,False, продажба,PropertyType.TRISTAEN,2025-09-29 06:02:54.438507,https://www.homes.bg/api/offers?currencyId=1&filterOrderBy=0&locationId=1&typeId=ApartmentSell&neighbourhoods%5B%5D=487,213,София,2.0,['Оборище'],апартамент
1624582,as,https://homes.bg/offer/apartament-za-prodazhba/dvustaen-83m2-sofiya-oborishte/as1624582,," Оборище, София","Двустаен, 83m²","Тухла, Прокарва се",1,"['https://homes.bg/2025-04-25_1/113881995', 'https://homes.bg/2025-04-25_1/113881996']",213750.0,EUR,"2,575 EUR/m²",,,False, продажба,PropertyType.DVUSTAEN,2025-09-29 06:02:54.438522,https://www.homes.bg/api/offers?currencyId=1&filterOrderBy=0&locationId=1&typeId=ApartmentSell&neighbourhoods%5B%5D=487,213,София,2.0,['Оборище'],апартамент
1624584,as,https://homes.bg/offer/apartament-za-prodazhba/dvustaen-95m2-sofiya-oborishte/as1624584,," Оборище, София","Двустаен, 95m²","Тухла, Прокарва се",1,"['https://homes.bg/2025-04-25_1/113881999', 'https://homes.bg/2025-04-25_1/113882000']",246092.0,EUR,"2,590 EUR/m²",,,False, продажба,PropertyType.DVUSTAEN,2025-09-29 06:02:54.438534,https://www.homes.bg/api/offers?currencyId=1&filterOrderBy=0&locationId=1&typeId=ApartmentSell&neighbourhoods%5B%5D=487,213,София,2.0,['Оборище'],апартамент
1603774,as,https://homes.bg/offer/apartament-za-prodazhba/tristaen-141m2-sofiya-oborishte/as1603774,," Оборище, София","Тристаен, 141m²","Тухла, ТЕЦ",1,"['https://homes.bg/2024-12-15_1/112449943', 'https://homes.bg/2024-12-15_1/112449944', 'https://homes.bg/2024-12-15_1/112449945', 'https://homes.bg/2024-12-15_1/112449946']",311077.0,EUR,"2,206 EUR/m²",,,False, продажба,PropertyType.TRISTAEN,2025-09-29 06:02:54.438548,https://www.homes.bg/api/offers?currencyId=1&filterOrderBy=0&locationId=1&typeId=ApartmentSell&neighbourhoods%5B%5D=487,213,София,4.0,['Оборище'],апартамент
1635284,as,https://homes.bg/offer/apartament-za-prodazhba/mnogostaen-172m2-sofiya-oborishte/as1635284,," Оборище, София","Многостаен, 172m²","Тухла, ТЕЦ",1,"['https://homes.bg/2025-06-25_1/114674550', 'https://homes.bg/2025-06-25_1/114674551', 'https://homes.bg/2025-06-25_1/114674552']",474221.0,EUR,"2,757 EUR/m²",,,False, продажба,PropertyType.MNOGOSTAEN,2025-09-29 06:02:54.438560,https://www.homes.bg/api/offers?currencyId=1&filterOrderBy=0&locationId=1&typeId=ApartmentSell&neighbourhoods%5B%5D=487,213,София,3.0,['Оборище'],апартамент
1635286,as,https://homes.bg/offer/apartament-za-prodazhba/mnogostaen-295m2-sofiya-oborishte/as1635286,," Оборище, София","Многостаен, 295m²","Тухла, ТЕЦ",1,"['https://homes.bg/2025-06-25_1/114674556', 'https://homes.bg/2025-06-25_1/114674557', 'https://homes.bg/2025-06-25_1/114674558']",811168.0,EUR,"2,749 EUR/m²",,,False, продажба,PropertyType.MNOGOSTAEN,2025-09-29 06:02:54.438573,https://www.homes.bg/api/offers?currencyId=1&filterOrderBy=0&locationId=1&typeId=ApartmentSell&neighbourhoods%5B%5D=487,213,София,3.0,['Оборище'],апартамент
1624581,as,https://homes.bg/offer/apartament-za-prodazhba/dvustaen-89m2-sofiya-oborishte/as1624581,," Оборище, София","Двустаен, 89m²","Тухла, Прокарва се",1,"['https://homes.bg/2025-04-25_1/113881993', 'https://homes.bg/2025-04-25_1/113881994']",228402.0,EUR,"2,566 EUR/m²",,,False, продажба,PropertyType.DVUSTAEN,2025-09-29 06:02:54.438584,https://www.homes.bg/api/offers?currencyId=1&filterOrderBy=0&locationId=1&typeId=ApartmentSell&neighbourhoods%5B%5D=487,213,София,2.0,['Оборище'],апартамент
1624589,as,https://homes.bg/offer/apartament-za-prodazhba/tristaen-144m2-sofiya-oborishte/as1624589,," Оборище, София","Тристаен, 144m²","Тухла, Прокарва се",1,"['https://homes.bg/2025-04-25_1/113882009', 'https://homes.bg/2025-04-25_1/113882010']",372679.0,EUR,"2,588 EUR/m²",,,False, продажба,PropertyType.TRISTAEN,2025-09-29 06:02:54.438597,https://www.homes.bg/api/offers?currencyId=1&filterOrderBy=0&locationId=1&typeId=ApartmentSell&neighbourhoods%5B%5D=487,213,София,2.0,['Оборище'],апартамент
1635282,as,https://homes.bg/offer/apartament-za-prodazhba/tristaen-141m2-sofiya-oborishte/as1635282,," Оборище, София","Тристаен, 141m²","Тухла, ТЕЦ",1,"['https://homes.bg/2025-06-25_1/114674546', 'https://homes.bg/2025-06-25_1/114674547']",311077.0,EUR,"2,206 EUR/m²",,,False, продажба,PropertyType.TRISTAEN,2025-09-29 06:02:54.438616,https://www.homes.bg/api/offers?currencyId=1&filterOrderBy=0&locationId=1&typeId=ApartmentSell&neighbourhoods%5B%5D=487,213,София,2.0,['Оборище'],апартамент
1624579,as,https://homes.bg/offer/apartament-za-prodazhba/dvustaen-75m2-sofiya-oborishte/as1624579,," Оборище, София","Двустаен, 75m²","Тухла, Прокарва се",1,"['https://homes.bg/2025-04-25_1/113881989', 'https://homes.bg/2025-04-25_1/113881990']",193691.0,EUR,"2,582 EUR/m²",,,False, продажба,PropertyType.DVUSTAEN,2025-09-29 06:02:54.438626,https://www.homes.bg/api/offers?currencyId=1&filterOrderBy=0&locationId=1&typeId=ApartmentSell&neighbourhoods%5B%5D=487,213,София,2.0,['Оборище'],апартамент
1624585,as,https://homes.bg/offer/apartament-za-prodazhba/dvustaen-83m2-sofiya-oborishte/as1624585,," Оборище, София","Двустаен, 83m²","Тухла, Прокарва се",1,"['https://homes.bg/2025-04-25_1/113882001', 'https://homes.bg/2025-04-25_1/113882002']",213750.0,EUR,"2,575 EUR/m²",,,False, продажба,PropertyType.DVUSTAEN,2025-09-29 06:02:54.438638,https://www.homes.bg/api/offers?currencyId=1&filterOrderBy=0&locationId=1&typeId=ApartmentSell&neighbourhoods%5B%5D=487,213,София,2.0,['Оборище'],апартамент
1624587,as,https://homes.bg/offer/apartament-za-prodazhba/tristaen-144m2-sofiya-oborishte/as1624587,," Оборище, София","Тристаен, 144m²","Тухла, Прокарва се",1,"['https://homes.bg/2025-04-25_1/113882005', 'https://homes.bg/2025-04-25_1/113882006']",372679.0,EUR,"2,588 EUR/m²",,,False, продажба,PropertyType.TRISTAEN,2025-09-29 06:02:54.438650,https://www.homes.bg/api/offers?currencyId=1&filterOrderBy=0&locationId=1&typeId=ApartmentSell&neighbourhoods%5B%5D=487,213,София,2.0,['Оборище'],апартамент
1628478,as,https://homes.bg/offer/apartament-za-prodazhba/mnogostaen-300m2-sofiya-oborishte/as1628478,," Оборище, София","Многостаен, 300m²","Тухла, Полуобзаведен, Прокарва се",1,[],752000.0,EUR,"2,506 EUR/m²",,,False, продажба,PropertyType.MNOGOSTAEN,2025-09-29 06:02:54.438660,https://www.homes.bg/api/offers?currencyId=1&filterOrderBy=0&locationId=1&typeId=ApartmentSell&neighbourhoods%5B%5D=487,213,София,0.0,['Оборище'],апартамент
1325070,as,https://homes.bg/offer/apartament-za-prodazhba/mnogostaen-250m2-sofiya-oborishte/as1325070,," Оборище, София","Многостаен, 250m²","Тухла, Необзаведен, ТЕЦ",1,"['https://homes.bg/2025-09-10_2/115634769', 'https://homes.bg/2025-09-10_2/115634770', 'https://homes.bg/2025-09-10_2/115634771', 'https://homes.bg/2025-09-10_2/115634772', 'https://homes.bg/2025-09-10_2/115634773', 'https://homes.bg/2025-09-10_2/115634774', 'https://homes.bg/2025-09-10_2/115634775']",390000.0,EUR,"1,560 EUR/m²",,,False, продажба,PropertyType.MNOGOSTAEN,2025-09-29 06:02:54.438673,https://www.homes.bg/api/offers?currencyId=1&filterOrderBy=0&locationId=1&typeId=ApartmentSell&neighbourhoods%5B%5D=487,213,София,7.0,['Оборище'],апартамент
1597037,as,https://homes.bg/offer/apartament-za-prodazhba/dvustaen-76m2-sofiya-oborishte/as1597037,," Оборище, София","Двустаен, 76m²","Тухла, Обзаведен, ТЕЦ",1,"['https://homes.bg/2024-11-04_2/111903909', 'https://homes.bg/2024-11-04_2/111903914', 'https://homes.bg/2024-11-04_2/111903915', 'https://homes.bg/2024-11-04_2/111903917', 'https://homes.bg/2024-11-04_2/111903916', 'https://homes.bg/2024-11-04_2/111903919', 'https://homes.bg/2024-11-04_2/111903911', 'https://homes.bg/2024-11-04_2/111903918']",280000.0,EUR,"3,684 EUR/m²",,,False, продажба,PropertyType.DVUSTAEN,2025-09-29 06:02:54.438687,https://www.homes.bg/api/offers?currencyId=1&filterOrderBy=0&locationId=1&typeId=ApartmentSell&neighbourhoods%5B%5D=487,213,София,8.0,['Оборище'],апартамент
1630627,as,https://homes.bg/offer/apartament-za-prodazhba/tristaen-77m2-sofiya-oborishte/as1630627,," Оборище, София","Тристаен, 77m²","Панел, Необзаведен, ТЕЦ",1,"['https://homes.bg/2025-05-31_1/114356711', 'https://homes.bg/2025-05-31_1/114356712', 'https://homes.bg/2025-05-31_1/114356713', 'https://homes.bg/2025-05-31_1/114356714', 'https://homes.bg/2025-05-31_1/114356715', 'https://homes.bg/2025-05-31_1/114356716', 'https://homes.bg/2025-05-31_1/114356717', 'https://homes.bg/2025-05-31_1/114356718', 'https://homes.bg/2025-05-31_1/114356719', 'https://homes.bg/2025-05-31_1/114356720']",249000.0,EUR,"3,233 EUR/m²",,,False, продажба,PropertyType.TRISTAEN,2025-09-29 06:02:54.438705,https://www.homes.bg/api/offers?currencyId=1&filterOrderBy=0&locationId=1&typeId=ApartmentSell&neighbourhoods%5B%5D=487,213,София,10.0,['Оборище'],апартамент
1647383,as,https://homes.bg/offer/apartament-za-prodazhba/dvustaen-65m2-sofiya-oborishte/as1647383,," Оборище, София","Двустаен, 65m²","Тухла, Обзаведен, ТЕЦ",1,"['https://homes.bg/2025-09-05_2/115576064', 'https://homes.bg/2025-09-05_2/115576066', 'https://homes.bg/2025-09-05_2/115576065', 'https://homes.bg/2025-09-05_2/115576059', 'https://homes.bg/2025-09-05_2/115576063', 'https://homes.bg/2025-09-05_2/115576060', 'https://homes.bg/2025-09-05_2/115576062', 'https://homes.bg/2025-09-05_2/115576061', 'https://homes.bg/2025-09-05_2/115576068']",256000.0,EUR,"3,938 EUR/m²",,,False, продажба,PropertyType.DVUSTAEN,2025-09-29 06:02:54.438739,https://www.homes.bg/api/offers?currencyId=1&filterOrderBy=0&locationId=1&typeId=ApartmentSell&neighbourhoods%5B%5D=487,213,София,9.0,['Оборище'],апартамент
1638684,as,https://homes.bg/offer/apartament-za-prodazhba/dvustaen-92m2-sofiya-oborishte/as1638684,," Оборище, София","Двустаен, 92m²","Тухла, Необзаведен, ТЕЦ",1,"['https://homes.bg/2025-09-04_2/115572890', 'https://homes.bg/2025-09-04_2/115572891', 'https://homes.bg/2025-09-04_2/115572892', 'https://homes.bg/2025-09-04_2/115572893']",460000.0,EUR,"5,000 EUR/m²",,,False, продажба,PropertyType.DVUSTAEN,2025-09-29 06:02:54.438758,https://www.homes.bg/api/offers?currencyId=1&filterOrderBy=0&locationId=1&typeId=ApartmentSell&neighbourhoods%5B%5D=487,213,София,4.0,['Оборище'],апартамент
1638494,as,https://homes.bg/offer/apartament-za-prodazhba/tristaen-143m2-sofiya-oborishte/as1638494,," Оборище, София","Тристаен, 143m²","Тухла, Необзаведен, ТЕЦ",1,"['https://homes.bg/2025-09-04_2/115572884', 'https://homes.bg/2025-09-04_2/115572885', 'https://homes.bg/2025-09-04_2/115572886', 'https://homes.bg/2025-09-04_2/115572887', 'https://homes.bg/2025-09-04_2/115572888', 'https://homes.bg/2025-09-04_2/115572889']",710000.0,EUR,"4,965 EUR/m²",,,False, продажба,PropertyType.TRISTAEN,2025-09-29 06:02:54.438770,https://www.homes.bg/api/offers?currencyId=1&filterOrderBy=0&locationId=1&typeId=ApartmentSell&neighbourhoods%5B%5D=487,213,София,6.0,['Оборище'],апартамент
1642404,as,https://homes.bg/offer/apartament-za-prodazhba/tristaen-68m2-sofiya-oborishte/as1642404,," Оборище, София","Тристаен, 68m²","Тухла, Обзаведен, Електричество",1,"['https://homes.bg/2025-09-03_1/115543192', 'https://homes.bg/2025-09-03_1/115543193', 'https://homes.bg/2025-09-03_1/115543194', 'https://homes.bg/2025-09-03_1/115543195', 'https://homes.bg/2025-09-03_1/115543196', 'https://homes.bg/2025-09-03_1/115543197', 'https://homes.bg/2025-09-03_1/115543198', 'https://homes.bg/2025-09-03_1/115543199', 'https://homes.bg/2025-09-03_1/115543200', 'https://homes.bg/2025-09-03_1/115543201']",320000.0,EUR,"4,705 EUR/m²",,,False, продажба,PropertyType.TRISTAEN,2025-09-29 06:02:54.438782,https://www.homes.bg/api/offers?currencyId=1&filterOrderBy=0&locationId=1&typeId=ApartmentSell&neighbourhoods%5B%5D=487,213,София,10.0,['Оборище'],апартамент
1615738,as,https://homes.bg/offer/apartament-za-prodazhba/tristaen-81m2-sofiya-oborishte/as1615738,," Оборище, София","Тристаен, 81m²","Тухла, Обзаведен, ТЕЦ",1,"['https://homes.bg/2025-03-08_1/113288839', 'https://homes.bg/2025-03-08_1/113288840', 'https://homes.bg/2025-03-08_1/113288841', 'https://homes.bg/2025-03-08_1/113288842', 'https://homes.bg/2025-03-08_1/113288843']",330000.0,EUR,"4,074 EUR/m²",,,False, продажба,PropertyType.TRISTAEN,2025-09-29 06:02:54.438796,https://www.homes.bg/api/offers?currencyId=1&filterOrderBy=0&locationId=1&typeId=ApartmentSell&neighbourhoods%5B%5D=487,213,София,5.0,['Оборище'],апартамент
1646090,as,https://homes.bg/offer/apartament-za-prodazhba/dvustaen-65m2-sofiya-oborishte/as1646090,," Оборище, София","Двустаен, 65m²","Тухла, Обзаведен, ТЕЦ",1,['https://homes.bg/2025-08-28_1/115464468'],270000.0,EUR,"4,153 EUR/m²",,,False, продажба,PropertyType.DVUSTAEN,2025-09-29 06:02:54.438806,https://www.homes.bg/api/offers?currencyId=1&filterOrderBy=0&locationId=1&typeId=ApartmentSell&neighbourhoods%5B%5D=487,213,София,1.0,['Оборище'],апартамент
1645744,as,https://homes.bg/offer/apartament-za-prodazhba/tristaen-117m2-sofiya-oborishte/as1645744,," Оборище, София","Тристаен, 117m²","Тухла, Обзаведен",1,"['https://homes.bg/2025-08-27_2/115461386', 'https://homes.bg/2025-08-27_2/115461387', 'https://homes.bg/2025-08-27_2/115461388', 'https://homes.bg/2025-08-27_2/115461389', 'https://homes.bg/2025-08-27_2/115461390', 'https://homes.bg/2025-08-27_2/115461391', 'https://homes.bg/2025-08-27_2/115461392', 'https://homes.bg/2025-08-27_2/115461393', 'https://homes.bg/2025-08-27_2/115461394', 'https://homes.bg/2025-08-27_2/115461395']",379000.0,EUR,"3,239 EUR/m²",,,False, продажба,PropertyType.TRISTAEN,2025-09-29 06:02:54.438820,https://www.homes.bg/api/offers?currencyId=1&filterOrderBy=0&locationId=1&typeId=ApartmentSell&neighbourhoods%5B%5D=487,213,София,10.0,['Оборище'],апартамент
1636868,as,https://homes.bg/offer/apartament-za-prodazhba/tristaen-117m2-sofiya-oborishte/as1636868,," Оборище, София","Тристаен, 117m²","Тухла, ТЕЦ",1,"['https://homes.bg/2025-07-04_1/114794700', 'https://homes.bg/2025-07-04_1/114794701', 'https://homes.bg/2025-07-04_1/114794702', 'https://homes.bg/2025-07-04_1/114794703', 'https://homes.bg/2025-07-04_1/114794704', 'https://homes.bg/2025-07-04_1/114794705', 'https://homes.bg/2025-07-04_1/114794706']",333000.0,EUR,"2,846 EUR/m²",,,False, продажба,PropertyType.TRISTAEN,2025-09-29 06:02:54.438832,https://www.homes.bg/api/offers?currencyId=1&filterOrderBy=0&locationId=1&typeId=ApartmentSell&neighbourhoods%5B%5D=487,213,София,7.0,['Оборище'],апартамент
1645433,as,https://homes.bg/offer/apartament-za-prodazhba/dvustaen-69m2-sofiya-oborishte/as1645433,," Оборище, София","Двустаен, 69m²","Тухла, Обзаведен, Електричество",1,"['https://homes.bg/2025-08-24_2/115421355', 'https://homes.bg/2025-08-24_2/115421352', 'https://homes.bg/2025-08-24_2/115421359', 'https://homes.bg/2025-08-24_2/115421357', 'https://homes.bg/2025-08-24_2/115421280', 'https://homes.bg/2025-08-24_2/115421275', 'https://homes.bg/2025-08-24_2/115421273', 'https://homes.bg/2025-08-24_2/115421284', 'https://homes.bg/2025-08-24_2/115421282', 'https://homes.bg/2025-08-24_2/115421294']",320000.0,EUR,"4,637 EUR/m²",,,False, продажба,PropertyType.DVUSTAEN,2025-09-29 06:02:54.438844,https://www.homes.bg/api/offers?currencyId=1&filterOrderBy=0&locationId=1&typeId=ApartmentSell&neighbourhoods%5B%5D=487,213,София,10.0,['Оборище'],апартамент
1556279,as,https://homes.bg/offer/apartament-za-prodazhba/tristaen-85m2-sofiya-oborishte/as1556279,," Оборище, София","Тристаен, 85m²","Тухла, Обзаведен, ТЕЦ",1,"['https://homes.bg/2024-03-24_1/108943067', 'https://homes.bg/2024-03-24_1/108943068', 'https://homes.bg/2024-03-24_1/108943069', 'https://homes.bg/2024-03-24_1/108943070', 'https://homes.bg/2024-03-24_1/108943071', 'https://homes.bg/2024-03-24_1/108943072', 'https://homes.bg/2024-03-24_1/108943073']",0.0,EUR,0 EUR/m²,,,False, продажба,PropertyType.TRISTAEN,2025-09-29 06:02:54.438857,https://www.homes.bg/api/offers?currencyId=1&filterOrderBy=0&locationId=1&typeId=ApartmentSell&neighbourhoods%5B%5D=487,213,София,7.0,['Оборище'],апартамент
1645228,as,https://homes.bg/offer/apartament-za-prodazhba/ednostaen-46m2-sofiya-oborishte/as1645228,," Оборище, София","Едностаен, 46m²","Тухла, Обзаведен, Локално отопление",1,"['https://homes.bg/2025-08-22_2/115398737', 'https://homes.bg/2025-08-22_2/115398734', 'https://homes.bg/2025-08-22_2/115398727', 'https://homes.bg/2025-08-22_2/115398732', 'https://homes.bg/2025-08-22_2/115398730', 'https://homes.bg/2025-08-22_2/115398739', 'https://homes.bg/2025-08-22_2/115398740', 'https://homes.bg/2025-08-22_2/115398741', 'https://homes.bg/2025-08-22_2/115398742', 'https://homes.bg/2025-08-22_2/115398743']",148000.0,EUR,"3,217 EUR/m²",,,False, продажба,PropertyType.EDNOSTAEN,2025-09-29 06:02:54.438869,https://www.homes.bg/api/offers?currencyId=1&filterOrderBy=0&locationId=1&typeId=ApartmentSell&neighbourhoods%5B%5D=487,213,София,10.0,['Оборище'],апартамент
1644415,as,https://homes.bg/offer/apartament-za-prodazhba/tristaen-75m2-sofiya-oborishte/as1644415,," Оборище, София","Тристаен, 75m²","Тухла, Обзаведен, ТЕЦ",1,"['https://homes.bg/2025-08-19_2/115362277', 'https://homes.bg/2025-08-19_2/115362279', 'https://homes.bg/2025-08-19_2/115362282', 'https://homes.bg/2025-08-19_2/115362284', 'https://homes.bg/2025-08-19_2/115362285']",320000.0,EUR,"4,266 EUR/m²",,,False, продажба,PropertyType.TRISTAEN,2025-09-29 06:02:54.438882,https://www.homes.bg/api/offers?currencyId=1&filterOrderBy=0&locationId=1&typeId=ApartmentSell&neighbourhoods%5B%5D=487,213,София,5.0,['Оборище'],апартамент
1644417,as,https://homes.bg/offer/apartament-za-prodazhba/dvustaen-73m2-sofiya-oborishte/as1644417,," Оборище, София","Двустаен, 73m²","Тухла, Обзаведен, ТЕЦ",1,['https://homes.bg/2025-08-19_2/115362307'],179000.0,EUR,"2,452 EUR/m²",,,False, продажба,PropertyType.DVUSTAEN,2025-09-29 06:02:54.438892,https://www.homes.bg/api/offers?currencyId=1&filterOrderBy=0&locationId=1&typeId=ApartmentSell&neighbourhoods%5B%5D=487,213,София,1.0,['Оборище'],апартамент
1644472,as,https://homes.bg/offer/apartament-za-prodazhba/tristaen-117m2-sofiya-oborishte/as1644472,," Оборище, София","Тристаен, 117m²","Тухла, Обзаведен",1,"['https://homes.bg/2025-08-19_2/115367708', 'https://homes.bg/2025-08-19_2/115367709', 'https://homes.bg/2025-08-19_2/115367710', 'https://homes.bg/2025-08-19_2/115367711', 'https://homes.bg/2025-08-19_2/115367712', 'https://homes.bg/2025-08-19_2/115367713', 'https://homes.bg/2025-08-19_2/115367714', 'https://homes.bg/2025-08-19_2/115367715', 'https://homes.bg/2025-08-19_2/115367716', 'https://homes.bg/2025-08-19_2/115367717']",379000.0,EUR,"3,239 EUR/m²",,,False, продажба,PropertyType.TRISTAEN,2025-09-29 06:02:54.438904,https://www.homes.bg/api/offers?currencyId=1&filterOrderBy=0&locationId=1&typeId=ApartmentSell&neighbourhoods%5B%5D=487,213,София,10.0,['Оборище'],апартамент
1644485,as,https://homes.bg/offer/apartament-za-prodazhba/dvustaen-65m2-sofiya-oborishte/as1644485,," Оборище, София","Двустаен, 65m²","Тухла, Обзаведен, ТЕЦ",1,"['https://homes.bg/2025-08-19_2/115368559', 'https://homes.bg/2025-08-19_2/115368560', 'https://homes.bg/2025-08-19_2/115368561', 'https://homes.bg/2025-08-19_2/115368562', 'https://homes.bg/2025-08-19_2/115368563', 'https://homes.bg/2025-08-19_2/115368564', 'https://homes.bg/2025-08-19_2/115368565', 'https://homes.bg/2025-08-19_2/115368566', 'https://homes.bg/2025-08-19_2/115368567', 'https://homes.bg/2025-08-19_2/115368568']",265000.0,EUR,"4,076 EUR/m²",,,False, продажба,PropertyType.DVUSTAEN,2025-09-29 06:02:54.438918,https://www.homes.bg/api/offers?currencyId=1&filterOrderBy=0&locationId=1&typeId=ApartmentSell&neighbourhoods%5B%5D=487,213,София,10.0,['Оборище'],апартамент
1608658,as,https://homes.bg/offer/apartament-za-prodazhba/tristaen-68m2-sofiya-oborishte/as1608658,," Оборище, София","Тристаен, 68m²",Гредоред,1,"['https://homes.bg/2025-08-08_1/115241670', 'https://homes.bg/2025-08-08_1/115241671', 'https://homes.bg/2025-08-08_1/115241672', 'https://homes.bg/2025-08-08_1/115241673', 'https://homes.bg/2025-08-08_1/115241674', 'https://homes.bg/2025-08-08_1/115241675', 'https://homes.bg/2025-08-08_1/115241676', 'https://homes.bg/2025-08-08_1/115241677', 'https://homes.bg/2025-08-08_1/115241678', 'https://homes.bg/2025-08-08_1/115241679']",250000.0,EUR,"3,676 EUR/m²",,,False, продажба,PropertyType.TRISTAEN,2025-09-29 06:02:54.438932,https://www.homes.bg/api/offers?currencyId=1&filterOrderBy=0&locationId=1&typeId=ApartmentSell&neighbourhoods%5B%5D=487,213,София,10.0,['Оборище'],апартамент
1531526,as,https://homes.bg/offer/apartament-za-prodazhba/tristaen-138m2-sofiya-oborishte/as1531526,," Оборище, София","Тристаен, 138m²","Тухла, Необзаведен, ТЕЦ",1,"['https://homes.bg/2023-11-20_2/107341815', 'https://homes.bg/2023-11-20_2/107341808', 'https://homes.bg/2023-11-20_2/107341810', 'https://homes.bg/2023-11-20_2/107341811', 'https://homes.bg/2023-11-20_2/107341812', 'https://homes.bg/2023-11-20_2/107341809', 'https://homes.bg/2023-11-20_2/107341814', 'https://homes.bg/2023-11-20_2/107341813', 'https://homes.bg/2023-11-20_2/107341807']",465540.0,EUR,"3,373 EUR/m²",,,False, продажба,PropertyType.TRISTAEN,2025-09-29 06:02:54.438944,https://www.homes.bg/api/offers?currencyId=1&filterOrderBy=0&locationId=1&typeId=ApartmentSell&neighbourhoods%5B%5D=487,213,София,9.0,['Оборище'],апартамент
1540404,as,https://homes.bg/offer/apartament-za-prodazhba/dvustaen-64m2-sofiya-oborishte/as1540404,," Оборище, София","Двустаен, 64m²","Тухла, Необзаведен, ТЕЦ",1,"['https://homes.bg/2024-01-12_2/107881214', 'https://homes.bg/2024-01-12_2/107881207', 'https://homes.bg/2024-01-12_2/107881209', 'https://homes.bg/2024-01-12_2/107881210', 'https://homes.bg/2024-01-12_2/107881211', 'https://homes.bg/2024-01-12_2/107881212', 'https://homes.bg/2024-01-12_2/107881213', 'https://homes.bg/2024-01-12_2/107881208', 'https://homes.bg/2024-01-12_2/107881215', 'https://homes.bg/2024-09-04_1/111111406']",246480.0,EUR,"3,851 EUR/m²",,,False, продажба,PropertyType.DVUSTAEN,2025-09-29 06:02:54.438959,https://www.homes.bg/api/offers?currencyId=1&filterOrderBy=0&locationId=1&typeId=ApartmentSell&neighbourhoods%5B%5D=487,213,София,10.0,['Оборище'],апартамент
1644323,as,https://homes.bg/offer/apartament-za-prodazhba/tristaen-124m2-sofiya-oborishte/as1644323,," Оборище, София","Тристаен, 124m²","Тухла, Обзаведен, ТЕЦ",1,"['https://homes.bg/2025-08-17_2/115340426', 'https://homes.bg/2025-08-17_2/115340427', 'https://homes.bg/2025-08-17_2/115340428', 'https://homes.bg/2025-08-17_2/115340429', 'https://homes.bg/2025-08-17_2/115340430', 'https://homes.bg/2025-08-17_2/115340431', 'https://homes.bg/2025-08-17_2/115340432', 'https://homes.bg/2025-08-17_2/115340433', 'https://homes.bg/2025-08-17_2/115340434', 'https://homes.bg/2025-08-17_2/115340435']",435000.0,EUR,"3,508 EUR/m²",,,False, продажба,PropertyType.TRISTAEN,2025-09-29 06:02:54.439030,https://www.homes.bg/api/offers?currencyId=1&filterOrderBy=0&locationId=1&typeId=ApartmentSell&neighbourhoods%5B%5D=487,213,София,10.0,['Оборище'],апартамент
1644251,as,https://homes.bg/offer/apartament-za-prodazhba/dvustaen-68m2-sofiya-oborishte/as1644251,," Оборище, София","Двустаен, 68m²","Тухла, Обзаведен",1,"['https://homes.bg/2025-08-16_2/115338898', 'https://homes.bg/2025-08-16_2/115338899', 'https://homes.bg/2025-08-16_2/115338900', 'https://homes.bg/2025-08-16_2/115338901', 'https://homes.bg/2025-08-16_2/115338902', 'https://homes.bg/2025-08-16_2/115338903', 'https://homes.bg/2025-08-16_2/115338904', 'https://homes.bg/2025-08-16_2/115338905', 'https://homes.bg/2025-08-16_2/115338906', 'https://homes.bg/2025-08-16_2/115338907']",320000.0,EUR,"4,705 EUR/m²",,,False, продажба,PropertyType.DVUSTAEN,2025-09-29 06:02:54.439042,https://www.homes.bg/api/offers?currencyId=1&filterOrderBy=0&locationId=1&typeId=ApartmentSell&neighbourhoods%5B%5D=487,213,София,10.0,['Оборище'],апартамент
1643980,as,https://homes.bg/offer/apartament-za-prodazhba/dvustaen-75m2-sofiya-oborishte/as1643980,," Оборище, София","Двустаен, 75m²","Тухла, Обзаведен, Електричество",1,"['https://homes.bg/2025-08-15_2/115325320', 'https://homes.bg/2025-08-15_2/115325321', 'https://homes.bg/2025-08-15_2/115325322', 'https://homes.bg/2025-08-15_2/115325318', 'https://homes.bg/2025-08-15_2/115325323', 'https://homes.bg/2025-08-15_2/115325319', 'https://homes.bg/2025-08-15_2/115325324', 'https://homes.bg/2025-08-15_2/115325325', 'https://homes.bg/2025-08-15_2/115325326', 'https://homes.bg/2025-08-15_2/115325327']",320000.0,EUR,"4,266 EUR/m²",,,False, продажба,PropertyType.DVUSTAEN,2025-09-29 06:02:54.439053,https://www.homes.bg/api/offers?currencyId=1&filterOrderBy=0&locationId=1&typeId=ApartmentSell&neighbourhoods%5B%5D=487,213,София,10.0,['Оборище'],апартамент
1614707,as,https://homes.bg/offer/apartament-za-prodazhba/tristaen-148m2-sofiya-oborishte/as1614707,," Оборище, София","Тристаен, 148m²","Тухла, Обзаведен, ТЕЦ",1,"['https://homes.bg/2025-08-14_2/115311697', 'https://homes.bg/2025-08-14_2/115311698', 'https://homes.bg/2025-08-14_2/115311699', 'https://homes.bg/2025-08-14_2/115311700', 'https://homes.bg/2025-08-14_2/115311701', 'https://homes.bg/2025-08-14_2/115311702', 'https://homes.bg/2025-08-14_2/115311703', 'https://homes.bg/2025-08-14_2/115311704', 'https://homes.bg/2025-08-14_2/115311705', 'https://homes.bg/2025-08-14_2/115311706']",749950.0,EUR,"5,067 EUR/m²",,,False, продажба,PropertyType.TRISTAEN,2025-09-29 06:02:54.439067,https://www.homes.bg/api/offers?currencyId=1&filterOrderBy=0&locationId=1&typeId=ApartmentSell&neighbourhoods%5B%5D=487,213,София,10.0,['Оборище'],апартамент
1567057,as,https://homes.bg/offer/apartament-za-prodazhba/ednostaen-35m2-sofiya-oborishte/as1567057,," Оборище, София","Едностаен, 35m²","Тухла, Обзаведен, Електричество",1,"['https://homes.bg/2024-05-21_1/109711733', 'https://homes.bg/2024-05-21_1/109711732', 'https://homes.bg/2024-05-21_1/109711730', 'https://homes.bg/2024-05-21_1/109711734', 'https://homes.bg/2024-05-21_1/109711731']",155000.0,EUR,"4,428 EUR/m²",,,False, продажба,PropertyType.EDNOSTAEN,2025-09-29 06:02:54.439077,https://www.homes.bg/api/offers?currencyId=1&filterOrderBy=0&locationId=1&typeId=ApartmentSell&neighbourhoods%5B%5D=487,213,София,5.0,['Оборище'],апартамент
1558596,as,https://homes.bg/offer/apartament-za-prodazhba/chetiristaen-140m2-sofiya-oborishte/as1558596,," Оборище, София","Четиристаен, 140m²",Тухла,1,"['https://homes.bg/2025-08-09_1/115256717', 'https://homes.bg/2025-08-09_1/115256718', 'https://homes.bg/2025-08-09_1/115256719', 'https://homes.bg/2025-08-09_1/115256720', 'https://homes.bg/2025-08-09_1/115256721', 'https://homes.bg/2025-08-09_1/115256722', 'https://homes.bg/2025-08-09_1/115256723', 'https://homes.bg/2025-08-09_1/115256724', 'https://homes.bg/2025-08-09_1/115256725', 'https://homes.bg/2025-08-09_1/115256726']",398500.0,EUR,"2,846 EUR/m²",,,False, продажба,PropertyType.CHETIRISTAEN,2025-09-29 06:02:54.439087,https://www.homes.bg/api/offers?currencyId=1&filterOrderBy=0&locationId=1&typeId=ApartmentSell&neighbourhoods%5B%5D=487,213,София,10.0,['Оборище'],апартамент
1637934,as,https://homes.bg/offer/apartament-za-prodazhba/tristaen-149m2-sofiya-oborishte/as1637934,," Оборище, София","Тристаен, 149m²","Тухла, Необзаведен, ТЕЦ",1,"['https://homes.bg/2025-07-10_1/114871274', 'https://homes.bg/2025-07-10_1/114871275', 'https://homes.bg/2025-07-10_1/114871276', 'https://homes.bg/2025-07-10_1/114871277']",485900.0,EUR,"3,261 EUR/m²",,,False, продажба,PropertyType.TRISTAEN,2025-09-29 06:02:54.439097,https://www.homes.bg/api/offers?currencyId=1&filterOrderBy=0&locationId=1&typeId=ApartmentSell&neighbourhoods%5B%5D=487,213,София,4.0,['Оборище'],апартамент
1637936,as,https://homes.bg/offer/apartament-za-prodazhba/tristaen-132m2-sofiya-oborishte/as1637936,," Оборище, София","Тристаен, 132m²","Тухла, Необзаведен, ТЕЦ",1,"['https://homes.bg/2025-07-10_1/114871282', 'https://homes.bg/2025-07-10_1/114871283', 'https://homes.bg/2025-07-10_1/114871284', 'https://homes.bg/2025-07-10_1/114871285']",447750.0,EUR,"3,392 EUR/m²",,,False, продажба,PropertyType.TRISTAEN,2025-09-29 06:02:54.439107,https://www.homes.bg/api/offers?currencyId=1&filterOrderBy=0&locationId=1&typeId=ApartmentSell&neighbourhoods%5B%5D=487,213,София,4.0,['Оборище'],апартамент
1621588,as,https://homes.bg/offer/apartament-za-prodazhba/tristaen-142m2-sofiya-oborishte/as1621588,," Оборище, София","Тристаен, 142m²","Тухла, Необзаведен, ТЕЦ",1,"['https://homes.bg/2025-04-09_1/113689298', 'https://homes.bg/2025-04-09_1/113689299', 'https://homes.bg/2025-04-09_1/113689300', 'https://homes.bg/2025-04-09_1/113689301']",434700.0,EUR,"3,061 EUR/m²",,,False, продажба,PropertyType.TRISTAEN,2025-09-29 06:02:54.439120,https://www.homes.bg/api/offers?currencyId=1&filterOrderBy=0&locationId=1&typeId=ApartmentSell&neighbourhoods%5B%5D=487,213,София,4.0,['Оборище'],апартамент
1637932,as,https://homes.bg/offer/apartament-za-prodazhba/tristaen-135m2-sofiya-oborishte/as1637932,," Оборище, София","Тристаен, 135m²","Тухла, Необзаведен, ТЕЦ",1,"['https://homes.bg/2025-07-10_1/114871266', 'https://homes.bg/2025-07-10_1/114871267', 'https://homes.bg/2025-07-10_1/114871268', 'https://homes.bg/2025-07-10_1/114871269']",430200.0,EUR,"3,186 EUR/m²",,,False, продажба,PropertyType.TRISTAEN,2025-09-29 06:02:54.439130,https://www.homes.bg/api/offers?currencyId=1&filterOrderBy=0&locationId=1&typeId=ApartmentSell&neighbourhoods%5B%5D=487,213,София,4.0,['Оборище'],апартамент
1637933,as,https://homes.bg/offer/apartament-za-prodazhba/tristaen-134m2-sofiya-oborishte/as1637933,," Оборище, София","Тристаен, 134m²","Тухла, Необзаведен, ТЕЦ",1,"['https://homes.bg/2025-07-10_1/114871270', 'https://homes.bg/2025-07-10_1/114871271', 'https://homes.bg/2025-07-10_1/114871272', 'https://homes.bg/2025-07-10_1/114871273']",425300.0,EUR,"3,173 EUR/m²",,,False, продажба,PropertyType.TRISTAEN,2025-09-29 06:02:54.439140,https://www.homes.bg/api/offers?currencyId=1&filterOrderBy=0&locationId=1&typeId=ApartmentSell&neighbourhoods%5B%5D=487,213,София,4.0,['Оборище'],апартамент
1637935,as,https://homes.bg/offer/apartament-za-prodazhba/tristaen-145m2-sofiya-oborishte/as1637935,," Оборище, София","Тристаен, 145m²","Тухла, Необзаведен, ТЕЦ",1,"['https://homes.bg/2025-07-10_1/114871278', 'https://homes.bg/2025-07-10_1/114871279', 'https://homes.bg/2025-07-10_1/114871280', 'https://homes.bg/2025-07-10_1/114871281']",472200.0,EUR,"3,256 EUR/m²",,,False, продажба,PropertyType.TRISTAEN,2025-09-29 06:02:54.439149,https://www.homes.bg/api/offers?currencyId=1&filterOrderBy=0&locationId=1&typeId=ApartmentSell&neighbourhoods%5B%5D=487,213,София,4.0,['Оборище'],апартамент
1498407,as,https://homes.bg/offer/apartament-za-prodazhba/mnogostaen-185m2-sofiya-oborishte/as1498407,," Оборище, София","Многостаен, 185m²","Тухла, Необзаведен, ТЕЦ",1,"['https://homes.bg/2023-06-10_1/100527975', 'https://homes.bg/2023-06-10_1/100527977', 'https://homes.bg/2023-06-10_1/100527978', 'https://homes.bg/2023-06-10_1/100527980']",699600.0,EUR,"3,781 EUR/m²",,,False, продажба,PropertyType.MNOGOSTAEN,2025-09-29 06:02:54.439159,https://www.homes.bg/api/offers?currencyId=1&filterOrderBy=0&locationId=1&typeId=ApartmentSell&neighbourhoods%5B%5D=487,213,София,4.0,['Оборище'],апартамент
1637931,as,https://homes.bg/offer/apartament-za-prodazhba/tristaen-139m2-sofiya-oborishte/as1637931,," Оборище, София","Тристаен, 139m²","Тухла, Необзаведен, ТЕЦ",1,"['https://homes.bg/2025-07-10_1/114871262', 'https://homes.bg/2025-07-10_1/114871263', 'https://homes.bg/2025-07-10_1/114871264', 'https://homes.bg/2025-07-10_1/114871265']",424850.0,EUR,"3,056 EUR/m²",,,False, продажба,PropertyType.TRISTAEN,2025-09-29 06:02:54.439169,https://www.homes.bg/api/offers?currencyId=1&filterOrderBy=0&locationId=1&typeId=ApartmentSell&neighbourhoods%5B%5D=487,213,София,4.0,['Оборище'],апартамент
1637937,as,https://homes.bg/offer/apartament-za-prodazhba/tristaen-145m2-sofiya-oborishte/as1637937,," Оборище, София","Тристаен, 145m²","Тухла, Необзаведен, ТЕЦ",1,"['https://homes.bg/2025-07-10_1/114871286', 'https://homes.bg/2025-07-10_1/114871287', 'https://homes.bg/2025-07-10_1/114871288', 'https://homes.bg/2025-07-10_1/114871289']",487500.0,EUR,"3,362 EUR/m²",,,False, продажба,PropertyType.TRISTAEN,2025-09-29 06:02:54.439179,https://www.homes.bg/api/offers?currencyId=1&filterOrderBy=0&locationId=1&typeId=ApartmentSell&neighbourhoods%5B%5D=487,213,София,4.0,['Оборище'],апартамент
1642305,as,https://homes.bg/offer/apartament-za-prodazhba/dvustaen-68m2-sofiya-oborishte/as1642305,," Оборище, София","Двустаен, 68m²","Тухла, Обзаведен, Електричество",1,"['https://homes.bg/2025-08-05_2/115194942', 'https://homes.bg/2025-08-05_2/115194945', 'https://homes.bg/2025-08-05_2/115194943', 'https://homes.bg/2025-08-05_2/115194944', 'https://homes.bg/2025-08-05_2/115194941', 'https://homes.bg/2025-08-05_2/115194940']",320000.0,EUR,"4,705 EUR/m²",,,False, продажба,PropertyType.DVUSTAEN,2025-09-29 06:02:54.439191,https://www.homes.bg/api/offers?currencyId=1&filterOrderBy=0&locationId=1&typeId=ApartmentSell&neighbourhoods%5B%5D=487,213,София,6.0,['Оборище'],апартамент
1615778,as,https://homes.bg/offer/apartament-za-prodazhba/mnogostaen-180m2-sofiya-oborishte/as1615778,," Оборище, София","Многостаен, 180m²","Тухла, ТЕЦ",1,"['https://homes.bg/2025-03-08_1/113289446', 'https://homes.bg/2025-03-08_1/113289447', 'https://homes.bg/2025-03-08_1/113289448', 'https://homes.bg/2025-03-08_1/113289449', 'https://homes.bg/2025-03-08_1/113289450', 'https://homes.bg/2025-03-08_1/113289451']",612000.0,EUR,"3,400 EUR/m²",,,False, продажба,PropertyType.MNOGOSTAEN,2025-09-29 06:02:54.439202,https://www.homes.bg/api/offers?currencyId=1&filterOrderBy=0&locationId=1&typeId=ApartmentSell&neighbourhoods%5B%5D=487,213,София,6.0,['Оборище'],апартамент
1609572,as,https://homes.bg/offer/apartament-za-prodazhba/dvustaen-65m2-sofiya-oborishte/as1609572,," Оборище, София","Двустаен, 65m²","Тухла, ТЕЦ",1,"['https://homes.bg/2025-02-01_1/112896273', 'https://homes.bg/2025-02-01_1/112896274', 'https://homes.bg/2025-02-01_1/112896275', 'https://homes.bg/2025-02-01_1/112896276', 'https://homes.bg/2025-02-01_1/112896277', 'https://homes.bg/2025-02-01_1/112896278', 'https://homes.bg/2025-02-01_1/112896279', 'https://homes.bg/2025-02-01_1/112896280']",255324.0,EUR,"3,928 EUR/m²",,,False, продажба,PropertyType.DVUSTAEN,2025-09-29 06:02:54.439214,https://www.homes.bg/api/offers?currencyId=1&filterOrderBy=0&locationId=1&typeId=ApartmentSell&neighbourhoods%5B%5D=487,213,София,8.0,['Оборище'],апартамент
1623901,as,https://homes.bg/offer/apartament-za-prodazhba/tristaen-122m2-sofiya-oborishte/as1623901,," Оборище, София","Тристаен, 122m²","Тухла, Необзаведен, Електричество",1,"['https://homes.bg/2025-07-16_2/114950485', 'https://homes.bg/2025-07-16_2/114950486', 'https://homes.bg/2025-07-16_2/114950487', 'https://homes.bg/2025-07-16_2/114950488', 'https://homes.bg/2025-07-16_2/114950489', 'https://homes.bg/2025-07-16_2/114950490', 'https://homes.bg/2025-07-16_2/114950491', 'https://homes.bg/2025-07-16_2/114950492', 'https://homes.bg/2025-07-16_2/114950493']",366090.0,EUR,"3,000 EUR/m²",,,False, продажба,PropertyType.TRISTAEN,2025-09-29 06:02:54.439225,https://www.homes.bg/api/offers?currencyId=1&filterOrderBy=0&locationId=1&typeId=ApartmentSell&neighbourhoods%5B%5D=487,213,София,9.0,['Оборище'],апартамент
1623906,as,https://homes.bg/offer/apartament-za-prodazhba/mnogostaen-171m2-sofiya-oborishte/as1623906,," Оборище, София","Многостаен, 171m²","Тухла, Необзаведен, Електричество",1,"['https://homes.bg/2025-07-16_2/114950513', 'https://homes.bg/2025-07-16_2/114950514', 'https://homes.bg/2025-07-16_2/114950515', 'https://homes.bg/2025-07-16_2/114950516', 'https://homes.bg/2025-07-16_2/114950517', 'https://homes.bg/2025-07-16_2/114950518', 'https://homes.bg/2025-07-16_2/114950519', 'https://homes.bg/2025-07-16_2/114950520', 'https://homes.bg/2025-07-16_2/114950521']",514080.0,EUR,"3,006 EUR/m²",,,False, продажба,PropertyType.MNOGOSTAEN,2025-09-29 06:02:54.439237,https://www.homes.bg/api/offers?currencyId=1&filterOrderBy=0&locationId=1&typeId=ApartmentSell&neighbourhoods%5B%5D=487,213,София,9.0,['Оборище'],апартамент
1623904,as,https://homes.bg/offer/apartament-za-prodazhba/tristaen-110m2-sofiya-oborishte/as1623904,," Оборище, София","Тристаен, 110m²","Тухла, Необзаведен, Електричество",1,"['https://homes.bg/2025-07-16_2/114950494', 'https://homes.bg/2025-07-16_2/114950495', 'https://homes.bg/2025-07-16_2/114950496', 'https://homes.bg/2025-07-16_2/114950497', 'https://homes.bg/2025-07-16_2/114950498', 'https://homes.bg/2025-07-16_2/114950499', 'https://homes.bg/2025-07-16_2/114950500', 'https://homes.bg/2025-07-16_2/114950501', 'https://homes.bg/2025-07-16_2/114950502']",332130.0,EUR,"3,019 EUR/m²",,,False, продажба,PropertyType.TRISTAEN,2025-09-29 06:02:57.781530,https://www.homes.bg/api/offers?currencyId=1&filterOrderBy=0&locationId=1&typeId=ApartmentSell&neighbourhoods%5B%5D=487,213,София,9.0,['Оборище'],апартамент
1623900,as,https://homes.bg/offer/apartament-za-prodazhba/tristaen-117m2-sofiya-oborishte/as1623900,," Оборище, София","Тристаен, 117m²","Тухла, Необзаведен, Електричество",1,"['https://homes.bg/2025-07-16_2/114950437', 'https://homes.bg/2025-07-16_2/114950438', 'https://homes.bg/2025-07-16_2/114950439', 'https://homes.bg/2025-07-16_2/114950440', 'https://homes.bg/2025-07-16_2/114950441', 'https://homes.bg/2025-07-16_2/114950442', 'https://homes.bg/2025-07-16_2/114950443', 'https://homes.bg/2025-07-16_2/114950444', 'https://homes.bg/2025-07-16_2/114950445']",353790.0,EUR,"3,023 EUR/m²",,,False, продажба,PropertyType.TRISTAEN,2025-09-29 06:02:57.781624,https://www.homes.bg/api/offers?currencyId=1&filterOrderBy=0&locationId=1&typeId=ApartmentSell&neighbourhoods%5B%5D=487,213,София,9.0,['Оборище'],апартамент
1588404,as,https://homes.bg/offer/apartament-za-prodazhba/dvustaen-81m2-sofiya-oborishte/as1588404,," Оборище, София","Двустаен, 81m²","Тухла, Обзаведен, ТЕЦ",1,"['https://homes.bg/2025-07-16_2/114950260', 'https://homes.bg/2025-07-16_2/114950261', 'https://homes.bg/2025-07-16_2/114950262', 'https://homes.bg/2025-07-16_2/114950263', 'https://homes.bg/2025-07-16_2/114950264', 'https://homes.bg/2025-07-16_2/114950265', 'https://homes.bg/2025-07-16_2/114950266', 'https://homes.bg/2025-07-16_2/114950267', 'https://homes.bg/2025-07-16_2/114950268']",330000.0,EUR,"4,074 EUR/m²",,,False, продажба,PropertyType.DVUSTAEN,2025-09-29 06:02:57.781649,https://www.homes.bg/api/offers?currencyId=1&filterOrderBy=0&locationId=1&typeId=ApartmentSell&neighbourhoods%5B%5D=487,213,София,9.0,['Оборище'],апартамент
1500725,as,https://homes.bg/offer/apartament-za-prodazhba/mnogostaen-195m2-sofiya-oborishte/as1500725,," Оборище, София","Многостаен, 195m²","Тухла, ТЕЦ",1,"['https://homes.bg/2023-06-21_1/101020479', 'https://homes.bg/2023-06-21_1/101020481', 'https://homes.bg/2023-06-21_1/101020483', 'https://homes.bg/2023-06-21_1/101020485', 'https://homes.bg/2023-06-21_1/101020487', 'https://homes.bg/2023-06-21_1/101020489', 'https://homes.bg/2023-06-21_1/101020491', 'https://homes.bg/2023-06-21_1/101020493', 'https://homes.bg/2023-06-21_1/101020494', 'https://homes.bg/2023-06-21_1/101020496']",744282.0,EUR,"3,816 EUR/m²",,,False, продажба,PropertyType.MNOGOSTAEN,2025-09-29 06:02:57.781667,https://www.homes.bg/api/offers?currencyId=1&filterOrderBy=0&locationId=1&typeId=ApartmentSell&neighbourhoods%5B%5D=487,213,София,10.0,['Оборище'],апартамент
1493253,as,https://homes.bg/offer/apartament-za-prodazhba/tristaen-143m2-sofiya-oborishte/as1493253,," Оборище, София","Тристаен, 143m²","Тухла, ТЕЦ",1,"['https://homes.bg/2023-05-17_1/99253237', 'https://homes.bg/2023-05-17_1/99253238', 'https://homes.bg/2023-05-17_1/99253239', 'https://homes.bg/2023-05-17_1/99253240', 'https://homes.bg/2023-05-17_1/99253241', 'https://homes.bg/2023-05-17_1/99253242', 'https://homes.bg/2023-05-17_1/99253243', 'https://homes.bg/2023-05-17_1/99253244', 'https://homes.bg/2023-05-17_1/99253245', 'https://homes.bg/2023-05-17_1/99253246']",521640.0,EUR,"3,647 EUR/m²",,,False, продажба,PropertyType.TRISTAEN,2025-09-29 06:02:57.781684,https://www.homes.bg/api/offers?currencyId=1&filterOrderBy=0&locationId=1&typeId=ApartmentSell&neighbourhoods%5B%5D=487,213,София,10.0,['Оборище'],апартамент
1493523,as,https://homes.bg/offer/apartament-za-prodazhba/tristaen-132m2-sofiya-oborishte/as1493523,," Оборище, София","Тристаен, 132m²","Тухла, ТЕЦ",1,"['https://homes.bg/2023-05-18_1/99303598', 'https://homes.bg/2023-05-18_1/99303599', 'https://homes.bg/2023-05-18_1/99303600', 'https://homes.bg/2023-05-18_1/99303601', 'https://homes.bg/2023-05-18_1/99303602', 'https://homes.bg/2023-05-18_1/99303603', 'https://homes.bg/2023-05-18_1/99303604', 'https://homes.bg/2023-05-18_1/99303605', 'https://homes.bg/2023-05-18_1/99303606', 'https://homes.bg/2023-05-18_1/99303607']",537300.0,EUR,"4,070 EUR/m²",,,False, продажба,PropertyType.TRISTAEN,2025-09-29 06:02:57.781705,https://www.homes.bg/api/offers?currencyId=1&filterOrderBy=0&locationId=1&typeId=ApartmentSell&neighbourhoods%5B%5D=487,213,София,10.0,['Оборище'],апартамент
1493541,as,https://homes.bg/offer/apartament-za-prodazhba/tristaen-145m2-sofiya-oborishte/as1493541,," Оборище, София","Тристаен, 145m²","Тухла, ТЕЦ",1,"['https://homes.bg/2023-05-18_1/99303754', 'https://homes.bg/2023-05-18_1/99303755', 'https://homes.bg/2023-05-18_1/99303756', 'https://homes.bg/2023-05-18_1/99303757', 'https://homes.bg/2023-05-18_1/99303758', 'https://homes.bg/2023-05-18_1/99303759', 'https://homes.bg/2023-05-18_1/99303760', 'https://homes.bg/2023-05-18_1/99303761', 'https://homes.bg/2023-05-18_1/99303762', 'https://homes.bg/2023-05-18_1/99303763']",585000.0,EUR,"4,034 EUR/m²",,,False, продажба,PropertyType.TRISTAEN,2025-09-29 06:02:57.781757,https://www.homes.bg/api/offers?currencyId=1&filterOrderBy=0&locationId=1&typeId=ApartmentSell&neighbourhoods%5B%5D=487,213,София,10.0,['Оборище'],апартамент
1493536,as,https://homes.bg/offer/apartament-za-prodazhba/tristaen-134m2-sofiya-oborishte/as1493536,," Оборище, София","Тристаен, 134m²","Тухла, ТЕЦ",1,"['https://homes.bg/2023-05-18_1/99303706', 'https://homes.bg/2023-05-18_1/99303707', 'https://homes.bg/2023-05-18_1/99303708', 'https://homes.bg/2023-05-18_1/99303709', 'https://homes.bg/2023-05-18_1/99303710', 'https://homes.bg/2023-05-18_1/99303711', 'https://homes.bg/2023-05-18_1/99303712', 'https://homes.bg/2023-05-18_1/99303713', 'https://homes.bg/2023-05-18_1/99303714', 'https://homes.bg/2023-05-18_1/99303715']",510360.0,EUR,"3,808 EUR/m²",,,False, продажба,PropertyType.TRISTAEN,2025-09-29 06:02:57.781779,https://www.homes.bg/api/offers?currencyId=1&filterOrderBy=0&locationId=1&typeId=ApartmentSell&neighbourhoods%5B%5D=487,213,София,10.0,['Оборище'],апартамент
1494491,as,https://homes.bg/offer/apartament-za-prodazhba/mnogostaen-178m2-sofiya-oborishte/as1494491,," Оборище, София","Многостаен, 178m²","Тухла, ТЕЦ",1,"['https://homes.bg/2023-05-23_1/99592265', 'https://homes.bg/2023-05-23_1/99592267', 'https://homes.bg/2023-05-23_1/99592269', 'https://homes.bg/2023-05-23_1/99592271', 'https://homes.bg/2023-05-23_1/99592273', 'https://homes.bg/2023-05-23_1/99592275', 'https://homes.bg/2023-05-23_1/99592277', 'https://homes.bg/2023-05-23_1/99592279', 'https://homes.bg/2023-05-23_1/99592282', 'https://homes.bg/2023-05-23_1/99592283']",647640.0,EUR,"3,638 EUR/m²",,,False, продажба,PropertyType.MNOGOSTAEN,2025-09-29 06:02:57.781800,https://www.homes.bg/api/offers?currencyId=1&filterOrderBy=0&locationId=1&typeId=ApartmentSell&neighbourhoods%5B%5D=487,213,София,10.0,['Оборище'],апартамент
1499298,as,https://homes.bg/offer/apartament-za-prodazhba/mnogostaen-180m2-sofiya-oborishte/as1499298,," Оборище, София","Многостаен, 180m²","Тухла, ТЕЦ",1,"['https://homes.bg/2023-06-15_1/100702418', 'https://homes.bg/2023-06-15_1/100702419', 'https://homes.bg/2023-06-15_1/100702420', 'https://homes.bg/2023-06-15_1/100702421', 'https://homes.bg/2023-06-15_1/100702422', 'https://homes.bg/2023-06-15_1/100702423', 'https://homes.bg/2023-06-15_1/100702424', 'https://homes.bg/2023-06-15_1/100702425', 'https://homes.bg/2023-06-15_1/100702426', 'https://homes.bg/2023-06-15_1/100702427']",691560.0,EUR,"3,842 EUR/m²",,,False, продажба,PropertyType.MNOGOSTAEN,2025-09-29 06:02:57.781816,https://www.homes.bg/api/offers?currencyId=1&filterOrderBy=0&locationId=1&typeId=ApartmentSell&neighbourhoods%5B%5D=487,213,София,10.0,['Оборище'],апартамент
1499302,as,https://homes.bg/offer/apartament-za-prodazhba/mnogostaen-179m2-sofiya-oborishte/as1499302,," Оборище, София","Многостаен, 179m²","Тухла, ТЕЦ",1,"['https://homes.bg/2023-06-15_1/100702458', 'https://homes.bg/2023-06-15_1/100702459', 'https://homes.bg/2023-06-15_1/100702460', 'https://homes.bg/2023-06-15_1/100702461', 'https://homes.bg/2023-06-15_1/100702462', 'https://homes.bg/2023-06-15_1/100702463', 'https://homes.bg/2023-06-15_1/100702464', 'https://homes.bg/2023-06-15_1/100702465', 'https://homes.bg/2023-06-15_1/100702466', 'https://homes.bg/2023-06-15_1/100702467']",770868.0,EUR,"4,306 EUR/m²",,,False, продажба,PropertyType.MNOGOSTAEN,2025-09-29 06:02:57.781831,https://www.homes.bg/api/offers?currencyId=1&filterOrderBy=0&locationId=1&typeId=ApartmentSell&neighbourhoods%5B%5D=487,213,София,10.0,['Оборище'],апартамент
1499002,as,https://homes.bg/offer/apartament-za-prodazhba/mnogostaen-148m2-sofiya-oborishte/as1499002,," Оборище, София","Многостаен, 148m²","Тухла, ТЕЦ",1,"['https://homes.bg/2023-06-14_1/100698167', 'https://homes.bg/2023-06-14_1/100698168', 'https://homes.bg/2023-06-14_1/100698169', 'https://homes.bg/2023-06-14_1/100698170', 'https://homes.bg/2023-06-14_1/100698171', 'https://homes.bg/2023-06-14_1/100698172', 'https://homes.bg/2023-06-14_1/100698173', 'https://homes.bg/2023-06-14_1/100698174', 'https://homes.bg/2023-06-14_1/100698175', 'https://homes.bg/2023-06-14_1/100698176']",639360.0,EUR,"4,320 EUR/m²",,,False, продажба,PropertyType.MNOGOSTAEN,2025-09-29 06:02:57.781846,https://www.homes.bg/api/offers?currencyId=1&filterOrderBy=0&locationId=1&typeId=ApartmentSell&neighbourhoods%5B%5D=487,213,София,10.0,['Оборище'],апартамент
1499006,as,https://homes.bg/offer/apartament-za-prodazhba/mnogostaen-155m2-sofiya-oborishte/as1499006,," Оборище, София","Многостаен, 155m²","Тухла, ТЕЦ",1,"['https://homes.bg/2023-06-14_1/100698203', 'https://homes.bg/2023-06-14_1/100698204', 'https://homes.bg/2023-06-14_1/100698205', 'https://homes.bg/2023-06-14_1/100698206', 'https://homes.bg/2023-06-14_1/100698207', 'https://homes.bg/2023-06-14_1/100698208', 'https://homes.bg/2023-06-14_1/100698209', 'https://homes.bg/2023-06-14_1/100698210', 'https://homes.bg/2023-06-14_1/100698211', 'https://homes.bg/2023-06-14_1/100698212']",714000.0,EUR,"4,606 EUR/m²",,,False, продажба,PropertyType.MNOGOSTAEN,2025-09-29 06:02:57.781865,https://www.homes.bg/api/offers?currencyId=1&filterOrderBy=0&locationId=1&typeId=ApartmentSell&neighbourhoods%5B%5D=487,213,София,10.0,['Оборище'],апартамент
1500437,as,https://homes.bg/offer/apartament-za-prodazhba/mnogostaen-177m2-sofiya-oborishte/as1500437,," Оборище, София","Многостаен, 177m²","Тухла, ТЕЦ",1,"['https://homes.bg/2023-06-20_1/100968740', 'https://homes.bg/2023-06-20_1/100968742', 'https://homes.bg/2023-06-20_1/100968744', 'https://homes.bg/2023-06-20_1/100968746', 'https://homes.bg/2023-06-20_1/100968748', 'https://homes.bg/2023-06-20_1/100968750', 'https://homes.bg/2023-06-20_1/100968752', 'https://homes.bg/2023-06-20_1/100968754', 'https://homes.bg/2023-06-20_1/100968756', 'https://homes.bg/2023-06-20_1/100968758']",816072.0,EUR,"4,610 EUR/m²",,,False, продажба,PropertyType.MNOGOSTAEN,2025-09-29 06:02:57.781881,https://www.homes.bg/api/offers?currencyId=1&filterOrderBy=0&locationId=1&typeId=ApartmentSell&neighbourhoods%5B%5D=487,213,София,10.0,['Оборище'],апартамент
1493529,as,https://homes.bg/offer/apartament-za-prodazhba/tristaen-149m2-sofiya-oborishte/as1493529,," Оборище, София","Тристаен, 149m²","Тухла, ТЕЦ",1,"['https://homes.bg/2023-05-18_1/99303640', 'https://homes.bg/2023-05-18_1/99303641', 'https://homes.bg/2023-05-18_1/99303642', 'https://homes.bg/2023-05-18_1/99303643', 'https://homes.bg/2023-05-18_1/99303644', 'https://homes.bg/2023-05-18_1/99303645', 'https://homes.bg/2023-05-18_1/99303646', 'https://homes.bg/2023-05-18_1/99303647', 'https://homes.bg/2023-05-18_1/99303648', 'https://homes.bg/2023-05-18_1/99303649']",583080.0,EUR,"3,913 EUR/m²",,,False, продажба,PropertyType.TRISTAEN,2025-09-29 06:02:57.781897,https://www.homes.bg/api/offers?currencyId=1&filterOrderBy=0&locationId=1&typeId=ApartmentSell&neighbourhoods%5B%5D=487,213,София,10.0,['Оборище'],апартамент
1494485,as,https://homes.bg/offer/apartament-za-prodazhba/mnogostaen-176m2-sofiya-oborishte/as1494485,," Оборище, София","Многостаен, 176m²","Тухла, ТЕЦ",1,"['https://homes.bg/2023-05-23_1/99592158', 'https://homes.bg/2023-05-23_1/99592160', 'https://homes.bg/2023-05-23_1/99592162', 'https://homes.bg/2023-05-23_1/99592164', 'https://homes.bg/2023-05-23_1/99592167', 'https://homes.bg/2023-05-23_1/99592169', 'https://homes.bg/2023-05-23_1/99592170', 'https://homes.bg/2023-05-23_1/99592172', 'https://homes.bg/2023-05-23_1/99592174', 'https://homes.bg/2023-05-23_1/99592176']",638040.0,EUR,"3,625 EUR/m²",,,False, продажба,PropertyType.MNOGOSTAEN,2025-09-29 06:02:57.781911,https://www.homes.bg/api/offers?currencyId=1&filterOrderBy=0&locationId=1&typeId=ApartmentSell&neighbourhoods%5B%5D=487,213,София,10.0,['Оборище'],апартамент
1500719,as,https://homes.bg/offer/apartament-za-prodazhba/mnogostaen-195m2-sofiya-oborishte/as1500719,," Оборище, София","Многостаен, 195m²","Тухла, ТЕЦ",1,"['https://homes.bg/2023-06-21_1/101020364', 'https://homes.bg/2023-06-21_1/101020366', 'https://homes.bg/2023-06-21_1/101020368', 'https://homes.bg/2023-06-21_1/101020370', 'https://homes.bg/2023-06-21_1/101020372', 'https://homes.bg/2023-06-21_1/101020373', 'https://homes.bg/2023-06-21_1/101020375', 'https://homes.bg/2023-06-21_1/101020377', 'https://homes.bg/2023-06-21_1/101020379', 'https://homes.bg/2023-06-21_1/101020381']",692148.0,EUR,"3,549 EUR/m²",,,False, продажба,PropertyType.MNOGOSTAEN,2025-09-29 06:02:57.781926,https://www.homes.bg/api/offers?currencyId=1&filterOrderBy=0&locationId=1&typeId=ApartmentSell&neighbourhoods%5B%5D=487,213,София,10.0,['Оборище'],апартамент
1495162,as,https://homes.bg/offer/apartament-za-prodazhba/mnogostaen-191m2-sofiya-oborishte/as1495162,," Оборище, София","Многостаен, 191m²","Тухла, ТЕЦ",1,"['https://homes.bg/2023-05-26_1/99743309', 'https://homes.bg/2023-05-26_1/99743311', 'https://homes.bg/2023-05-26_1/99743313', 'https://homes.bg/2023-05-26_1/99743315', 'https://homes.bg/2023-05-26_1/99743317', 'https://homes.bg/2023-05-26_1/99743319', 'https://homes.bg/2023-05-26_1/99743321', 'https://homes.bg/2023-05-26_1/99743323', 'https://homes.bg/2023-05-26_1/99743325', 'https://homes.bg/2023-05-26_1/99743327']",653148.0,EUR,"3,419 EUR/m²",,,False, продажба,PropertyType.MNOGOSTAEN,2025-09-29 06:02:57.781941,https://www.homes.bg/api/offers?currencyId=1&filterOrderBy=0&locationId=1&typeId=ApartmentSell&neighbourhoods%5B%5D=487,213,София,10.0,['Оборище'],апартамент
1628297,as,https://homes.bg/offer/apartament-za-prodazhba/mnogostaen-150m2-sofiya-oborishte/as1628297,," Оборище, София","Многостаен, 150m²","Тухла, ТЕЦ",1,"['https://homes.bg/2025-05-18_1/114184465', 'https://homes.bg/2025-05-18_1/114184466', 'https://homes.bg/2025-05-18_1/114184467', 'https://homes.bg/2025-05-18_1/114184468', 'https://homes.bg/2025-05-18_1/114184469', 'https://homes.bg/2025-05-18_1/114184470', 'https://homes.bg/2025-05-18_1/114184471', 'https://homes.bg/2025-05-18_1/114184472', 'https://homes.bg/2025-05-18_1/114184473', 'https://homes.bg/2025-05-18_1/114184474']",751200.0,EUR,"5,008 EUR/m²",,,False, продажба,PropertyType.MNOGOSTAEN,2025-09-29 06:02:57.781956,https://www.homes.bg/api/offers?currencyId=1&filterOrderBy=0&locationId=1&typeId=ApartmentSell&neighbourhoods%5B%5D=487,213,София,10.0,['Оборище'],апартамент
1493254,as,https://homes.bg/offer/apartament-za-prodazhba/tristaen-135m2-sofiya-oborishte/as1493254,," Оборище, София","Тристаен, 135m²","Тухла, ТЕЦ",1,"['https://homes.bg/2023-05-17_1/99253247', 'https://homes.bg/2023-05-17_1/99253248', 'https://homes.bg/2023-05-17_1/99253249', 'https://homes.bg/2023-05-17_1/99253250', 'https://homes.bg/2023-05-17_1/99253251', 'https://homes.bg/2023-05-17_1/99253252', 'https://homes.bg/2023-05-17_1/99253253', 'https://homes.bg/2023-05-17_1/99253254', 'https://homes.bg/2023-05-17_1/99253255', 'https://homes.bg/2023-05-17_1/99253256']",516240.0,EUR,"3,824 EUR/m²",,,False, продажба,PropertyType.TRISTAEN,2025-09-29 06:02:57.781971,https://www.homes.bg/api/offers?currencyId=1&filterOrderBy=0&locationId=1&typeId=ApartmentSell&neighbourhoods%5B%5D=487,213,София,10.0,['Оборище'],апартамент
1493535,as,https://homes.bg/offer/apartament-za-prodazhba/tristaen-139m2-sofiya-oborishte/as1493535,," Оборище, София","Тристаен, 139m²","Тухла, ТЕЦ",1,"['https://homes.bg/2023-05-18_1/99303696', 'https://homes.bg/2023-05-18_1/99303697', 'https://homes.bg/2023-05-18_1/99303698', 'https://homes.bg/2023-05-18_1/99303699', 'https://homes.bg/2023-05-18_1/99303700', 'https://homes.bg/2023-05-18_1/99303701', 'https://homes.bg/2023-05-18_1/99303702', 'https://homes.bg/2023-05-18_1/99303703', 'https://homes.bg/2023-05-18_1/99303704', 'https://homes.bg/2023-05-18_1/99303705']",509820.0,EUR,"3,667 EUR/m²",,,False, продажба,PropertyType.TRISTAEN,2025-09-29 06:02:57.781986,https://www.homes.bg/api/offers?currencyId=1&filterOrderBy=0&locationId=1&typeId=ApartmentSell&neighbourhoods%5B%5D=487,213,София,10.0,['Оборище'],апартамент
1493539,as,https://homes.bg/offer/apartament-za-prodazhba/tristaen-145m2-sofiya-oborishte/as1493539,," Оборище, София","Тристаен, 145m²","Тухла, ТЕЦ",1,"['https://homes.bg/2023-05-18_1/99303734', 'https://homes.bg/2023-05-18_1/99303735', 'https://homes.bg/2023-05-18_1/99303736', 'https://homes.bg/2023-05-18_1/99303737', 'https://homes.bg/2023-05-18_1/99303738', 'https://homes.bg/2023-05-18_1/99303739', 'https://homes.bg/2023-05-18_1/99303740', 'https://homes.bg/2023-05-18_1/99303741', 'https://homes.bg/2023-05-18_1/99303742', 'https://homes.bg/2023-05-18_1/99303743']",566640.0,EUR,"3,907 EUR/m²",,,False, продажба,PropertyType.TRISTAEN,2025-09-29 06:02:57.782000,https://www.homes.bg/api/offers?currencyId=1&filterOrderBy=0&locationId=1&typeId=ApartmentSell&neighbourhoods%5B%5D=487,213,София,10.0,['Оборище'],апартамент
1500722,as,https://homes.bg/offer/apartament-za-prodazhba/mnogostaen-195m2-sofiya-oborishte/as1500722,," Оборище, София","Многостаен, 195m²","Тухла, ТЕЦ",1,"['https://homes.bg/2023-06-21_1/101020422', 'https://homes.bg/2023-06-21_1/101020423', 'https://homes.bg/2023-06-21_1/101020425', 'https://homes.bg/2023-06-21_1/101020427', 'https://homes.bg/2023-06-21_1/101020429', 'https://homes.bg/2023-06-21_1/101020431', 'https://homes.bg/2023-06-21_1/101020433', 'https://homes.bg/2023-06-21_1/101020435', 'https://homes.bg/2023-06-21_1/101020437', 'https://homes.bg/2023-06-21_1/101020439']",715008.0,EUR,"3,666 EUR/m²",,,False, продажба,PropertyType.MNOGOSTAEN,2025-09-29 06:02:57.782015,https://www.homes.bg/api/offers?currencyId=1&filterOrderBy=0&locationId=1&typeId=ApartmentSell&neighbourhoods%5B%5D=487,213,София,10.0,['Оборище'],апартамент
1501626,as,https://homes.bg/offer/apartament-za-prodazhba/mnogostaen-195m2-sofiya-oborishte/as1501626,," Оборище, София","Многостаен, 195m²","Тухла, ТЕЦ",1,"['https://homes.bg/2023-06-24_1/101173658', 'https://homes.bg/2023-06-24_1/101173660', 'https://homes.bg/2023-06-24_1/101173662', 'https://homes.bg/2023-06-24_1/101173664', 'https://homes.bg/2023-06-24_1/101173666', 'https://homes.bg/2023-06-24_1/101173668', 'https://homes.bg/2023-06-24_1/101173670', 'https://homes.bg/2023-06-24_1/101173672', 'https://homes.bg/2023-06-24_1/101173674', 'https://homes.bg/2023-06-24_1/101173676']",763164.0,EUR,"3,913 EUR/m²",,,False, продажба,PropertyType.MNOGOSTAEN,2025-09-29 06:02:57.782029,https://www.homes.bg/api/offers?currencyId=1&filterOrderBy=0&locationId=1&typeId=ApartmentSell&neighbourhoods%5B%5D=487,213,София,10.0,['Оборище'],апартамент
1630107,as,https://homes.bg/offer/apartament-za-prodazhba/tristaen-118m2-sofiya-oborishte/as1630107,," Оборище, София","Тристаен, 118m²","Тухла, Необзаведен, ТЕЦ",1,"['https://homes.bg/2025-07-09_2/114858580', 'https://homes.bg/2025-07-09_2/114858581', 'https://homes.bg/2025-07-09_2/114858582', 'https://homes.bg/2025-07-09_2/114858583', 'https://homes.bg/2025-07-09_2/114858584', 'https://homes.bg/2025-07-09_2/114858585', 'https://homes.bg/2025-07-09_2/114858586']",375000.0,EUR,"3,177 EUR/m²",,,False, продажба,PropertyType.TRISTAEN,2025-09-29 06:02:57.782044,https://www.homes.bg/api/offers?currencyId=1&filterOrderBy=0&locationId=1&typeId=ApartmentSell&neighbourhoods%5B%5D=487,213,София,7.0,['Оборище'],апартамент
1621775,as,https://homes.bg/offer/apartament-za-prodazhba/mnogostaen-326m2-sofiya-oborishte/as1621775,," Оборище, София","Многостаен, 326m²","Тухла, ТЕЦ",1,"['https://homes.bg/2025-04-10_1/113706638', 'https://homes.bg/2025-04-10_1/113706639', 'https://homes.bg/2025-04-10_1/113706640', 'https://homes.bg/2025-04-10_1/113706641', 'https://homes.bg/2025-04-10_1/113706642', 'https://homes.bg/2025-04-10_1/113706643', 'https://homes.bg/2025-04-10_1/113706644']",1645459.0,EUR,"5,047 EUR/m²",,,False, продажба,PropertyType.MNOGOSTAEN,2025-09-29 06:02:57.782060,https://www.homes.bg/api/offers?currencyId=1&filterOrderBy=0&locationId=1&typeId=ApartmentSell&neighbourhoods%5B%5D=487,213,София,7.0,['Оборище'],апартамент
1621777,as,https://homes.bg/offer/apartament-za-prodazhba/mnogostaen-190m2-sofiya-oborishte/as1621777,," Оборище, София","Многостаен, 190m²","Тухла, ТЕЦ",1,"['https://homes.bg/2025-04-10_1/113706652', 'https://homes.bg/2025-04-10_1/113706653', 'https://homes.bg/2025-04-10_1/113706654', 'https://homes.bg/2025-04-10_1/113706655', 'https://homes.bg/2025-04-10_1/113706656', 'https://homes.bg/2025-04-10_1/113706657', 'https://homes.bg/2025-04-10_1/113706658', 'https://homes.bg/2025-04-10_1/113706659']",544290.0,EUR,"2,864 EUR/m²",,,False, продажба,PropertyType.MNOGOSTAEN,2025-09-29 06:02:57.782077,https://www.homes.bg/api/offers?currencyId=1&filterOrderBy=0&locationId=1&typeId=ApartmentSell&neighbourhoods%5B%5D=487,213,София,8.0,['Оборище'],апартамент
1621779,as,https://homes.bg/offer/apartament-za-prodazhba/mnogostaen-194m2-sofiya-oborishte/as1621779,," Оборище, София","Многостаен, 194m²","Тухла, ТЕЦ",1,"['https://homes.bg/2025-04-10_1/113706668', 'https://homes.bg/2025-04-10_1/113706669', 'https://homes.bg/2025-04-10_1/113706670', 'https://homes.bg/2025-04-10_1/113706671', 'https://homes.bg/2025-04-10_1/113706672', 'https://homes.bg/2025-04-10_1/113706673', 'https://homes.bg/2025-04-10_1/113706674', 'https://homes.bg/2025-04-10_1/113706675']",595840.0,EUR,"3,071 EUR/m²",,,False, продажба,PropertyType.MNOGOSTAEN,2025-09-29 06:02:57.782098,https://www.homes.bg/api/offers?currencyId=1&filterOrderBy=0&locationId=1&typeId=ApartmentSell&neighbourhoods%5B%5D=487,213,София,8.0,['Оборище'],апартамент
1621780,as,https://homes.bg/offer/apartament-za-prodazhba/mnogostaen-196m2-sofiya-oborishte/as1621780,," Оборище, София","Многостаен, 196m²","Тухла, ТЕЦ",1,"['https://homes.bg/2025-04-10_1/113706676', 'https://homes.bg/2025-04-10_1/113706677', 'https://homes.bg/2025-04-10_1/113706678', 'https://homes.bg/2025-04-10_1/113706679', 'https://homes.bg/2025-04-10_1/113706680', 'https://homes.bg/2025-04-10_1/113706681', 'https://homes.bg/2025-04-10_1/113706682', 'https://homes.bg/2025-04-10_1/113706683']",620235.0,EUR,"3,164 EUR/m²",,,False, продажба,PropertyType.MNOGOSTAEN,2025-09-29 06:02:57.782114,https://www.homes.bg/api/offers?currencyId=1&filterOrderBy=0&locationId=1&typeId=ApartmentSell&neighbourhoods%5B%5D=487,213,София,8.0,['Оборище'],апартамент
1621782,as,https://homes.bg/offer/apartament-za-prodazhba/mnogostaen-187m2-sofiya-oborishte/as1621782,," Оборище, София","Многостаен, 187m²","Тухла, ТЕЦ",1,"['https://homes.bg/2025-04-10_1/113706692', 'https://homes.bg/2025-04-10_1/113706693', 'https://homes.bg/2025-04-10_1/113706694', 'https://homes.bg/2025-04-10_1/113706695', 'https://homes.bg/2025-04-10_1/113706696', 'https://homes.bg/2025-04-10_1/113706697', 'https://homes.bg/2025-04-10_1/113706698', 'https://homes.bg/2025-04-10_1/113706699']",626000.0,EUR,"3,347 EUR/m²",,,False, продажба,PropertyType.MNOGOSTAEN,2025-09-29 06:02:57.782129,https://www.homes.bg/api/offers?currencyId=1&filterOrderBy=0&locationId=1&typeId=ApartmentSell&neighbourhoods%5B%5D=487,213,София,8.0,['Оборище'],апартамент
1621783,as,https://homes.bg/offer/apartament-za-prodazhba/dvustaen-65m2-sofiya-oborishte/as1621783,," Оборище, София","Двустаен, 65m²","Тухла, ТЕЦ",1,"['https://homes.bg/2025-04-10_1/113706700', 'https://homes.bg/2025-04-10_1/113706701', 'https://homes.bg/2025-04-10_1/113706702', 'https://homes.bg/2025-04-10_1/113706703', 'https://homes.bg/2025-04-10_1/113706704', 'https://homes.bg/2025-04-10_1/113706705', 'https://homes.bg/2025-04-10_1/113706706', 'https://homes.bg/2025-04-10_1/113706707']",212770.0,EUR,"3,273 EUR/m²",,,False, продажба,PropertyType.DVUSTAEN,2025-09-29 06:02:57.782143,https://www.homes.bg/api/offers?currencyId=1&filterOrderBy=0&locationId=1&typeId=ApartmentSell&neighbourhoods%5B%5D=487,213,София,8.0,['Оборище'],апартамент
1621781,as,https://homes.bg/offer/apartament-za-prodazhba/mnogostaen-195m2-sofiya-oborishte/as1621781,," Оборище, София","Многостаен, 195m²","Тухла, ТЕЦ",1,"['https://homes.bg/2025-04-10_1/113706684', 'https://homes.bg/2025-04-10_1/113706685', 'https://homes.bg/2025-04-10_1/113706686', 'https://homes.bg/2025-04-10_1/113706687', 'https://homes.bg/2025-04-10_1/113706688', 'https://homes.bg/2025-04-10_1/113706689', 'https://homes.bg/2025-04-10_1/113706690', 'https://homes.bg/2025-04-10_1/113706691']",635970.0,EUR,"3,261 EUR/m²",,,False, продажба,PropertyType.MNOGOSTAEN,2025-09-29 06:02:57.782160,https://www.homes.bg/api/offers?currencyId=1&filterOrderBy=0&locationId=1&typeId=ApartmentSell&neighbourhoods%5B%5D=487,213,София,8.0,['Оборище'],апартамент
1621776,as,https://homes.bg/offer/apartament-za-prodazhba/mnogostaen-196m2-sofiya-oborishte/as1621776,," Оборище, София","Многостаен, 196m²","Тухла, ТЕЦ",1,"['https://homes.bg/2025-04-10_1/113706645', 'https://homes.bg/2025-04-10_1/113706646', 'https://homes.bg/2025-04-10_1/113706647', 'https://homes.bg/2025-04-10_1/113706648', 'https://homes.bg/2025-04-10_1/113706649', 'https://homes.bg/2025-04-10_1/113706650', 'https://homes.bg/2025-04-10_1/113706651']",991973.0,EUR,"5,061 EUR/m²",,,False, продажба,PropertyType.MNOGOSTAEN,2025-09-29 06:02:57.782175,https://www.homes.bg/api/offers?currencyId=1&filterOrderBy=0&locationId=1&typeId=ApartmentSell&neighbourhoods%5B%5D=487,213,София,7.0,['Оборище'],апартамент
1621778,as,https://homes.bg/offer/apartament-za-prodazhba/mnogostaen-194m2-sofiya-oborishte/as1621778,," Оборище, София","Многостаен, 194m²","Тухла, ТЕЦ",1,"['https://homes.bg/2025-04-10_1/113706660', 'https://homes.bg/2025-04-10_1/113706661', 'https://homes.bg/2025-04-10_1/113706662', 'https://homes.bg/2025-04-10_1/113706663', 'https://homes.bg/2025-04-10_1/113706664', 'https://homes.bg/2025-04-10_1/113706665', 'https://homes.bg/2025-04-10_1/113706666', 'https://homes.bg/2025-04-10_1/113706667']",576790.0,EUR,"2,973 EUR/m²",,,False, продажба,PropertyType.MNOGOSTAEN,2025-09-29 06:02:57.782189,https://www.homes.bg/api/offers?currencyId=1&filterOrderBy=0&locationId=1&typeId=ApartmentSell&neighbourhoods%5B%5D=487,213,София,8.0,['Оборище'],апартамент
1570751,as,https://homes.bg/offer/apartament-za-prodazhba/dvustaen-63m2-sofiya-oborishte/as1570751,," Оборище, София","Двустаен, 63m²",Тухла,1,"['https://homes.bg/2025-07-04_2/114799239', 'https://homes.bg/2025-07-04_2/114799240', 'https://homes.bg/2025-07-04_2/114799241']",173250.0,EUR,"2,750 EUR/m²",,,False, продажба,PropertyType.DVUSTAEN,2025-09-29 06:02:57.782203,https://www.homes.bg/api/offers?currencyId=1&filterOrderBy=0&locationId=1&typeId=ApartmentSell&neighbourhoods%5B%5D=487,213,София,3.0,['Оборище'],апартамент
1634640,as,https://homes.bg/offer/apartament-za-prodazhba/tristaen-81m2-sofiya-oborishte/as1634640,," Оборище, София","Тристаен, 81m²","Тухла, Обзаведен, ТЕЦ",1,"['https://homes.bg/2025-06-21_2/114645914', 'https://homes.bg/2025-06-21_2/114645915', 'https://homes.bg/2025-06-21_2/114645916', 'https://homes.bg/2025-06-21_2/114645917', 'https://homes.bg/2025-06-21_2/114645918', 'https://homes.bg/2025-06-21_2/114645919', 'https://homes.bg/2025-06-21_2/114645920', 'https://homes.bg/2025-06-21_2/114645921', 'https://homes.bg/2025-06-21_2/114645922', 'https://homes.bg/2025-06-21_2/114645923']",328000.0,EUR,"4,049 EUR/m²",,,False, продажба,PropertyType.TRISTAEN,2025-09-29 06:02:57.782220,https://www.homes.bg/api/offers?currencyId=1&filterOrderBy=0&locationId=1&typeId=ApartmentSell&neighbourhoods%5B%5D=487,213,София,10.0,['Оборище'],апартамент
1629052,as,https://homes.bg/offer/apartament-za-prodazhba/ednostaen-42m2-sofiya-oborishte/as1629052,," Оборище, София","Едностаен, 42m²","Тухла, Обзаведен, ТЕЦ",1,"['https://homes.bg/2025-06-19_2/114610458', 'https://homes.bg/2025-06-19_2/114610459', 'https://homes.bg/2025-06-19_2/114610460']",135000.0,EUR,"3,214 EUR/m²",,,False, продажба,PropertyType.EDNOSTAEN,2025-09-29 06:02:57.782243,https://www.homes.bg/api/offers?currencyId=1&filterOrderBy=0&locationId=1&typeId=ApartmentSell&neighbourhoods%5B%5D=487,213,София,3.0,['Оборище'],апартамент
1625548,as,https://homes.bg/offer/apartament-za-prodazhba/tristaen-137m2-sofiya-oborishte/as1625548,," Оборище, София","Тристаен, 137m²","Тухла, Полуобзаведен, Електричество",1,"['https://homes.bg/2025-06-17_2/114584076', 'https://homes.bg/2025-06-17_2/114584077', 'https://homes.bg/2025-06-17_2/114584078', 'https://homes.bg/2025-06-17_2/114584079', 'https://homes.bg/2025-06-17_2/114584080', 'https://homes.bg/2025-06-17_2/114584081', 'https://homes.bg/2025-06-17_2/114584082', 'https://homes.bg/2025-06-17_2/114584083', 'https://homes.bg/2025-06-17_2/114584084', 'https://homes.bg/2025-06-17_2/114584085']",450000.0,EUR,"3,284 EUR/m²",,,False, продажба,PropertyType.TRISTAEN,2025-09-29 06:02:57.782258,https://www.homes.bg/api/offers?currencyId=1&filterOrderBy=0&locationId=1&typeId=ApartmentSell&neighbourhoods%5B%5D=487,213,София,10.0,['Оборище'],апартамент
1627338,as,https://homes.bg/offer/apartament-za-prodazhba/tristaen-100m2-sofiya-oborishte/as1627338,," Оборище, София","Тристаен, 100m²","Тухла, Необзаведен, Прокарва се",1,"['https://homes.bg/2025-05-13_1/114106088', 'https://homes.bg/2025-05-13_1/114106089', 'https://homes.bg/2025-05-13_1/114106090', 'https://homes.bg/2025-05-13_1/114106091', 'https://homes.bg/2025-05-13_1/114106092', 'https://homes.bg/2025-05-13_1/114106093', 'https://homes.bg/2025-05-13_1/114106094', 'https://homes.bg/2025-05-13_1/114106095']",266000.0,EUR,"2,660 EUR/m²",,,False, продажба,PropertyType.TRISTAEN,2025-09-29 06:02:57.782273,https://www.homes.bg/api/offers?currencyId=1&filterOrderBy=0&locationId=1&typeId=ApartmentSell&neighbourhoods%5B%5D=487,213,София,8.0,['Оборище'],апартамент
1580430,as,https://homes.bg/offer/apartament-za-prodazhba/tristaen-73m2-sofiya-oborishte/as1580430,," Оборище, София","Тристаен, 73m²","Тухла, Полуобзаведен, ТЕЦ",1,"['https://homes.bg/2025-06-05_2/114431327', 'https://homes.bg/2025-06-05_2/114431328', 'https://homes.bg/2025-06-05_2/114431329', 'https://homes.bg/2025-06-05_2/114431330', 'https://homes.bg/2025-06-05_2/114431331', 'https://homes.bg/2025-06-05_2/114431332', 'https://homes.bg/2025-06-05_2/114431333', 'https://homes.bg/2025-06-05_2/114431334', 'https://homes.bg/2025-06-05_2/114431335', 'https://homes.bg/2025-06-05_2/114431336']",219000.0,EUR,"3,000 EUR/m²",,,False, продажба,PropertyType.TRISTAEN,2025-09-29 06:02:57.782285,https://www.homes.bg/api/offers?currencyId=1&filterOrderBy=0&locationId=1&typeId=ApartmentSell&neighbourhoods%5B%5D=487,213,София,10.0,['Оборище'],апартамент
1600544,as,https://homes.bg/offer/apartament-za-prodazhba/tristaen-68m2-sofiya-oborishte/as1600544,," Оборище, София","Тристаен, 68m²","Тухла, Обзаведен, ТЕЦ",1,"['https://homes.bg/2024-11-23_2/112174016', 'https://homes.bg/2024-11-23_2/112174017', 'https://homes.bg/2024-11-23_2/112174018', 'https://homes.bg/2024-11-23_2/112174019', 'https://homes.bg/2024-11-23_2/112174020', 'https://homes.bg/2024-11-23_2/112174021', 'https://homes.bg/2024-11-23_2/112174022', 'https://homes.bg/2024-11-23_2/112174024', 'https://homes.bg/2024-11-23_2/112174023', 'https://homes.bg/2024-11-23_2/112174025']",280000.0,EUR,"4,117 EUR/m²",,,False, продажба,PropertyType.TRISTAEN,2025-09-29 06:02:57.782298,https://www.homes.bg/api/offers?currencyId=1&filterOrderBy=0&locationId=1&typeId=ApartmentSell&neighbourhoods%5B%5D=487,213,София,10.0,['Оборище'],апартамент
1630265,as,https://homes.bg/offer/apartament-za-prodazhba/tristaen-120m2-sofiya-oborishte/as1630265,," Оборище, София","Тристаен, 120m²","Тухла, Обзаведен, ТЕЦ",1,[],400000.0,EUR,"3,333 EUR/m²",,,False, продажба,PropertyType.TRISTAEN,2025-09-29 06:02:57.782309,https://www.homes.bg/api/offers?currencyId=1&filterOrderBy=0&locationId=1&typeId=ApartmentSell&neighbourhoods%5B%5D=487,213,София,0.0,['Оборище'],апартамент
1622349,as,https://homes.bg/offer/apartament-za-prodazhba/dvustaen-75m2-sofiya-oborishte/as1622349,," Оборище, София","Двустаен, 75m²","Тухла, Електричество",1,"['https://homes.bg/2025-05-21_2/114225733', 'https://homes.bg/2025-05-21_2/114225734', 'https://homes.bg/2025-05-21_2/114225735', 'https://homes.bg/2025-05-21_2/114225736']",310000.0,EUR,"4,133 EUR/m²",,,False, продажба,PropertyType.DVUSTAEN,2025-09-29 06:02:57.782322,https://www.homes.bg/api/offers?currencyId=1&filterOrderBy=0&locationId=1&typeId=ApartmentSell&neighbourhoods%5B%5D=487,213,София,4.0,['Оборище'],апартамент
1520685,as,https://homes.bg/offer/apartament-za-prodazhba/mnogostaen-200m2-sofiya-oborishte/as1520685,," Оборище, София","Многостаен, 200m²","Тухла, Обзаведен, ТЕЦ",1,"['https://homes.bg/2025-05-21_2/114228030', 'https://homes.bg/2025-05-21_2/114228031', 'https://homes.bg/2025-05-21_2/114228032', 'https://homes.bg/2025-05-21_2/114228033', 'https://homes.bg/2025-05-21_2/114228034', 'https://homes.bg/2025-05-21_2/114228035', 'https://homes.bg/2025-05-21_2/114228036', 'https://homes.bg/2025-05-21_2/114228037', 'https://homes.bg/2025-05-21_2/114228038', 'https://homes.bg/2025-05-21_2/114228039']",600000.0,EUR,"3,000 EUR/m²",,,False, продажба,PropertyType.MNOGOSTAEN,2025-09-29 06:02:57.782336,https://www.homes.bg/api/offers?currencyId=1&filterOrderBy=0&locationId=1&typeId=ApartmentSell&neighbourhoods%5B%5D=487,213,София,10.0,['Оборище'],апартамент
1520695,as,https://homes.bg/offer/apartament-za-prodazhba/tristaen-100m2-sofiya-oborishte/as1520695,," Оборище, София","Тристаен, 100m²","Тухла, ТЕЦ",1,"['https://homes.bg/2025-05-14_2/114132828', 'https://homes.bg/2025-05-14_2/114132829', 'https://homes.bg/2025-05-14_2/114132830', 'https://homes.bg/2025-05-14_2/114132831']",350000.0,EUR,"3,500 EUR/m²",,,False, продажба,PropertyType.TRISTAEN,2025-09-29 06:02:57.782346,https://www.homes.bg/api/offers?currencyId=1&filterOrderBy=0&locationId=1&typeId=ApartmentSell&neighbourhoods%5B%5D=487,213,София,4.0,['Оборище'],апартамент
1418174,as,https://homes.bg/offer/apartament-za-prodazhba/tristaen-100m2-sofiya-oborishte/as1418174,," Оборище, София","Тристаен, 100m²","Тухла, Полуобзаведен, ТЕЦ",1,"['https://homes.bg/2025-05-14_2/114132777', 'https://homes.bg/2025-05-14_2/114132779', 'https://homes.bg/2025-05-14_2/114132781', 'https://homes.bg/2025-05-14_2/114132783', 'https://homes.bg/2025-05-14_2/114132785', 'https://homes.bg/2025-05-14_2/114132787', 'https://homes.bg/2025-05-14_2/114132789', 'https://homes.bg/2025-05-14_2/114132791', 'https://homes.bg/2025-05-14_2/114132792', 'https://homes.bg/2025-05-14_2/114132794']",320000.0,EUR,"3,200 EUR/m²",,,False, продажба,PropertyType.TRISTAEN,2025-09-29 06:02:57.782359,https://www.homes.bg/api/offers?currencyId=1&filterOrderBy=0&locationId=1&typeId=ApartmentSell&neighbourhoods%5B%5D=487,213,София,10.0,['Оборище'],апартамент
1429071,as,https://homes.bg/offer/apartament-za-prodazhba/tristaen-102m2-sofiya-oborishte/as1429071,," Оборище, София","Тристаен, 102m²","Тухла, Обзаведен, ТЕЦ",1,"['https://homes.bg/2025-05-14_2/114132795', 'https://homes.bg/2025-05-14_2/114132797', 'https://homes.bg/2025-05-14_2/114132799', 'https://homes.bg/2025-05-14_2/114132801', 'https://homes.bg/2025-05-14_2/114132803', 'https://homes.bg/2025-05-14_2/114132805', 'https://homes.bg/2025-05-14_2/114132807', 'https://homes.bg/2025-05-14_2/114132809', 'https://homes.bg/2025-05-14_2/114132811', 'https://homes.bg/2025-05-14_2/114132813']",600000.0,EUR,"5,882 EUR/m²",,,False, продажба,PropertyType.TRISTAEN,2025-09-29 06:02:57.782374,https://www.homes.bg/api/offers?currencyId=1&filterOrderBy=0&locationId=1&typeId=ApartmentSell&neighbourhoods%5B%5D=487,213,София,10.0,['Оборище'],апартамент
1623868,as,https://homes.bg/offer/apartament-za-prodazhba/dvustaen-64m2-sofiya-oborishte/as1623868,," Оборище, София","Двустаен, 64m²","Тухла, Необзаведен, Електричество",1,"['https://homes.bg/2025-04-29_1/113923730', 'https://homes.bg/2025-04-29_1/113923720', 'https://homes.bg/2025-04-29_1/113923726', 'https://homes.bg/2025-04-29_1/113923719', 'https://homes.bg/2025-04-29_1/113923722', 'https://homes.bg/2025-04-29_1/113923728', 'https://homes.bg/2025-04-29_1/113923724', 'https://homes.bg/2025-04-22_2/113837330', 'https://homes.bg/2025-04-22_2/113837332', 'https://homes.bg/2025-04-22_2/113837334']",179424.0,EUR,"2,803 EUR/m²",,,False, продажба,PropertyType.DVUSTAEN,2025-09-29 06:02:57.782385,https://www.homes.bg/api/offers?currencyId=1&filterOrderBy=0&locationId=1&typeId=ApartmentSell&neighbourhoods%5B%5D=487,213,София,10.0,['Оборище'],апартамент
1623874,as,https://homes.bg/offer/apartament-za-prodazhba/dvustaen-64m2-sofiya-oborishte/as1623874,," Оборище, София","Двустаен, 64m²","Тухла, Необзаведен, Електричество",1,"['https://homes.bg/2025-04-29_1/113923713', 'https://homes.bg/2025-04-29_1/113923714', 'https://homes.bg/2025-04-29_1/113923718', 'https://homes.bg/2025-04-29_1/113923712', 'https://homes.bg/2025-04-29_1/113923715', 'https://homes.bg/2025-04-29_1/113923716', 'https://homes.bg/2025-04-29_1/113923717', 'https://homes.bg/2025-04-22_2/113837381', 'https://homes.bg/2025-04-22_2/113837382', 'https://homes.bg/2025-04-22_2/113837383']",179424.0,EUR,"2,803 EUR/m²",,,False, продажба,PropertyType.DVUSTAEN,2025-09-29 06:02:57.782398,https://www.homes.bg/api/offers?currencyId=1&filterOrderBy=0&locationId=1&typeId=ApartmentSell&neighbourhoods%5B%5D=487,213,София,10.0,['Оборище'],апартамент
1563348,as,https://homes.bg/offer/apartament-za-prodazhba/mnogostaen-120m2-sofiya-oborishte/as1563348,," Оборище, София","Многостаен, 120m²","Тухла, Обзаведен, ТЕЦ",1,"['https://homes.bg/2024-05-14_1/109613245', 'https://homes.bg/2024-05-14_1/109613241', 'https://homes.bg/2024-05-14_1/109613250', 'https://homes.bg/2024-05-14_1/109613243', 'https://homes.bg/2024-05-14_1/109613249', 'https://homes.bg/2024-05-14_1/109613247', 'https://homes.bg/2024-05-14_1/109613248', 'https://homes.bg/2024-05-14_1/109613244', 'https://homes.bg/2024-05-14_1/109613242', 'https://homes.bg/2024-05-14_1/109613246']",470000.0,EUR,"3,916 EUR/m²",,,False, продажба,PropertyType.MNOGOSTAEN,2025-09-29 06:02:57.782413,https://www.homes.bg/api/offers?currencyId=1&filterOrderBy=0&locationId=1&typeId=ApartmentSell&neighbourhoods%5B%5D=487,213,София,10.0,['Оборище'],апартамент
1610636,as,https://homes.bg/offer/apartament-za-prodazhba/tristaen-125m2-sofiya-oborishte/as1610636,," Оборище, София","Тристаен, 125m²","Тухла, Необзаведен, ТЕЦ",1,"['https://homes.bg/2025-03-29_2/113559203', 'https://homes.bg/2025-03-29_2/113559204', 'https://homes.bg/2025-03-29_2/113559205', 'https://homes.bg/2025-03-29_2/113559206']",275418.0,EUR,"2,203 EUR/m²",,,False, продажба,PropertyType.TRISTAEN,2025-09-29 06:02:57.782425,https://www.homes.bg/api/offers?currencyId=1&filterOrderBy=0&locationId=1&typeId=ApartmentSell&neighbourhoods%5B%5D=487,213,София,4.0,['Оборище'],апартамент
1610634,as,https://homes.bg/offer/apartament-za-prodazhba/tristaen-125m2-sofiya-oborishte/as1610634,," Оборище, София","Тристаен, 125m²","Тухла, Необзаведен, ТЕЦ",1,"['https://homes.bg/2025-03-29_2/113559191', 'https://homes.bg/2025-03-29_2/113559192', 'https://homes.bg/2025-03-29_2/113559193', 'https://homes.bg/2025-03-29_2/113559194']",275418.0,EUR,"2,203 EUR/m²",,,False, продажба,PropertyType.TRISTAEN,2025-09-29 06:02:57.782435,https://www.homes.bg/api/offers?currencyId=1&filterOrderBy=0&locationId=1&typeId=ApartmentSell&neighbourhoods%5B%5D=487,213,София,4.0,['Оборище'],апартамент
1610633,as,https://homes.bg/offer/apartament-za-prodazhba/tristaen-125m2-sofiya-oborishte/as1610633,," Оборище, София","Тристаен, 125m²","Тухла, Необзаведен, ТЕЦ",1,"['https://homes.bg/2025-03-29_2/113559187', 'https://homes.bg/2025-03-29_2/113559188', 'https://homes.bg/2025-03-29_2/113559189', 'https://homes.bg/2025-03-29_2/113559190']",275418.0,EUR,"2,203 EUR/m²",,,False, продажба,PropertyType.TRISTAEN,2025-09-29 06:02:57.782447,https://www.homes.bg/api/offers?currencyId=1&filterOrderBy=0&locationId=1&typeId=ApartmentSell&neighbourhoods%5B%5D=487,213,София,4.0,['Оборище'],апартамент
1610635,as,https://homes.bg/offer/apartament-za-prodazhba/tristaen-125m2-sofiya-oborishte/as1610635,," Оборище, София","Тристаен, 125m²","Тухла, Необзаведен, ТЕЦ",1,"['https://homes.bg/2025-03-29_2/113559195', 'https://homes.bg/2025-03-29_2/113559196', 'https://homes.bg/2025-03-29_2/113559197', 'https://homes.bg/2025-03-29_2/113559198']",275418.0,EUR,"2,203 EUR/m²",,,False, продажба,PropertyType.TRISTAEN,2025-09-29 06:02:57.782461,https://www.homes.bg/api/offers?currencyId=1&filterOrderBy=0&locationId=1&typeId=ApartmentSell&neighbourhoods%5B%5D=487,213,София,4.0,['Оборище'],апартамент
1610637,as,https://homes.bg/offer/apartament-za-prodazhba/chetiristaen-166m2-sofiya-oborishte/as1610637,," Оборище, София","Четиристаен, 166m²","Тухла, Необзаведен, Електричество",1,"['https://homes.bg/2025-03-29_2/113559207', 'https://homes.bg/2025-03-29_2/113559208', 'https://homes.bg/2025-03-29_2/113559209', 'https://homes.bg/2025-03-29_2/113559210']",367092.0,EUR,"2,211 EUR/m²",,,False, продажба,PropertyType.CHETIRISTAEN,2025-09-29 06:02:57.782471,https://www.homes.bg/api/offers?currencyId=1&filterOrderBy=0&locationId=1&typeId=ApartmentSell&neighbourhoods%5B%5D=487,213,София,4.0,['Оборище'],апартамент
1610632,as,https://homes.bg/offer/apartament-za-prodazhba/tristaen-124m2-sofiya-oborishte/as1610632,," Оборище, София","Тристаен, 124m²","Тухла, Необзаведен, Електричество",1,"['https://homes.bg/2025-03-29_2/113559183', 'https://homes.bg/2025-03-29_2/113559184', 'https://homes.bg/2025-03-29_2/113559185', 'https://homes.bg/2025-03-29_2/113559186']",273724.0,EUR,"2,207 EUR/m²",,,False, продажба,PropertyType.TRISTAEN,2025-09-29 06:02:57.782485,https://www.homes.bg/api/offers?currencyId=1&filterOrderBy=0&locationId=1&typeId=ApartmentSell&neighbourhoods%5B%5D=487,213,София,4.0,['Оборище'],апартамент
1619826,as,https://homes.bg/offer/apartament-za-prodazhba/tristaen-125m2-sofiya-oborishte/as1619826,," Оборище, София","Тристаен, 125m²","Тухла, Необзаведен, ТЕЦ",1,"['https://homes.bg/2025-03-29_2/113559199', 'https://homes.bg/2025-03-29_2/113559200', 'https://homes.bg/2025-03-29_2/113559201', 'https://homes.bg/2025-03-29_2/113559202']",275418.0,EUR,"2,203 EUR/m²",,,False, продажба,PropertyType.TRISTAEN,2025-09-29 06:02:57.782495,https://www.homes.bg/api/offers?currencyId=1&filterOrderBy=0&locationId=1&typeId=ApartmentSell&neighbourhoods%5B%5D=487,213,София,4.0,['Оборище'],апартамент
1557125,as,https://homes.bg/offer/apartament-za-prodazhba/chetiristaen-194m2-sofiya-oborishte/as1557125,," Оборище, София","Четиристаен, 194m²","Тухла, Необзаведен, Електричество",1,"['https://homes.bg/2025-02-27_2/113189830', 'https://homes.bg/2025-02-27_2/113189832', 'https://homes.bg/2025-02-27_2/113189834', 'https://homes.bg/2025-02-27_2/113189836']",576790.0,EUR,"2,973 EUR/m²",,,False, продажба,PropertyType.CHETIRISTAEN,2025-09-29 06:02:57.782505,https://www.homes.bg/api/offers?currencyId=1&filterOrderBy=0&locationId=1&typeId=ApartmentSell&neighbourhoods%5B%5D=487,213,София,4.0,['Оборище'],апартамент
1557130,as,https://homes.bg/offer/apartament-za-prodazhba/chetiristaen-196m2-sofiya-oborishte/as1557130,," Оборище, София","Четиристаен, 196m²","Тухла, Необзаведен, Електричество",1,"['https://homes.bg/2025-02-27_2/113189845', 'https://homes.bg/2025-02-27_2/113189847', 'https://homes.bg/2025-02-27_2/113189849', 'https://homes.bg/2025-02-27_2/113189851']",620235.0,EUR,"3,164 EUR/m²",,,False, продажба,PropertyType.CHETIRISTAEN,2025-09-29 06:02:57.782517,https://www.homes.bg/api/offers?currencyId=1&filterOrderBy=0&locationId=1&typeId=ApartmentSell&neighbourhoods%5B%5D=487,213,София,4.0,['Оборище'],апартамент
1557127,as,https://homes.bg/offer/apartament-za-prodazhba/chetiristaen-194m2-sofiya-oborishte/as1557127,," Оборище, София","Четиристаен, 194m²","Тухла, Необзаведен, Електричество",1,"['https://homes.bg/2025-02-27_2/113189838', 'https://homes.bg/2025-02-27_2/113189840', 'https://homes.bg/2025-02-27_2/113189842', 'https://homes.bg/2025-02-27_2/113189844']",595840.0,EUR,"3,071 EUR/m²",,,False, продажба,PropertyType.CHETIRISTAEN,2025-09-29 06:02:57.782529,https://www.homes.bg/api/offers?currencyId=1&filterOrderBy=0&locationId=1&typeId=ApartmentSell&neighbourhoods%5B%5D=487,213,София,4.0,['Оборище'],апартамент
1557131,as,https://homes.bg/offer/apartament-za-prodazhba/chetiristaen-195m2-sofiya-oborishte/as1557131,," Оборище, София","Четиристаен, 195m²","Тухла, Необзаведен, Електричество",1,"['https://homes.bg/2025-02-27_2/113189853', 'https://homes.bg/2025-02-27_2/113189855', 'https://homes.bg/2025-02-27_2/113189857', 'https://homes.bg/2025-02-27_2/113189859']",635970.0,EUR,"3,261 EUR/m²",,,False, продажба,PropertyType.CHETIRISTAEN,2025-09-29 06:02:57.782540,https://www.homes.bg/api/offers?currencyId=1&filterOrderBy=0&locationId=1&typeId=ApartmentSell&neighbourhoods%5B%5D=487,213,София,4.0,['Оборище'],апартамент
1557133,as,https://homes.bg/offer/apartament-za-prodazhba/chetiristaen-187m2-sofiya-oborishte/as1557133,," Оборище, София","Четиристаен, 187m²","Тухла, Необзаведен, Електричество",1,"['https://homes.bg/2025-02-27_2/113189861', 'https://homes.bg/2025-02-27_2/113189863', 'https://homes.bg/2025-02-27_2/113189865', 'https://homes.bg/2025-02-27_2/113189867']",626000.0,EUR,"3,347 EUR/m²",,,False, продажба,PropertyType.CHETIRISTAEN,2025-09-29 06:02:57.782550,https://www.homes.bg/api/offers?currencyId=1&filterOrderBy=0&locationId=1&typeId=ApartmentSell&neighbourhoods%5B%5D=487,213,София,4.0,['Оборище'],апартамент
1538909,as,https://homes.bg/offer/apartament-za-prodazhba/tristaen-139m2-sofiya-oborishte/as1538909,," Оборище, София","Тристаен, 139m²","Тухла, Необзаведен, Електричество",1,"['https://homes.bg/2025-02-26_2/113176202', 'https://homes.bg/2025-02-26_2/113176203', 'https://homes.bg/2025-02-26_2/113176204', 'https://homes.bg/2025-02-26_2/113176205', 'https://homes.bg/2025-02-26_2/113176206', 'https://homes.bg/2025-02-26_2/113176207']",424850.0,EUR,"3,056 EUR/m²",,,False, продажба,PropertyType.TRISTAEN,2025-09-29 06:02:57.782564,https://www.homes.bg/api/offers?currencyId=1&filterOrderBy=0&locationId=1&typeId=ApartmentSell&neighbourhoods%5B%5D=487,213,София,6.0,['Оборище'],апартамент
1538908,as,https://homes.bg/offer/apartament-za-prodazhba/tristaen-142m2-sofiya-oborishte/as1538908,," Оборище, София","Тристаен, 142m²","Тухла, Необзаведен, Електричество",1,"['https://homes.bg/2025-02-26_2/113176197', 'https://homes.bg/2025-02-26_2/113176198', 'https://homes.bg/2025-02-26_2/113176199', 'https://homes.bg/2025-02-26_2/113176200', 'https://homes.bg/2025-02-26_2/113176201']",434700.0,EUR,"3,061 EUR/m²",,,False, продажба,PropertyType.TRISTAEN,2025-09-29 06:02:57.782576,https://www.homes.bg/api/offers?currencyId=1&filterOrderBy=0&locationId=1&typeId=ApartmentSell&neighbourhoods%5B%5D=487,213,София,5.0,['Оборище'],апартамент
1539461,as,https://homes.bg/offer/apartament-za-prodazhba/chetiristaen-176m2-sofiya-oborishte/as1539461,," Оборище, София","Четиристаен, 176m²",Тухла,1,"['https://homes.bg/2025-02-26_2/113176228', 'https://homes.bg/2025-02-26_2/113176229', 'https://homes.bg/2025-02-26_2/113176230', 'https://homes.bg/2025-02-26_2/113176231', 'https://homes.bg/2025-02-26_2/113176232']",531700.0,EUR,"3,021 EUR/m²",,,False, продажба,PropertyType.CHETIRISTAEN,2025-09-29 06:02:57.782586,https://www.homes.bg/api/offers?currencyId=1&filterOrderBy=0&locationId=1&typeId=ApartmentSell&neighbourhoods%5B%5D=487,213,София,5.0,['Оборище'],апартамент
1539468,as,https://homes.bg/offer/apartament-za-prodazhba/chetiristaen-172m2-sofiya-oborishte/as1539468,," Оборище, София","Четиристаен, 172m²",Тухла,1,"['https://homes.bg/2025-02-26_2/113176238', 'https://homes.bg/2025-02-26_2/113176239', 'https://homes.bg/2025-02-26_2/113176240', 'https://homes.bg/2025-02-26_2/113176241', 'https://homes.bg/2025-02-26_2/113176242']",532800.0,EUR,"3,097 EUR/m²",,,False, продажба,PropertyType.CHETIRISTAEN,2025-09-29 06:02:57.782599,https://www.homes.bg/api/offers?currencyId=1&filterOrderBy=0&locationId=1&typeId=ApartmentSell&neighbourhoods%5B%5D=487,213,София,5.0,['Оборище'],апартамент
1539473,as,https://homes.bg/offer/apartament-za-prodazhba/chetiristaen-180m2-sofiya-oborishte/as1539473,," Оборище, София","Четиристаен, 180m²",Тухла,1,"['https://homes.bg/2025-02-26_2/113176253', 'https://homes.bg/2025-02-26_2/113176254', 'https://homes.bg/2025-02-26_2/113176255', 'https://homes.bg/2025-02-26_2/113176256', 'https://homes.bg/2025-02-26_2/113176257']",576300.0,EUR,"3,201 EUR/m²",,,False, продажба,PropertyType.CHETIRISTAEN,2025-09-29 06:02:57.782611,https://www.homes.bg/api/offers?currencyId=1&filterOrderBy=0&locationId=1&typeId=ApartmentSell&neighbourhoods%5B%5D=487,213,София,5.0,['Оборище'],апартамент
1539181,as,https://homes.bg/offer/apartament-za-prodazhba/tristaen-144m2-sofiya-oborishte/as1539181,," Оборище, София","Тристаен, 144m²",Тухла,1,"['https://homes.bg/2025-02-26_2/113176208', 'https://homes.bg/2025-02-26_2/113176209', 'https://homes.bg/2025-02-26_2/113176210', 'https://homes.bg/2025-02-26_2/113176211', 'https://homes.bg/2025-02-26_2/113176212']",472200.0,EUR,"3,279 EUR/m²",,,False, продажба,PropertyType.TRISTAEN,2025-09-29 06:02:57.782621,https://www.homes.bg/api/offers?currencyId=1&filterOrderBy=0&locationId=1&typeId=ApartmentSell&neighbourhoods%5B%5D=487,213,София,5.0,['Оборище'],апартамент
1557119,as,https://homes.bg/offer/apartament-za-prodazhba/chetiristaen-190m2-sofiya-oborishte/as1557119,," Оборище, София","Четиристаен, 190m²","Тухла, Необзаведен, Електричество",1,"['https://homes.bg/2025-02-26_2/113176266', 'https://homes.bg/2025-02-26_2/113176267', 'https://homes.bg/2025-02-26_2/113176268', 'https://homes.bg/2025-02-26_2/113176269']",544290.0,EUR,"2,864 EUR/m²",,,False, продажба,PropertyType.CHETIRISTAEN,2025-09-29 06:02:57.782635,https://www.homes.bg/api/offers?currencyId=1&filterOrderBy=0&locationId=1&typeId=ApartmentSell&neighbourhoods%5B%5D=487,213,София,4.0,['Оборище'],апартамент
1539472,as,https://homes.bg/offer/apartament-za-prodazhba/chetiristaen-180m2-sofiya-oborishte/as1539472,," Оборище, София","Четиристаен, 180m²",Тухла,1,"['https://homes.bg/2025-02-26_2/113176248', 'https://homes.bg/2025-02-26_2/113176249', 'https://homes.bg/2025-02-26_2/113176250', 'https://homes.bg/2025-02-26_2/113176251', 'https://homes.bg/2025-02-26_2/113176252']",557790.0,EUR,"3,098 EUR/m²",,,False, продажба,PropertyType.CHETIRISTAEN,2025-09-29 06:02:57.782647,https://www.homes.bg/api/offers?currencyId=1&filterOrderBy=0&locationId=1&typeId=ApartmentSell&neighbourhoods%5B%5D=487,213,София,5.0,['Оборище'],апартамент
1539185,as,https://homes.bg/offer/apartament-za-prodazhba/tristaen-144m2-sofiya-oborishte/as1539185,," Оборище, София","Тристаен, 144m²",Тухла,1,"['https://homes.bg/2025-02-26_2/113176223', 'https://homes.bg/2025-02-26_2/113176224', 'https://homes.bg/2025-02-26_2/113176225', 'https://homes.bg/2025-02-26_2/113176226', 'https://homes.bg/2025-02-26_2/113176227']",487500.0,EUR,"3,385 EUR/m²",,,False, продажба,PropertyType.TRISTAEN,2025-09-29 06:02:57.782659,https://www.homes.bg/api/offers?currencyId=1&filterOrderBy=0&locationId=1&typeId=ApartmentSell&neighbourhoods%5B%5D=487,213,София,5.0,['Оборище'],апартамент
1539182,as,https://homes.bg/offer/apartament-za-prodazhba/tristaen-125m2-sofiya-oborishte/as1539182,," Оборище, София","Тристаен, 125m²",Тухла,1,"['https://homes.bg/2025-02-26_2/113176213', 'https://homes.bg/2025-02-26_2/113176214', 'https://homes.bg/2025-02-26_2/113176215', 'https://homes.bg/2025-02-26_2/113176216', 'https://homes.bg/2025-02-26_2/113176217']",411250.0,EUR,"3,290 EUR/m²",,,False, продажба,PropertyType.TRISTAEN,2025-09-29 06:02:57.782672,https://www.homes.bg/api/offers?currencyId=1&filterOrderBy=0&locationId=1&typeId=ApartmentSell&neighbourhoods%5B%5D=487,213,София,5.0,['Оборище'],апартамент
1557108,as,https://homes.bg/offer/apartament-za-prodazhba/chetiristaen-178m2-sofiya-oborishte/as1557108,," Оборище, София","Четиристаен, 178m²","Тухла, Необзаведен, Електричество",1,"['https://homes.bg/2025-02-26_2/113176262', 'https://homes.bg/2025-02-26_2/113176263', 'https://homes.bg/2025-02-26_2/113176264', 'https://homes.bg/2025-02-26_2/113176265']",680060.0,EUR,"3,820 EUR/m²",,,False, продажба,PropertyType.CHETIRISTAEN,2025-09-29 06:02:57.782684,https://www.homes.bg/api/offers?currencyId=1&filterOrderBy=0&locationId=1&typeId=ApartmentSell&neighbourhoods%5B%5D=487,213,София,4.0,['Оборище'],апартамент
1604027,as,https://homes.bg/offer/apartament-za-prodazhba/tristaen-133m2-sofiya-oborishte/as1604027,," Оборище, София","Тристаен, 133m²","Тухла, Необзаведен, Електричество",1,"['https://homes.bg/2025-02-26_2/113176258', 'https://homes.bg/2025-02-26_2/113176259', 'https://homes.bg/2025-02-26_2/113176260', 'https://homes.bg/2025-02-26_2/113176261']",425300.0,EUR,"3,197 EUR/m²",,,False, продажба,PropertyType.TRISTAEN,2025-09-29 06:02:57.782696,https://www.homes.bg/api/offers?currencyId=1&filterOrderBy=0&locationId=1&typeId=ApartmentSell&neighbourhoods%5B%5D=487,213,София,4.0,['Оборище'],апартамент
1539465,as,https://homes.bg/offer/apartament-za-prodazhba/chetiristaen-178m2-sofiya-oborishte/as1539465,," Оборище, София","Четиристаен, 178m²",Тухла,1,"['https://homes.bg/2025-02-26_2/113176233', 'https://homes.bg/2025-02-26_2/113176234', 'https://homes.bg/2025-02-26_2/113176235', 'https://homes.bg/2025-02-26_2/113176236', 'https://homes.bg/2025-02-26_2/113176237']",539700.0,EUR,"3,032 EUR/m²",,,False, продажба,PropertyType.CHETIRISTAEN,2025-09-29 06:02:57.782706,https://www.homes.bg/api/offers?currencyId=1&filterOrderBy=0&locationId=1&typeId=ApartmentSell&neighbourhoods%5B%5D=487,213,София,5.0,['Оборище'],апартамент
1539471,as,https://homes.bg/offer/apartament-za-prodazhba/chetiristaen-180m2-sofiya-oborishte/as1539471,," Оборище, София","Четиристаен, 180m²",Тухла,1,"['https://homes.bg/2025-02-26_2/113176243', 'https://homes.bg/2025-02-26_2/113176244', 'https://homes.bg/2025-02-26_2/113176245', 'https://homes.bg/2025-02-26_2/113176246', 'https://homes.bg/2025-02-26_2/113176247']",595000.0,EUR,"3,305 EUR/m²",,,False, продажба,PropertyType.CHETIRISTAEN,2025-09-29 06:02:57.782737,https://www.homes.bg/api/offers?currencyId=1&filterOrderBy=0&locationId=1&typeId=ApartmentSell&neighbourhoods%5B%5D=487,213,София,5.0,['Оборище'],апартамент
1539184,as,https://homes.bg/offer/apartament-za-prodazhba/tristaen-132m2-sofiya-oborishte/as1539184,," Оборище, София","Тристаен, 132m²",Тухла,1,"['https://homes.bg/2025-02-26_2/113176218', 'https://homes.bg/2025-02-26_2/113176219', 'https://homes.bg/2025-02-26_2/113176220', 'https://homes.bg/2025-02-26_2/113176221', 'https://homes.bg/2025-02-26_2/113176222']",447750.0,EUR,"3,392 EUR/m²",,,False, продажба,PropertyType.TRISTAEN,2025-09-29 06:02:57.782749,https://www.homes.bg/api/offers?currencyId=1&filterOrderBy=0&locationId=1&typeId=ApartmentSell&neighbourhoods%5B%5D=487,213,София,5.0,['Оборище'],апартамент
1604026,as,https://homes.bg/offer/apartament-za-prodazhba/mnogostaen-178m2-sofiya-oborishte/as1604026,," Оборище, София","Многостаен, 178m²",,1,"['https://homes.bg/2025-02-26_2/113176193', 'https://homes.bg/2025-02-26_2/113176194', 'https://homes.bg/2025-02-26_2/113176195', 'https://homes.bg/2025-02-26_2/113176196']",642390.0,EUR,"3,608 EUR/m²",,,False, продажба,PropertyType.MNOGOSTAEN,2025-09-29 06:02:57.782761,https://www.homes.bg/api/offers?currencyId=1&filterOrderBy=0&locationId=1&typeId=ApartmentSell&neighbourhoods%5B%5D=487,213,София,4.0,['Оборище'],апартамент
1557729,as,https://homes.bg/offer/apartament-za-prodazhba/chetiristaen-86m2-sofiya-oborishte/as1557729,," Оборище, София","Четиристаен, 86m²","Тухла, Необзаведен, Електричество",1,"['https://homes.bg/2025-02-18_2/113083747', 'https://homes.bg/2025-02-18_2/113083748', 'https://homes.bg/2025-02-18_2/113083749', 'https://homes.bg/2025-02-18_2/113083750', 'https://homes.bg/2025-02-18_2/113083751', 'https://homes.bg/2025-02-18_2/113083752', 'https://homes.bg/2025-02-18_2/113083753', 'https://homes.bg/2025-02-18_2/113083754', 'https://homes.bg/2025-02-18_2/113083755', 'https://homes.bg/2025-02-18_2/113083756']",126800.0,EUR,"1,474 EUR/m²",,,False, продажба,PropertyType.CHETIRISTAEN,2025-09-29 06:02:57.782773,https://www.homes.bg/api/offers?currencyId=1&filterOrderBy=0&locationId=1&typeId=ApartmentSell&neighbourhoods%5B%5D=487,213,София,10.0,['Оборище'],апартамент
1611150,as,https://homes.bg/offer/apartament-za-prodazhba/chetiristaen-183m2-sofiya-oborishte/as1611150,," Оборище, София","Четиристаен, 183m²","Тухла, Необзаведен, Електричество",1,"['https://homes.bg/2025-02-10_2/112989465', 'https://homes.bg/2025-02-10_2/112989466', 'https://homes.bg/2025-02-10_2/112989467', 'https://homes.bg/2025-02-10_2/112989468', 'https://homes.bg/2025-02-10_2/112989469', 'https://homes.bg/2025-02-10_2/112989470', 'https://homes.bg/2025-02-10_2/112989471', 'https://homes.bg/2025-02-10_2/112989472', 'https://homes.bg/2025-02-10_2/112989473']",680060.0,EUR,"3,716 EUR/m²",,,False, продажба,PropertyType.CHETIRISTAEN,2025-09-29 06:02:57.782787,https://www.homes.bg/api/offers?currencyId=1&filterOrderBy=0&locationId=1&typeId=ApartmentSell&neighbourhoods%5B%5D=487,213,София,9.0,['Оборище'],апартамент
1611154,as,https://homes.bg/offer/apartament-za-prodazhba/chetiristaen-196m2-sofiya-oborishte/as1611154,," Оборище, София","Четиристаен, 196m²","Тухла, Необзаведен, Електричество",1,"['https://homes.bg/2025-02-10_2/112989350', 'https://homes.bg/2025-02-10_2/112989351', 'https://homes.bg/2025-02-10_2/112989352', 'https://homes.bg/2025-02-10_2/112989353', 'https://homes.bg/2025-02-10_2/112989354', 'https://homes.bg/2025-02-10_2/112989355', 'https://homes.bg/2025-02-10_2/112989356', 'https://homes.bg/2025-02-10_2/112989357', 'https://homes.bg/2025-02-10_2/112989358', 'https://homes.bg/2025-02-10_2/112989359']",620235.0,EUR,"3,164 EUR/m²",,,False, продажба,PropertyType.CHETIRISTAEN,2025-09-29 06:02:57.782798,https://www.homes.bg/api/offers?currencyId=1&filterOrderBy=0&locationId=1&typeId=ApartmentSell&neighbourhoods%5B%5D=487,213,София,10.0,['Оборище'],апартамент
1610929,as,https://homes.bg/offer/apartament-za-prodazhba/dvustaen-62m2-sofiya-oborishte/as1610929,," Оборище, София","Двустаен, 62m²","Тухла, Необзаведен, ТЕЦ",1,"['https://homes.bg/2025-02-08_2/112975260', 'https://homes.bg/2025-02-08_2/112975261', 'https://homes.bg/2025-02-08_2/112975262', 'https://homes.bg/2025-02-08_2/112975263', 'https://homes.bg/2025-02-08_2/112975264', 'https://homes.bg/2025-02-08_2/112975265', 'https://homes.bg/2025-02-08_2/112975266', 'https://homes.bg/2025-02-08_2/112975267', 'https://homes.bg/2025-02-08_2/112975268', 'https://homes.bg/2025-02-08_2/112975269']",212770.0,EUR,"3,431 EUR/m²",,,False, продажба,PropertyType.DVUSTAEN,2025-09-29 06:02:57.782809,https://www.homes.bg/api/offers?currencyId=1&filterOrderBy=0&locationId=1&typeId=ApartmentSell&neighbourhoods%5B%5D=487,213,София,10.0,['Оборище'],апартамент
1609051,as,https://homes.bg/offer/apartament-za-prodazhba/chetiristaen-158m2-sofiya-oborishte/as1609051,," Оборище, София","Четиристаен, 158m²","Тухла, Необзаведен, ТЕЦ",1,"['https://homes.bg/2025-01-30_2/112874267', 'https://homes.bg/2025-01-30_2/112874268', 'https://homes.bg/2025-01-30_2/112874269', 'https://homes.bg/2025-01-30_2/112874270', 'https://homes.bg/2025-01-30_2/112874271', 'https://homes.bg/2025-01-30_2/112874272', 'https://homes.bg/2025-01-30_2/112874273', 'https://homes.bg/2025-01-30_2/112874274', 'https://homes.bg/2025-01-30_2/112874275', 'https://homes.bg/2025-01-30_2/112874276']",420117.0,EUR,"2,658 EUR/m²",,,False, продажба,PropertyType.CHETIRISTAEN,2025-09-29 06:02:57.782820,https://www.homes.bg/api/offers?currencyId=1&filterOrderBy=0&locationId=1&typeId=ApartmentSell&neighbourhoods%5B%5D=487,213,София,10.0,['Оборище'],апартамент
1609048,as,https://homes.bg/offer/apartament-za-prodazhba/chetiristaen-194m2-sofiya-oborishte/as1609048,," Оборище, София","Четиристаен, 194m²","Тухла, Необзаведен, ТЕЦ",1,"['https://homes.bg/2025-01-30_2/112874237', 'https://homes.bg/2025-01-30_2/112874238', 'https://homes.bg/2025-01-30_2/112874239', 'https://homes.bg/2025-01-30_2/112874240', 'https://homes.bg/2025-01-30_2/112874241', 'https://homes.bg/2025-01-30_2/112874242', 'https://homes.bg/2025-01-30_2/112874243', 'https://homes.bg/2025-01-30_2/112874244', 'https://homes.bg/2025-01-30_2/112874245', 'https://homes.bg/2025-01-30_2/112874246']",456225.0,EUR,"2,351 EUR/m²",,,False, продажба,PropertyType.CHETIRISTAEN,2025-09-29 06:02:57.782833,https://www.homes.bg/api/offers?currencyId=1&filterOrderBy=0&locationId=1&typeId=ApartmentSell&neighbourhoods%5B%5D=487,213,София,10.0,['Оборище'],апартамент
1609047,as,https://homes.bg/offer/apartament-za-prodazhba/dvustaen-65m2-sofiya-oborishte/as1609047,," Оборище, София","Двустаен, 65m²","Тухла, Необзаведен, ТЕЦ",1,"['https://homes.bg/2025-01-30_2/112874227', 'https://homes.bg/2025-01-30_2/112874228', 'https://homes.bg/2025-01-30_2/112874229', 'https://homes.bg/2025-01-30_2/112874230', 'https://homes.bg/2025-01-30_2/112874231', 'https://homes.bg/2025-01-30_2/112874232', 'https://homes.bg/2025-01-30_2/112874233', 'https://homes.bg/2025-01-30_2/112874234', 'https://homes.bg/2025-01-30_2/112874235', 'https://homes.bg/2025-01-30_2/112874236']",206514.0,EUR,"3,177 EUR/m²",,,False, продажба,PropertyType.DVUSTAEN,2025-09-29 06:02:57.782844,https://www.homes.bg/api/offers?currencyId=1&filterOrderBy=0&locationId=1&typeId=ApartmentSell&neighbourhoods%5B%5D=487,213,София,10.0,['Оборище'],апартамент
1609049,as,https://homes.bg/offer/apartament-za-prodazhba/dvustaen-62m2-sofiya-oborishte/as1609049,," Оборище, София","Двустаен, 62m²","Тухла, Необзаведен, ТЕЦ",1,"['https://homes.bg/2025-01-30_2/112874247', 'https://homes.bg/2025-01-30_2/112874248', 'https://homes.bg/2025-01-30_2/112874249', 'https://homes.bg/2025-01-30_2/112874250', 'https://homes.bg/2025-01-30_2/112874251', 'https://homes.bg/2025-01-30_2/112874252', 'https://homes.bg/2025-01-30_2/112874253', 'https://homes.bg/2025-01-30_2/112874254', 'https://homes.bg/2025-01-30_2/112874255', 'https://homes.bg/2025-01-30_2/112874256']",201595.0,EUR,"3,251 EUR/m²",,,False, продажба,PropertyType.DVUSTAEN,2025-09-29 06:02:57.782857,https://www.homes.bg/api/offers?currencyId=1&filterOrderBy=0&locationId=1&typeId=ApartmentSell&neighbourhoods%5B%5D=487,213,София,10.0,['Оборище'],апартамент
1609050,as,https://homes.bg/offer/apartament-za-prodazhba/dvustaen-64m2-sofiya-oborishte/as1609050,," Оборище, София","Двустаен, 64m²","Тухла, Необзаведен, ТЕЦ",1,"['https://homes.bg/2025-01-30_2/112874257', 'https://homes.bg/2025-01-30_2/112874258', 'https://homes.bg/2025-01-30_2/112874259', 'https://homes.bg/2025-01-30_2/112874260', 'https://homes.bg/2025-01-30_2/112874261', 'https://homes.bg/2025-01-30_2/112874262', 'https://homes.bg/2025-01-30_2/112874263', 'https://homes.bg/2025-01-30_2/112874264', 'https://homes.bg/2025-01-30_2/112874265', 'https://homes.bg/2025-01-30_2/112874266']",195428.0,EUR,"3,053 EUR/m²",,,False, продажба,PropertyType.DVUSTAEN,2025-09-29 06:02:57.782869,https://www.homes.bg/api/offers?currencyId=1&filterOrderBy=0&locationId=1&typeId=ApartmentSell&neighbourhoods%5B%5D=487,213,София,10.0,['Оборище'],апартамент
1604922,as,https://homes.bg/offer/apartament-za-prodazhba/dvustaen-75m2-sofiya-oborishte/as1604922,," Оборище, София","Двустаен, 75m²","Тухла, Обзаведен, ТЕЦ",1,"['https://homes.bg/2025-01-06_2/112596566', 'https://homes.bg/2025-01-06_2/112596567', 'https://homes.bg/2025-01-06_2/112596568', 'https://homes.bg/2025-01-06_2/112596569', 'https://homes.bg/2025-01-06_2/112596570', 'https://homes.bg/2025-01-06_2/112596571', 'https://homes.bg/2025-01-06_2/112596572', 'https://homes.bg/2025-01-06_2/112596573', 'https://homes.bg/2025-01-06_2/112596574', 'https://homes.bg/2025-01-06_2/112596575']",275000.0,EUR,"3,666 EUR/m²",,,False, продажба,PropertyType.DVUSTAEN,2025-09-29 06:02:57.782882,https://www.homes.bg/api/offers?currencyId=1&filterOrderBy=0&locationId=1&typeId=ApartmentSell&neighbourhoods%5B%5D=487,213,София,10.0,['Оборище'],апартамент
1539462,as,https://homes.bg/offer/apartament-za-prodazhba/tristaen-146m2-sofiya-oborishte/as1539462,," Оборище, София","Тристаен, 146m²",Тухла,1,"['https://homes.bg/2024-12-18_2/112484149', 'https://homes.bg/2024-12-18_2/112484151', 'https://homes.bg/2024-12-18_2/112484153', 'https://homes.bg/2024-12-18_2/112484155', 'https://homes.bg/2024-12-18_2/112484157']",360921.0,EUR,"2,472 EUR/m²",,,False, продажба,PropertyType.TRISTAEN,2025-09-29 06:02:57.782892,https://www.homes.bg/api/offers?currencyId=1&filterOrderBy=0&locationId=1&typeId=ApartmentSell&neighbourhoods%5B%5D=487,213,София,5.0,['Оборище'],апартамент
1601586,as,https://homes.bg/offer/apartament-za-prodazhba/tristaen-100m2-sofiya-oborishte/as1601586,," Оборище, София","Тристаен, 100m²","Тухла, Обзаведен, ТЕЦ",1,"['https://homes.bg/2024-12-01_2/112279478', 'https://homes.bg/2024-12-01_2/112279479', 'https://homes.bg/2024-12-01_2/112279480', 'https://homes.bg/2024-12-01_2/112279481', 'https://homes.bg/2024-12-01_2/112279482', 'https://homes.bg/2024-12-01_2/112279483', 'https://homes.bg/2024-12-01_2/112279484', 'https://homes.bg/2024-12-01_2/112279485', 'https://homes.bg/2024-12-01_2/112279486', 'https://homes.bg/2024-12-01_2/112279487']",350000.0,EUR,"3,500 EUR/m²",,,False, продажба,PropertyType.TRISTAEN,2025-09-29 06:02:57.782903,https://www.homes.bg/api/offers?currencyId=1&filterOrderBy=0&locationId=1&typeId=ApartmentSell&neighbourhoods%5B%5D=487,213,София,10.0,['Оборище'],апартамент
1601584,as,https://homes.bg/offer/apartament-za-prodazhba/tristaen-76m2-sofiya-oborishte/as1601584,," Оборище, София","Тристаен, 76m²","Панел, Обзаведен, ТЕЦ",1,"['https://homes.bg/2024-12-01_2/112279458', 'https://homes.bg/2024-12-01_2/112279459', 'https://homes.bg/2024-12-01_2/112279460', 'https://homes.bg/2024-12-01_2/112279461', 'https://homes.bg/2024-12-01_2/112279462', 'https://homes.bg/2024-12-01_2/112279463', 'https://homes.bg/2024-12-01_2/112279464', 'https://homes.bg/2024-12-01_2/112279465', 'https://homes.bg/2024-12-01_2/112279466', 'https://homes.bg/2024-12-01_2/112279467']",249990.0,EUR,"3,289 EUR/m²",,,False, продажба,PropertyType.TRISTAEN,2025-09-29 06:02:57.782914,https://www.homes.bg/api/offers?currencyId=1&filterOrderBy=0&locationId=1&typeId=ApartmentSell&neighbourhoods%5B%5D=487,213,София,10.0,['Оборище'],апартамент
1593088,as,https://homes.bg/offer/apartament-za-prodazhba/tristaen-85m2-sofiya-oborishte/as1593088,," Оборище, София","Тристаен, 85m²","Панел, Обзаведен",1,"['https://homes.bg/2024-10-15_2/111639799', 'https://homes.bg/2024-10-15_2/111639800', 'https://homes.bg/2024-10-15_2/111639801', 'https://homes.bg/2024-10-15_2/111639802', 'https://homes.bg/2024-10-15_2/111639803', 'https://homes.bg/2024-10-15_2/111639804', 'https://homes.bg/2024-10-15_2/111639805', 'https://homes.bg/2024-10-15_2/111639806', 'https://homes.bg/2024-10-15_2/111639807', 'https://homes.bg/2024-10-15_2/111639808']",249990.0,EUR,"2,941 EUR/m²",,,False, продажба,PropertyType.TRISTAEN,2025-09-29 06:02:57.782927,https://www.homes.bg/api/offers?currencyId=1&filterOrderBy=0&locationId=1&typeId=ApartmentSell&neighbourhoods%5B%5D=487,213,София,10.0,['Оборище'],апартамент
1539168,as,https://homes.bg/offer/apartament-za-prodazhba/tristaen-146m2-sofiya-oborishte/as1539168,," Оборище, София","Тристаен, 146m²",Необзаведен,1,"['https://homes.bg/2024-07-02_2/110261963', 'https://homes.bg/2024-07-02_2/110261964', 'https://homes.bg/2024-07-02_2/110261965', 'https://homes.bg/2024-07-02_2/110261966']",392700.0,EUR,"2,689 EUR/m²",,,False, продажба,PropertyType.TRISTAEN,2025-09-29 06:02:57.782937,https://www.homes.bg/api/offers?currencyId=1&filterOrderBy=0&locationId=1&typeId=ApartmentSell&neighbourhoods%5B%5D=487,213,София,4.0,['Оборище'],апартамент
1539172,as,https://homes.bg/offer/apartament-za-prodazhba/tristaen-136m2-sofiya-oborishte/as1539172,," Оборище, София","Тристаен, 136m²","Необзаведен, Електричество",1,"['https://homes.bg/2024-07-02_2/110261972', 'https://homes.bg/2024-07-02_2/110261973', 'https://homes.bg/2024-07-02_2/110261974', 'https://homes.bg/2024-07-02_2/110261975', 'https://homes.bg/2024-07-02_2/110261976']",381150.0,EUR,"2,802 EUR/m²",,,False, продажба,PropertyType.TRISTAEN,2025-09-29 06:02:57.782947,https://www.homes.bg/api/offers?currencyId=1&filterOrderBy=0&locationId=1&typeId=ApartmentSell&neighbourhoods%5B%5D=487,213,София,5.0,['Оборище'],апартамент
1539170,as,https://homes.bg/offer/apartament-za-prodazhba/tristaen-140m2-sofiya-oborishte/as1539170,," Оборище, София","Тристаен, 140m²","Необзаведен, Електричество",1,"['https://homes.bg/2024-07-02_2/110261967', 'https://homes.bg/2024-07-02_2/110261968', 'https://homes.bg/2024-07-02_2/110261969', 'https://homes.bg/2024-07-02_2/110261970', 'https://homes.bg/2024-07-02_2/110261971']",438900.0,EUR,"3,135 EUR/m²",,,False, продажба,PropertyType.TRISTAEN,2025-09-29 06:02:57.782958,https://www.homes.bg/api/offers?currencyId=1&filterOrderBy=0&locationId=1&typeId=ApartmentSell&neighbourhoods%5B%5D=487,213,София,5.0,['Оборище'],апартамент
1538117,as,https://homes.bg/offer/apartament-za-prodazhba/dvustaen-65m2-sofiya-oborishte/as1538117,," Оборище, София","Двустаен, 65m²","Необзаведен, Електричество",1,"['https://homes.bg/2024-07-02_2/110261959', 'https://homes.bg/2024-07-02_2/110261960', 'https://homes.bg/2024-07-02_2/110261961', 'https://homes.bg/2024-07-02_2/110261962']",185000.0,EUR,"2,846 EUR/m²",,,False, продажба,PropertyType.DVUSTAEN,2025-09-29 06:02:57.782967,https://www.homes.bg/api/offers?currencyId=1&filterOrderBy=0&locationId=1&typeId=ApartmentSell&neighbourhoods%5B%5D=487,213,София,4.0,['Оборище'],апартамент
1487643,as,https://homes.bg/offer/apartament-za-prodazhba/mezonet-326m2-sofiya-oborishte/as1487643,," Оборище, София","Мезонет, 326m²","Тухла, Необзаведен, ТЕЦ",1,"['https://homes.bg/2024-05-31_2/109847278', 'https://homes.bg/2024-05-31_2/109847279', 'https://homes.bg/2024-05-31_2/109847280', 'https://homes.bg/2024-05-31_2/109847281', 'https://homes.bg/2024-05-31_2/109847282', 'https://homes.bg/2024-05-31_2/109847283', 'https://homes.bg/2024-05-31_2/109847284', 'https://homes.bg/2024-05-31_2/109847285', 'https://homes.bg/2024-05-31_2/109847286', 'https://homes.bg/2024-05-31_2/109847287']",968000.0,EUR,"2,969 EUR/m²",,,False, продажба,PropertyType.MEZONET,2025-09-29 06:02:57.782981,https://www.homes.bg/api/offers?currencyId=1&filterOrderBy=0&locationId=1&typeId=ApartmentSell&neighbourhoods%5B%5D=487,213,София,10.0,['Оборище'],апартамент
1539171,as,https://homes.bg/offer/apartament-za-prodazhba/tristaen-136m2-sofiya-oborishte/as1539171,," Оборище, София","Тристаен, 136m²","Необзаведен, Електричество",1,"['https://homes.bg/2024-03-17_2/108829400', 'https://homes.bg/2024-03-17_2/108829401', 'https://homes.bg/2024-03-17_2/108829402', 'https://homes.bg/2024-03-17_2/108829403', 'https://homes.bg/2024-03-17_2/108829404']",381150.0,EUR,"2,802 EUR/m²",,,False, продажба,PropertyType.TRISTAEN,2025-09-29 06:02:57.782992,https://www.homes.bg/api/offers?currencyId=1&filterOrderBy=0&locationId=1&typeId=ApartmentSell&neighbourhoods%5B%5D=487,213,София,5.0,['Оборище'],апартамент
1539174,as,https://homes.bg/offer/apartament-za-prodazhba/tristaen-145m2-sofiya-oborishte/as1539174,," Оборище, София","Тристаен, 145m²","Необзаведен, Електричество",1,"['https://homes.bg/2024-01-09_2/107832746', 'https://homes.bg/2024-01-09_2/107832747', 'https://homes.bg/2024-01-09_2/107832748', 'https://homes.bg/2024-01-09_2/107832749', 'https://homes.bg/2024-01-09_2/107832750']",398475.0,EUR,"2,748 EUR/m²",,,False, продажба,PropertyType.TRISTAEN,2025-09-29 06:02:57.783002,https://www.homes.bg/api/offers?currencyId=1&filterOrderBy=0&locationId=1&typeId=ApartmentSell&neighbourhoods%5B%5D=487,213,София,5.0,['Оборище'],апартамент
1539166,as,https://homes.bg/offer/apartament-za-prodazhba/tristaen-156m2-sofiya-oborishte/as1539166,," Оборище, София","Тристаен, 156m²",Необзаведен,1,"['https://homes.bg/2024-01-09_2/107832706', 'https://homes.bg/2024-01-09_2/107832707', 'https://homes.bg/2024-01-09_2/107832708', 'https://homes.bg/2024-01-09_2/107832709', 'https://homes.bg/2024-01-09_2/107832710']",375375.0,EUR,"2,406 EUR/m²",,,False, продажба,PropertyType.TRISTAEN,2025-09-29 06:02:57.783012,https://www.homes.bg/api/offers?currencyId=1&filterOrderBy=0&locationId=1&typeId=ApartmentSell&neighbourhoods%5B%5D=487,213,София,5.0,['Оборище'],апартамент
1539169,as,https://homes.bg/offer/apartament-za-prodazhba/tristaen-143m2-sofiya-oborishte/as1539169,," Оборище, София","Тристаен, 143m²","Тухла, Необзаведен, Електричество",1,"['https://homes.bg/2024-01-09_2/107832720', 'https://homes.bg/2024-01-09_2/107832721', 'https://homes.bg/2024-01-09_2/107832722', 'https://homes.bg/2024-01-09_2/107832723', 'https://homes.bg/2024-01-09_2/107832724']",462000.0,EUR,"3,230 EUR/m²",,,False, продажба,PropertyType.TRISTAEN,2025-09-29 06:03:00.681659,https://www.homes.bg/api/offers?currencyId=1&filterOrderBy=0&locationId=1&typeId=ApartmentSell&neighbourhoods%5B%5D=487,213,София,5.0,['Оборище'],апартамент
1539175,as,https://homes.bg/offer/apartament-za-prodazhba/tristaen-173m2-sofiya-oborishte/as1539175,," Оборище, София","Тристаен, 173m²","Необзаведен, Електричество",1,"['https://homes.bg/2024-01-09_2/107832751', 'https://homes.bg/2024-01-09_2/107832752', 'https://homes.bg/2024-01-09_2/107832753', 'https://homes.bg/2024-01-09_2/107832754']",542850.0,EUR,"3,137 EUR/m²",,,False, продажба,PropertyType.TRISTAEN,2025-09-29 06:03:00.681773,https://www.homes.bg/api/offers?currencyId=1&filterOrderBy=0&locationId=1&typeId=ApartmentSell&neighbourhoods%5B%5D=487,213,София,4.0,['Оборище'],апартамент
1539176,as,https://homes.bg/offer/apartament-za-prodazhba/tristaen-145m2-sofiya-oborishte/as1539176,," Оборище, София","Тристаен, 145m²","Необзаведен, Електричество",1,"['https://homes.bg/2024-01-09_2/107832755', 'https://homes.bg/2024-01-09_2/107832756', 'https://homes.bg/2024-01-09_2/107832757', 'https://homes.bg/2024-01-09_2/107832758']",398475.0,EUR,"2,748 EUR/m²",,,False, продажба,PropertyType.TRISTAEN,2025-09-29 06:03:00.681796,https://www.homes.bg/api/offers?currencyId=1&filterOrderBy=0&locationId=1&typeId=ApartmentSell&neighbourhoods%5B%5D=487,213,София,4.0,['Оборище'],апартамент
1539167,as,https://homes.bg/offer/apartament-za-prodazhba/tristaen-14755m2-sofiya-oborishte/as1539167,," Оборище, София","Тристаен, 14755m²",Необзаведен,1,"['https://homes.bg/2024-01-09_2/107832711', 'https://homes.bg/2024-01-09_2/107832712', 'https://homes.bg/2024-01-09_2/107832713', 'https://homes.bg/2024-01-09_2/107832714', 'https://homes.bg/2024-01-09_2/107832715']",346500.0,EUR,23 EUR/m²,,,False, продажба,PropertyType.TRISTAEN,2025-09-29 06:03:00.681813,https://www.homes.bg/api/offers?currencyId=1&filterOrderBy=0&locationId=1&typeId=ApartmentSell&neighbourhoods%5B%5D=487,213,София,5.0,['Оборище'],апартамент
1538897,as,https://homes.bg/offer/apartament-za-prodazhba/tristaen-157m2-sofiya-oborishte/as1538897,," Оборище, София","Тристаен, 157m²",Необзаведен,1,"['https://homes.bg/2024-01-07_2/107804055', 'https://homes.bg/2024-01-07_2/107804056', 'https://homes.bg/2024-01-07_2/107804057', 'https://homes.bg/2024-01-07_2/107804058', 'https://homes.bg/2024-01-07_2/107804059']",427350.0,EUR,"2,721 EUR/m²",,,False, продажба,PropertyType.TRISTAEN,2025-09-29 06:03:00.681829,https://www.homes.bg/api/offers?currencyId=1&filterOrderBy=0&locationId=1&typeId=ApartmentSell&neighbourhoods%5B%5D=487,213,София,5.0,['Оборище'],апартамент
1538898,as,https://homes.bg/offer/apartament-za-prodazhba/tristaen-157m2-sofiya-oborishte/as1538898,," Оборище, София","Тристаен, 157m²","Необзаведен, Електричество",1,"['https://homes.bg/2024-01-07_2/107804060', 'https://homes.bg/2024-01-07_2/107804061', 'https://homes.bg/2024-01-07_2/107804062', 'https://homes.bg/2024-01-07_2/107804063', 'https://homes.bg/2024-01-07_2/107804064', 'https://homes.bg/2024-01-07_2/107804065']",415800.0,EUR,"2,648 EUR/m²",,,False, продажба,PropertyType.TRISTAEN,2025-09-29 06:03:00.681845,https://www.homes.bg/api/offers?currencyId=1&filterOrderBy=0&locationId=1&typeId=ApartmentSell&neighbourhoods%5B%5D=487,213,София,6.0,['Оборище'],апартамент
1538900,as,https://homes.bg/offer/apartament-za-prodazhba/tristaen-145m2-sofiya-oborishte/as1538900,," Оборище, София","Тристаен, 145m²",Необзаведен,1,"['https://homes.bg/2024-01-07_2/107804071', 'https://homes.bg/2024-01-07_2/107804072', 'https://homes.bg/2024-01-07_2/107804073', 'https://homes.bg/2024-01-07_2/107804074', 'https://homes.bg/2024-01-07_2/107804075']",404250.0,EUR,"2,787 EUR/m²",,,False, продажба,PropertyType.TRISTAEN,2025-09-29 06:03:00.681859,https://www.homes.bg/api/offers?currencyId=1&filterOrderBy=0&locationId=1&typeId=ApartmentSell&neighbourhoods%5B%5D=487,213,София,5.0,['Оборище'],апартамент
1537880,as,https://homes.bg/offer/apartament-za-prodazhba/chetiristaen-157m2-sofiya-oborishte/as1537880,," Оборище, София","Четиристаен, 157m²","Тухла, Необзаведен, Електричество",1,"['https://homes.bg/2023-12-30_2/107731018', 'https://homes.bg/2023-12-30_2/107731019', 'https://homes.bg/2023-12-30_2/107731020', 'https://homes.bg/2023-12-30_2/107731021']",451000.0,EUR,"2,872 EUR/m²",,,False, продажба,PropertyType.CHETIRISTAEN,2025-09-29 06:03:00.681873,https://www.homes.bg/api/offers?currencyId=1&filterOrderBy=0&locationId=1&typeId=ApartmentSell&neighbourhoods%5B%5D=487,213,София,4.0,['Оборище'],апартамент
1598415,as,https://homes.bg/offer/apartament-za-prodazhba/dvustaen-57m2-sofiya-oborishte/as1598415,," Оборище, София","Двустаен, 57m²","Тухла, Обзаведен, ТЕЦ",1,"['https://homes.bg/2024-11-12_1/111996483', 'https://homes.bg/2024-11-12_1/111996484', 'https://homes.bg/2024-11-12_1/111996485', 'https://homes.bg/2024-11-12_1/111996486', 'https://homes.bg/2024-11-12_1/111996487']",325000.0,EUR,"5,701 EUR/m²",,,False, продажба,PropertyType.DVUSTAEN,2025-09-29 06:03:00.681888,https://www.homes.bg/api/offers?currencyId=1&filterOrderBy=0&locationId=1&typeId=ApartmentSell&neighbourhoods%5B%5D=487,213,София,5.0,['Оборище'],апартамент
1582225,as,https://homes.bg/offer/apartament-za-prodazhba/dvustaen-78m2-sofiya-oborishte/as1582225,," Оборище, София","Двустаен, 78m²","ЕПК, Необзаведен, ТЕЦ",1,[],259900.0,EUR,"3,332 EUR/m²",,,False, продажба,PropertyType.DVUSTAEN,2025-09-29 06:03:00.681900,https://www.homes.bg/api/offers?currencyId=1&filterOrderBy=0&locationId=1&typeId=ApartmentSell&neighbourhoods%5B%5D=487,213,София,0.0,['Оборище'],апартамент
1581201,as,https://homes.bg/offer/apartament-za-prodazhba/chetiristaen-118m2-sofiya-oborishte/as1581201,," Оборище, София","Четиристаен, 118m²","Тухла, Необзаведен, ТЕЦ",1,"['https://homes.bg/2024-08-03_1/110691613', 'https://homes.bg/2024-08-03_1/110691614', 'https://homes.bg/2024-08-03_1/110691615', 'https://homes.bg/2024-08-03_1/110691616', 'https://homes.bg/2024-08-03_1/110691617', 'https://homes.bg/2024-08-03_1/110691618', 'https://homes.bg/2024-08-03_1/110691619']",435000.0,EUR,"3,686 EUR/m²",,,False, продажба,PropertyType.CHETIRISTAEN,2025-09-29 06:03:00.681915,https://www.homes.bg/api/offers?currencyId=1&filterOrderBy=0&locationId=1&typeId=ApartmentSell&neighbourhoods%5B%5D=487,213,София,7.0,['Оборище'],апартамент
1496243,as,https://homes.bg/offer/apartament-za-prodazhba/mnogostaen-152m2-sofiya-oborishte/as1496243,," Оборище, София","Многостаен, 152m²","Тухла, Необзаведен, ТЕЦ",1,"['https://homes.bg/2023-05-31_1/100007817', 'https://homes.bg/2023-05-31_1/100007818', 'https://homes.bg/2023-05-31_1/100007819', 'https://homes.bg/2023-05-31_1/100007820', 'https://homes.bg/2023-05-31_1/100007821', 'https://homes.bg/2023-05-31_1/100007822']",577600.0,EUR,"3,800 EUR/m²",,,False, продажба,PropertyType.MNOGOSTAEN,2025-09-29 06:03:00.681930,https://www.homes.bg/api/offers?currencyId=1&filterOrderBy=0&locationId=1&typeId=ApartmentSell&neighbourhoods%5B%5D=487,213,София,6.0,['Оборище'],апартамент
1627670,as,https://homes.bg/offer/apartament-za-prodazhba/dvustaen-65m2-sofiya-oborishte/as1627670,," Оборище, София","Двустаен, 65m²","Панел, Обзаведен",1,"['https://homes.bg/2025-07-25_1/115056211', 'https://homes.bg/2025-07-25_1/115056212', 'https://homes.bg/2025-07-25_1/115056213', 'https://homes.bg/2025-07-25_1/115056214', 'https://homes.bg/2025-07-25_1/115056215']",198600.0,EUR,"3,055 EUR/m²",,,False, продажба,PropertyType.DVUSTAEN,2025-09-29 06:03:00.681945,https://www.homes.bg/api/offers?currencyId=1&filterOrderBy=0&locationId=1&typeId=ApartmentSell&neighbourhoods%5B%5D=487,213,София,5.0,['Оборище'],апартамент
