id,type,url,time,location,title,description,status,photos,price_value,price_currency,price_per_square_meter,price_period,main_photo,is_favorite,offer_type,property_type,date_added,search_url,total_offers,location_id,num_photos,neighborhoods,main_property_type
1616667,as,https://homes.bg/offer/apartament-za-prodazhba/tristaen-138m2-sofiya-oborishte/as1616667,вчера," Оборище, София","Тристаен, 138m²",Тухла,1,"['https://homes.bg/2025-03-12_2/113336243', 'https://homes.bg/2025-03-12_2/113336245', 'https://homes.bg/2025-03-12_2/113336248', 'https://homes.bg/2025-03-12_2/113336250', 'https://homes.bg/2025-03-12_2/113336252']",430200.0,EUR,"3,117 EUR/m²",,,False, продажба,PropertyType.TRISTAEN,2025-05-06 06:02:44.702017,https://www.homes.bg/api/offers?currencyId=1&filterOrderBy=0&locationId=1&typeId=ApartmentSell&neighbourhoods%5B%5D=487,230,София,5.0,['Оборище'],апартамент
1616400,as,https://homes.bg/offer/apartament-za-prodazhba/chetiristaen-155m2-sofiya-oborishte/as1616400,вчера," Оборище, София","Четиристаен, 155m²",Тухла,1,"['https://homes.bg/2025-03-12_1/113327983', 'https://homes.bg/2025-03-12_1/113327984', 'https://homes.bg/2025-03-12_1/113327985', 'https://homes.bg/2025-03-12_1/113327986']",557790.0,EUR,"3,598 EUR/m²",,,False, продажба,PropertyType.CHETIRISTAEN,2025-05-06 06:02:44.702111,https://www.homes.bg/api/offers?currencyId=1&filterOrderBy=0&locationId=1&typeId=ApartmentSell&neighbourhoods%5B%5D=487,230,София,4.0,['Оборище'],апартамент
1614433,as,https://homes.bg/offer/apartament-za-prodazhba/chetiristaen-196m2-sofiya-oborishte/as1614433,вчера," Оборище, София","Четиристаен, 196m²",Тухла,1,"['https://homes.bg/2025-02-27_2/113190226', 'https://homes.bg/2025-02-27_2/113190228', 'https://homes.bg/2025-02-27_2/113190230', 'https://homes.bg/2025-02-27_2/113190232']",620235.0,EUR,"3,164 EUR/m²",,,False, продажба,PropertyType.CHETIRISTAEN,2025-05-06 06:02:44.702146,https://www.homes.bg/api/offers?currencyId=1&filterOrderBy=0&locationId=1&typeId=ApartmentSell&neighbourhoods%5B%5D=487,230,София,4.0,['Оборище'],апартамент
1614434,as,https://homes.bg/offer/apartament-za-prodazhba/chetiristaen-195m2-sofiya-oborishte/as1614434,вчера," Оборище, София","Четиристаен, 195m²",Тухла,1,"['https://homes.bg/2025-02-27_2/113190234', 'https://homes.bg/2025-02-27_2/113190236', 'https://homes.bg/2025-02-27_2/113190237', 'https://homes.bg/2025-02-27_2/113190240']",595840.0,EUR,"3,055 EUR/m²",,,False, продажба,PropertyType.CHETIRISTAEN,2025-05-06 06:02:44.702176,https://www.homes.bg/api/offers?currencyId=1&filterOrderBy=0&locationId=1&typeId=ApartmentSell&neighbourhoods%5B%5D=487,230,София,4.0,['Оборище'],апартамент
1614435,as,https://homes.bg/offer/apartament-za-prodazhba/chetiristaen-194m2-sofiya-oborishte/as1614435,вчера," Оборище, София","Четиристаен, 194m²",Тухла,1,"['https://homes.bg/2025-02-27_2/113190242', 'https://homes.bg/2025-02-27_2/113190244', 'https://homes.bg/2025-02-27_2/113190246', 'https://homes.bg/2025-02-27_2/113190248', 'https://homes.bg/2025-02-27_2/113190250']",576790.0,EUR,"2,973 EUR/m²",,,False, продажба,PropertyType.CHETIRISTAEN,2025-05-06 06:02:44.702224,https://www.homes.bg/api/offers?currencyId=1&filterOrderBy=0&locationId=1&typeId=ApartmentSell&neighbourhoods%5B%5D=487,230,София,5.0,['Оборище'],апартамент
1614436,as,https://homes.bg/offer/apartament-za-prodazhba/chetiristaen-191m2-sofiya-oborishte/as1614436,вчера," Оборище, София","Четиристаен, 191m²",Тухла,1,"['https://homes.bg/2025-02-27_2/113190252', 'https://homes.bg/2025-02-27_2/113190254', 'https://homes.bg/2025-02-27_2/113190256', 'https://homes.bg/2025-02-27_2/113190258', 'https://homes.bg/2025-02-27_2/113190260']",544290.0,EUR,"2,849 EUR/m²",,,False, продажба,PropertyType.CHETIRISTAEN,2025-05-06 06:02:44.702254,https://www.homes.bg/api/offers?currencyId=1&filterOrderBy=0&locationId=1&typeId=ApartmentSell&neighbourhoods%5B%5D=487,230,София,5.0,['Оборище'],апартамент
1614439,as,https://homes.bg/offer/apartament-za-prodazhba/tristaen-148m2-sofiya-oborishte/as1614439,вчера," Оборище, София","Тристаен, 148m²",Тухла,1,"['https://homes.bg/2025-02-27_2/113190285', 'https://homes.bg/2025-02-27_2/113190287', 'https://homes.bg/2025-02-27_2/113190289', 'https://homes.bg/2025-02-27_2/113190291', 'https://homes.bg/2025-02-27_2/113190293', 'https://homes.bg/2025-02-27_2/113190295', 'https://homes.bg/2025-02-27_2/113190298']",485900.0,EUR,"3,283 EUR/m²",,,False, продажба,PropertyType.TRISTAEN,2025-05-06 06:02:44.702281,https://www.homes.bg/api/offers?currencyId=1&filterOrderBy=0&locationId=1&typeId=ApartmentSell&neighbourhoods%5B%5D=487,230,София,7.0,['Оборище'],апартамент
1567981,as,https://homes.bg/offer/apartament-za-prodazhba/tristaen-148m2-sofiya-oborishte/as1567981,вчера," Оборище, София","Тристаен, 148m²","Тухла, Електричество",1,['https://homes.bg/2025-02-25_2/113155283'],485900.0,EUR,"3,283 EUR/m²",,,False, продажба,PropertyType.TRISTAEN,2025-05-06 06:02:44.702317,https://www.homes.bg/api/offers?currencyId=1&filterOrderBy=0&locationId=1&typeId=ApartmentSell&neighbourhoods%5B%5D=487,230,София,1.0,['Оборище'],апартамент
1549893,as,https://homes.bg/offer/apartament-za-prodazhba/dvustaen-62m2-sofiya-oborishte/as1549893,вчера," Оборище, София","Двустаен, 62m²",,1,"['https://homes.bg/2024-11-13_2/112028304', 'https://homes.bg/2024-11-13_2/112028305', 'https://homes.bg/2024-11-13_2/112028306', 'https://homes.bg/2024-11-13_2/112028307']",173250.0,EUR,"2,794 EUR/m²",,,False, продажба,PropertyType.DVUSTAEN,2025-05-06 06:02:44.702346,https://www.homes.bg/api/offers?currencyId=1&filterOrderBy=0&locationId=1&typeId=ApartmentSell&neighbourhoods%5B%5D=487,230,София,4.0,['Оборище'],апартамент
1616663,as,https://homes.bg/offer/apartament-za-prodazhba/tristaen-147m2-sofiya-oborishte/as1616663,вчера," Оборище, София","Тристаен, 147m²",Тухла,1,"['https://homes.bg/2025-03-12_2/113336199', 'https://homes.bg/2025-03-12_2/113336202', 'https://homes.bg/2025-03-12_2/113336204', 'https://homes.bg/2025-03-12_2/113336207', 'https://homes.bg/2025-03-12_2/113336209']",487500.0,EUR,"3,316 EUR/m²",,,False, продажба,PropertyType.TRISTAEN,2025-05-06 06:02:44.702367,https://www.homes.bg/api/offers?currencyId=1&filterOrderBy=0&locationId=1&typeId=ApartmentSell&neighbourhoods%5B%5D=487,230,София,5.0,['Оборище'],апартамент
1616664,as,https://homes.bg/offer/apartament-za-prodazhba/tristaen-135m2-sofiya-oborishte/as1616664,вчера," Оборище, София","Тристаен, 135m²",Тухла,1,"['https://homes.bg/2025-03-12_2/113336211', 'https://homes.bg/2025-03-12_2/113336213', 'https://homes.bg/2025-03-12_2/113336215', 'https://homes.bg/2025-03-12_2/113336218', 'https://homes.bg/2025-03-12_2/113336220']",447750.0,EUR,"3,316 EUR/m²",,,False, продажба,PropertyType.TRISTAEN,2025-05-06 06:02:44.702383,https://www.homes.bg/api/offers?currencyId=1&filterOrderBy=0&locationId=1&typeId=ApartmentSell&neighbourhoods%5B%5D=487,230,София,5.0,['Оборище'],апартамент
1616670,as,https://homes.bg/offer/apartament-za-prodazhba/chetiristaen-183m2-sofiya-oborishte/as1616670,вчера," Оборище, София","Четиристаен, 183m²",Тухла,1,"['https://homes.bg/2025-03-12_2/113336275', 'https://homes.bg/2025-03-12_2/113336278', 'https://homes.bg/2025-03-12_2/113336280', 'https://homes.bg/2025-03-12_2/113336282']",539700.0,EUR,"2,949 EUR/m²",,,False, продажба,PropertyType.CHETIRISTAEN,2025-05-06 06:02:44.702401,https://www.homes.bg/api/offers?currencyId=1&filterOrderBy=0&locationId=1&typeId=ApartmentSell&neighbourhoods%5B%5D=487,230,София,4.0,['Оборище'],апартамент
1616672,as,https://homes.bg/offer/apartament-za-prodazhba/chetiristaen-155m2-sofiya-oborishte/as1616672,вчера," Оборище, София","Четиристаен, 155m²",Тухла,1,"['https://homes.bg/2025-03-12_2/113336293', 'https://homes.bg/2025-03-12_2/113336295', 'https://homes.bg/2025-03-12_2/113336298']",595000.0,EUR,"3,838 EUR/m²",,,False, продажба,PropertyType.CHETIRISTAEN,2025-05-06 06:02:44.702418,https://www.homes.bg/api/offers?currencyId=1&filterOrderBy=0&locationId=1&typeId=ApartmentSell&neighbourhoods%5B%5D=487,230,София,3.0,['Оборище'],апартамент
1616673,as,https://homes.bg/offer/apartament-za-prodazhba/chetiristaen-155m2-sofiya-oborishte/as1616673,вчера," Оборище, София","Четиристаен, 155m²",Тухла,1,"['https://homes.bg/2025-03-12_2/113336300', 'https://homes.bg/2025-03-12_2/113336302', 'https://homes.bg/2025-03-12_2/113336304', 'https://homes.bg/2025-03-12_2/113336306']",557790.0,EUR,"3,598 EUR/m²",,,False, продажба,PropertyType.CHETIRISTAEN,2025-05-06 06:02:44.702433,https://www.homes.bg/api/offers?currencyId=1&filterOrderBy=0&locationId=1&typeId=ApartmentSell&neighbourhoods%5B%5D=487,230,София,4.0,['Оборище'],апартамент
1614437,as,https://homes.bg/offer/apartament-za-prodazhba/chetiristaen-184m2-sofiya-oborishte/as1614437,вчера," Оборище, София","Четиристаен, 184m²",Тухла,1,"['https://homes.bg/2025-02-27_2/113190262', 'https://homes.bg/2025-02-27_2/113190264', 'https://homes.bg/2025-02-27_2/113190266', 'https://homes.bg/2025-02-27_2/113190268', 'https://homes.bg/2025-02-27_2/113190270', 'https://homes.bg/2025-02-27_2/113190272']",680060.0,EUR,"3,695 EUR/m²",,,False, продажба,PropertyType.CHETIRISTAEN,2025-05-06 06:02:44.702448,https://www.homes.bg/api/offers?currencyId=1&filterOrderBy=0&locationId=1&typeId=ApartmentSell&neighbourhoods%5B%5D=487,230,София,6.0,['Оборище'],апартамент
1614440,as,https://homes.bg/offer/apartament-za-prodazhba/tristaen-144m2-sofiya-oborishte/as1614440,вчера," Оборище, София","Тристаен, 144m²",Тухла,1,"['https://homes.bg/2025-02-27_2/113190300', 'https://homes.bg/2025-02-27_2/113190302', 'https://homes.bg/2025-02-27_2/113190304', 'https://homes.bg/2025-02-27_2/113190306', 'https://homes.bg/2025-02-27_2/113190307', 'https://homes.bg/2025-02-27_2/113190310', 'https://homes.bg/2025-02-27_2/113190312']",472200.0,EUR,"3,279 EUR/m²",,,False, продажба,PropertyType.TRISTAEN,2025-05-06 06:02:44.702468,https://www.homes.bg/api/offers?currencyId=1&filterOrderBy=0&locationId=1&typeId=ApartmentSell&neighbourhoods%5B%5D=487,230,София,7.0,['Оборище'],апартамент
1612998,as,https://homes.bg/offer/apartament-za-prodazhba/tristaen-118m2-sofiya-oborishte/as1612998,вчера," Оборище, София","Тристаен, 118m²","Тухла, Обзаведен, ТЕЦ",1,"['https://homes.bg/2025-02-19_1/113092010', 'https://homes.bg/2025-02-19_1/113092011', 'https://homes.bg/2025-02-19_1/113092012', 'https://homes.bg/2025-02-19_1/113092013', 'https://homes.bg/2025-02-19_1/113092014', 'https://homes.bg/2025-02-19_1/113092015', 'https://homes.bg/2025-02-19_1/113092016', 'https://homes.bg/2025-02-19_1/113092017', 'https://homes.bg/2025-02-19_1/113092018', 'https://homes.bg/2025-02-19_1/113092019']",450000.0,EUR,"3,813 EUR/m²",,,False, продажба,PropertyType.TRISTAEN,2025-05-06 06:02:44.702487,https://www.homes.bg/api/offers?currencyId=1&filterOrderBy=0&locationId=1&typeId=ApartmentSell&neighbourhoods%5B%5D=487,230,София,10.0,['Оборище'],апартамент
1616669,as,https://homes.bg/offer/apartament-za-prodazhba/tristaen-144m2-sofiya-oborishte/as1616669,вчера," Оборище, София","Тристаен, 144m²",Тухла,1,"['https://homes.bg/2025-03-12_2/113336264', 'https://homes.bg/2025-03-12_2/113336266', 'https://homes.bg/2025-03-12_2/113336269', 'https://homes.bg/2025-03-12_2/113336271', 'https://homes.bg/2025-03-12_2/113336273']",434700.0,EUR,"3,018 EUR/m²",,,False, продажба,PropertyType.TRISTAEN,2025-05-06 06:02:44.702502,https://www.homes.bg/api/offers?currencyId=1&filterOrderBy=0&locationId=1&typeId=ApartmentSell&neighbourhoods%5B%5D=487,230,София,5.0,['Оборище'],апартамент
1616671,as,https://homes.bg/offer/apartament-za-prodazhba/chetiristaen-178m2-sofiya-oborishte/as1616671,вчера," Оборище, София","Четиристаен, 178m²",Тухла,1,"['https://homes.bg/2025-03-12_2/113336284', 'https://homes.bg/2025-03-12_2/113336286', 'https://homes.bg/2025-03-12_2/113336289', 'https://homes.bg/2025-03-12_2/113336291']",532800.0,EUR,"2,993 EUR/m²",,,False, продажба,PropertyType.CHETIRISTAEN,2025-05-06 06:02:44.702517,https://www.homes.bg/api/offers?currencyId=1&filterOrderBy=0&locationId=1&typeId=ApartmentSell&neighbourhoods%5B%5D=487,230,София,4.0,['Оборище'],апартамент
1614431,as,https://homes.bg/offer/apartament-za-prodazhba/chetiristaen-187m2-sofiya-oborishte/as1614431,вчера," Оборище, София","Четиристаен, 187m²",Тухла,1,"['https://homes.bg/2025-02-27_2/113190214', 'https://homes.bg/2025-02-27_2/113190216', 'https://homes.bg/2025-02-27_2/113190218']",626000.0,EUR,"3,347 EUR/m²",,,False, продажба,PropertyType.CHETIRISTAEN,2025-05-06 06:02:44.702531,https://www.homes.bg/api/offers?currencyId=1&filterOrderBy=0&locationId=1&typeId=ApartmentSell&neighbourhoods%5B%5D=487,230,София,3.0,['Оборище'],апартамент
1614432,as,https://homes.bg/offer/apartament-za-prodazhba/chetiristaen-195m2-sofiya-oborishte/as1614432,вчера," Оборище, София","Четиристаен, 195m²",Тухла,1,"['https://homes.bg/2025-02-27_2/113190220', 'https://homes.bg/2025-02-27_2/113190222', 'https://homes.bg/2025-02-27_2/113190224']",635970.0,EUR,"3,261 EUR/m²",,,False, продажба,PropertyType.CHETIRISTAEN,2025-05-06 06:02:44.702544,https://www.homes.bg/api/offers?currencyId=1&filterOrderBy=0&locationId=1&typeId=ApartmentSell&neighbourhoods%5B%5D=487,230,София,3.0,['Оборище'],апартамент
1614438,as,https://homes.bg/offer/apartament-za-prodazhba/chetiristaen-184m2-sofiya-oborishte/as1614438,вчера," Оборище, София","Четиристаен, 184m²",Тухла,1,"['https://homes.bg/2025-02-27_2/113190274', 'https://homes.bg/2025-02-27_2/113190276', 'https://homes.bg/2025-02-27_2/113190278', 'https://homes.bg/2025-02-27_2/113190280', 'https://homes.bg/2025-02-27_2/113190283']",642390.0,EUR,"3,491 EUR/m²",,,False, продажба,PropertyType.CHETIRISTAEN,2025-05-06 06:02:44.702558,https://www.homes.bg/api/offers?currencyId=1&filterOrderBy=0&locationId=1&typeId=ApartmentSell&neighbourhoods%5B%5D=487,230,София,5.0,['Оборище'],апартамент
1568146,as,https://homes.bg/offer/apartament-za-prodazhba/chetiristaen-176m2-sofiya-oborishte/as1568146,вчера," Оборище, София","Четиристаен, 176m²","Тухла, Електричество",1,['https://homes.bg/2025-02-25_2/113155281'],531700.0,EUR,"3,021 EUR/m²",,,False, продажба,PropertyType.CHETIRISTAEN,2025-05-06 06:02:44.702570,https://www.homes.bg/api/offers?currencyId=1&filterOrderBy=0&locationId=1&typeId=ApartmentSell&neighbourhoods%5B%5D=487,230,София,1.0,['Оборище'],апартамент
1567980,as,https://homes.bg/offer/apartament-za-prodazhba/tristaen-144m2-sofiya-oborishte/as1567980,вчера," Оборище, София","Тристаен, 144m²","Тухла, Електричество",1,['https://homes.bg/2025-02-25_2/113155282'],472200.0,EUR,"3,279 EUR/m²",,,False, продажба,PropertyType.TRISTAEN,2025-05-06 06:02:44.702582,https://www.homes.bg/api/offers?currencyId=1&filterOrderBy=0&locationId=1&typeId=ApartmentSell&neighbourhoods%5B%5D=487,230,София,1.0,['Оборище'],апартамент
1615738,as,https://homes.bg/offer/apartament-za-prodazhba/tristaen-81m2-sofiya-oborishte/as1615738,вчера," Оборище, София","Тристаен, 81m²","Тухла, Обзаведен, ТЕЦ",1,"['https://homes.bg/2025-03-08_1/113288839', 'https://homes.bg/2025-03-08_1/113288840', 'https://homes.bg/2025-03-08_1/113288841', 'https://homes.bg/2025-03-08_1/113288842', 'https://homes.bg/2025-03-08_1/113288843']",330000.0,EUR,"4,074 EUR/m²",,,False, продажба,PropertyType.TRISTAEN,2025-05-06 06:02:44.702598,https://www.homes.bg/api/offers?currencyId=1&filterOrderBy=0&locationId=1&typeId=ApartmentSell&neighbourhoods%5B%5D=487,230,София,5.0,['Оборище'],апартамент
1609572,as,https://homes.bg/offer/apartament-za-prodazhba/dvustaen-65m2-sofiya-oborishte/as1609572,вчера," Оборище, София","Двустаен, 65m²","Тухла, ТЕЦ",1,"['https://homes.bg/2025-02-01_1/112896273', 'https://homes.bg/2025-02-01_1/112896274', 'https://homes.bg/2025-02-01_1/112896275', 'https://homes.bg/2025-02-01_1/112896276', 'https://homes.bg/2025-02-01_1/112896277', 'https://homes.bg/2025-02-01_1/112896278', 'https://homes.bg/2025-02-01_1/112896279', 'https://homes.bg/2025-02-01_1/112896280']",255324.0,EUR,"3,928 EUR/m²",,,False, продажба,PropertyType.DVUSTAEN,2025-05-06 06:02:44.702612,https://www.homes.bg/api/offers?currencyId=1&filterOrderBy=0&locationId=1&typeId=ApartmentSell&neighbourhoods%5B%5D=487,230,София,8.0,['Оборище'],апартамент
1607657,as,https://homes.bg/offer/apartament-za-prodazhba/tristaen-100m2-sofiya-oborishte/as1607657,вчера," Оборище, София","Тристаен, 100m²","Тухла, Необзаведен, Прокарва се",1,"['https://homes.bg/2025-01-24_1/112803473', 'https://homes.bg/2025-01-24_1/112803474', 'https://homes.bg/2025-01-24_1/112803475', 'https://homes.bg/2025-01-24_1/112803476', 'https://homes.bg/2025-01-24_1/112803477', 'https://homes.bg/2025-01-24_1/112803478']",278000.0,EUR,"2,780 EUR/m²",,,False, продажба,PropertyType.TRISTAEN,2025-05-06 06:02:44.702627,https://www.homes.bg/api/offers?currencyId=1&filterOrderBy=0&locationId=1&typeId=ApartmentSell&neighbourhoods%5B%5D=487,230,София,6.0,['Оборище'],апартамент
1549277,as,https://homes.bg/offer/apartament-za-prodazhba/tristaen-90m2-sofiya-oborishte/as1549277,вчера," Оборище, София","Тристаен, 90m²",,1,"['https://homes.bg/2024-11-13_2/112028308', 'https://homes.bg/2024-11-13_2/112028309', 'https://homes.bg/2024-11-13_2/112028310', 'https://homes.bg/2024-11-13_2/112028311']",271425.0,EUR,"3,015 EUR/m²",,,False, продажба,PropertyType.TRISTAEN,2025-05-06 06:02:44.702642,https://www.homes.bg/api/offers?currencyId=1&filterOrderBy=0&locationId=1&typeId=ApartmentSell&neighbourhoods%5B%5D=487,230,София,4.0,['Оборище'],апартамент
1616662,as,https://homes.bg/offer/apartament-za-prodazhba/chetiristaen-185m2-sofiya-oborishte/as1616662,вчера," Оборище, София","Четиристаен, 185m²",Тухла,1,"['https://homes.bg/2025-03-12_2/113336188', 'https://homes.bg/2025-03-12_2/113336190', 'https://homes.bg/2025-03-12_2/113336193', 'https://homes.bg/2025-03-12_2/113336195', 'https://homes.bg/2025-03-12_2/113336197']",894600.0,EUR,"4,835 EUR/m²",,,False, продажба,PropertyType.CHETIRISTAEN,2025-05-06 06:02:44.702656,https://www.homes.bg/api/offers?currencyId=1&filterOrderBy=0&locationId=1&typeId=ApartmentSell&neighbourhoods%5B%5D=487,230,София,5.0,['Оборище'],апартамент
1616665,as,https://homes.bg/offer/apartament-za-prodazhba/tristaen-128m2-sofiya-oborishte/as1616665,вчера," Оборище, София","Тристаен, 128m²",Тухла,1,"['https://homes.bg/2025-03-12_2/113336222', 'https://homes.bg/2025-03-12_2/113336224', 'https://homes.bg/2025-03-12_2/113336226', 'https://homes.bg/2025-03-12_2/113336228', 'https://homes.bg/2025-03-12_2/113336230']",411250.0,EUR,"3,212 EUR/m²",,,False, продажба,PropertyType.TRISTAEN,2025-05-06 06:02:44.702670,https://www.homes.bg/api/offers?currencyId=1&filterOrderBy=0&locationId=1&typeId=ApartmentSell&neighbourhoods%5B%5D=487,230,София,5.0,['Оборище'],апартамент
1616666,as,https://homes.bg/offer/apartament-za-prodazhba/tristaen-137m2-sofiya-oborishte/as1616666,вчера," Оборище, София","Тристаен, 137m²",Тухла,1,"['https://homes.bg/2025-03-12_2/113336232', 'https://homes.bg/2025-03-12_2/113336234', 'https://homes.bg/2025-03-12_2/113336237', 'https://homes.bg/2025-03-12_2/113336239', 'https://homes.bg/2025-03-12_2/113336241']",425300.0,EUR,"3,104 EUR/m²",,,False, продажба,PropertyType.TRISTAEN,2025-05-06 06:02:44.702686,https://www.homes.bg/api/offers?currencyId=1&filterOrderBy=0&locationId=1&typeId=ApartmentSell&neighbourhoods%5B%5D=487,230,София,5.0,['Оборище'],апартамент
1616668,as,https://homes.bg/offer/apartament-za-prodazhba/tristaen-141m2-sofiya-oborishte/as1616668,вчера," Оборище, София","Тристаен, 141m²",Тухла,1,"['https://homes.bg/2025-03-12_2/113336254', 'https://homes.bg/2025-03-12_2/113336256', 'https://homes.bg/2025-03-12_2/113336258', 'https://homes.bg/2025-03-12_2/113336260', 'https://homes.bg/2025-03-12_2/113336262']",424850.0,EUR,"3,013 EUR/m²",,,False, продажба,PropertyType.TRISTAEN,2025-05-06 06:02:44.702699,https://www.homes.bg/api/offers?currencyId=1&filterOrderBy=0&locationId=1&typeId=ApartmentSell&neighbourhoods%5B%5D=487,230,София,5.0,['Оборище'],апартамент
1616401,as,https://homes.bg/offer/apartament-za-prodazhba/chetiristaen-186m2-sofiya-oborishte/as1616401,вчера," Оборище, София","Четиристаен, 186m²",Тухла,1,"['https://homes.bg/2025-03-12_1/113327987', 'https://homes.bg/2025-03-12_1/113327988', 'https://homes.bg/2025-03-12_1/113327989', 'https://homes.bg/2025-03-12_1/113327990', 'https://homes.bg/2025-03-12_1/113327991']",576300.0,EUR,"3,098 EUR/m²",,,False, продажба,PropertyType.CHETIRISTAEN,2025-05-06 06:02:44.702712,https://www.homes.bg/api/offers?currencyId=1&filterOrderBy=0&locationId=1&typeId=ApartmentSell&neighbourhoods%5B%5D=487,230,София,5.0,['Оборище'],апартамент
1614441,as,https://homes.bg/offer/apartament-za-prodazhba/dvustaen-65m2-sofiya-oborishte/as1614441,вчера," Оборище, София","Двустаен, 65m²",Тухла,1,"['https://homes.bg/2025-02-27_2/113190314', 'https://homes.bg/2025-02-27_2/113190316', 'https://homes.bg/2025-02-27_2/113190317', 'https://homes.bg/2025-02-27_2/113190319', 'https://homes.bg/2025-02-27_2/113190321', 'https://homes.bg/2025-02-27_2/113190323', 'https://homes.bg/2025-02-27_2/113190325']",212770.0,EUR,"3,273 EUR/m²",,,False, продажба,PropertyType.DVUSTAEN,2025-05-06 06:02:44.702726,https://www.homes.bg/api/offers?currencyId=1&filterOrderBy=0&locationId=1&typeId=ApartmentSell&neighbourhoods%5B%5D=487,230,София,7.0,['Оборище'],апартамент
1625548,as,https://homes.bg/offer/apartament-za-prodazhba/tristaen-137m2-sofiya-oborishte/as1625548,," Оборище, София","Тристаен, 137m²","Тухла, Полуобзаведен, Електричество",1,"['https://homes.bg/2025-05-03_2/113988297', 'https://homes.bg/2025-05-03_2/113988298', 'https://homes.bg/2025-05-03_2/113988299', 'https://homes.bg/2025-05-03_2/113988300', 'https://homes.bg/2025-05-03_2/113988301', 'https://homes.bg/2025-05-03_2/113988302', 'https://homes.bg/2025-05-03_2/113988303', 'https://homes.bg/2025-05-03_2/113988304', 'https://homes.bg/2025-05-03_2/113988305', 'https://homes.bg/2025-05-03_2/113988306']",459000.0,EUR,"3,350 EUR/m²",,,False, продажба,PropertyType.TRISTAEN,2025-05-06 06:02:44.702741,https://www.homes.bg/api/offers?currencyId=1&filterOrderBy=0&locationId=1&typeId=ApartmentSell&neighbourhoods%5B%5D=487,230,София,10.0,['Оборище'],апартамент
1610052,as,https://homes.bg/offer/apartament-za-prodazhba/tristaen-106m2-sofiya-oborishte/as1610052,," Оборище, София","Тристаен, 106m²","Тухла, Необзаведен, ТЕЦ",1,"['https://homes.bg/2025-05-03_2/113984689', 'https://homes.bg/2025-05-03_2/113984690', 'https://homes.bg/2025-05-03_2/113984691', 'https://homes.bg/2025-05-03_2/113984692', 'https://homes.bg/2025-05-03_2/113984693']",234674.0,EUR,"2,213 EUR/m²",,,False, продажба,PropertyType.TRISTAEN,2025-05-06 06:02:44.702758,https://www.homes.bg/api/offers?currencyId=1&filterOrderBy=0&locationId=1&typeId=ApartmentSell&neighbourhoods%5B%5D=487,230,София,5.0,['Оборище'],апартамент
1625862,as,https://homes.bg/offer/apartament-za-prodazhba/mnogostaen-250m2-sofiya-oborishte/as1625862,," Оборище, София","Многостаен, 250m²","Тухла, ТЕЦ",1,"['https://homes.bg/2025-05-03_1/113983810', 'https://homes.bg/2025-05-03_1/113983811', 'https://homes.bg/2025-05-03_1/113983812', 'https://homes.bg/2025-05-03_1/113983813', 'https://homes.bg/2025-05-03_1/113983814', 'https://homes.bg/2025-05-03_1/113983815', 'https://homes.bg/2025-05-03_1/113983816', 'https://homes.bg/2025-05-03_1/113983817']",1800000.0,EUR,"7,200 EUR/m²",,,False, продажба,PropertyType.MNOGOSTAEN,2025-05-06 06:02:44.702772,https://www.homes.bg/api/offers?currencyId=1&filterOrderBy=0&locationId=1&typeId=ApartmentSell&neighbourhoods%5B%5D=487,230,София,8.0,['Оборище'],апартамент
1493253,as,https://homes.bg/offer/apartament-za-prodazhba/tristaen-143m2-sofiya-oborishte/as1493253,," Оборище, София","Тристаен, 143m²","Тухла, ТЕЦ",1,"['https://homes.bg/2023-05-17_1/99253237', 'https://homes.bg/2023-05-17_1/99253238', 'https://homes.bg/2023-05-17_1/99253239', 'https://homes.bg/2023-05-17_1/99253240', 'https://homes.bg/2023-05-17_1/99253241', 'https://homes.bg/2023-05-17_1/99253242', 'https://homes.bg/2023-05-17_1/99253243', 'https://homes.bg/2023-05-17_1/99253244', 'https://homes.bg/2023-05-17_1/99253245', 'https://homes.bg/2023-05-17_1/99253246']",521640.0,EUR,"3,647 EUR/m²",,,False, продажба,PropertyType.TRISTAEN,2025-05-06 06:02:44.702786,https://www.homes.bg/api/offers?currencyId=1&filterOrderBy=0&locationId=1&typeId=ApartmentSell&neighbourhoods%5B%5D=487,230,София,10.0,['Оборище'],апартамент
1493255,as,https://homes.bg/offer/apartament-za-prodazhba/tristaen-125m2-sofiya-oborishte/as1493255,," Оборище, София","Тристаен, 125m²","Тухла, ТЕЦ",1,"['https://homes.bg/2023-05-17_1/99253257', 'https://homes.bg/2023-05-17_1/99253258', 'https://homes.bg/2023-05-17_1/99253259', 'https://homes.bg/2023-05-17_1/99253260', 'https://homes.bg/2023-05-17_1/99253261', 'https://homes.bg/2023-05-17_1/99253262', 'https://homes.bg/2023-05-17_1/99253263', 'https://homes.bg/2023-05-17_1/99253264', 'https://homes.bg/2023-05-17_1/99253265', 'https://homes.bg/2023-05-17_1/99253266']",493500.0,EUR,"3,948 EUR/m²",,,False, продажба,PropertyType.TRISTAEN,2025-05-06 06:02:44.702800,https://www.homes.bg/api/offers?currencyId=1&filterOrderBy=0&locationId=1&typeId=ApartmentSell&neighbourhoods%5B%5D=487,230,София,10.0,['Оборище'],апартамент
1493523,as,https://homes.bg/offer/apartament-za-prodazhba/tristaen-132m2-sofiya-oborishte/as1493523,," Оборище, София","Тристаен, 132m²","Тухла, ТЕЦ",1,"['https://homes.bg/2023-05-18_1/99303598', 'https://homes.bg/2023-05-18_1/99303599', 'https://homes.bg/2023-05-18_1/99303600', 'https://homes.bg/2023-05-18_1/99303601', 'https://homes.bg/2023-05-18_1/99303602', 'https://homes.bg/2023-05-18_1/99303603', 'https://homes.bg/2023-05-18_1/99303604', 'https://homes.bg/2023-05-18_1/99303605', 'https://homes.bg/2023-05-18_1/99303606', 'https://homes.bg/2023-05-18_1/99303607']",537300.0,EUR,"4,070 EUR/m²",,,False, продажба,PropertyType.TRISTAEN,2025-05-06 06:02:44.702817,https://www.homes.bg/api/offers?currencyId=1&filterOrderBy=0&locationId=1&typeId=ApartmentSell&neighbourhoods%5B%5D=487,230,София,10.0,['Оборище'],апартамент
1500725,as,https://homes.bg/offer/apartament-za-prodazhba/mnogostaen-195m2-sofiya-oborishte/as1500725,," Оборище, София","Многостаен, 195m²","Тухла, ТЕЦ",1,"['https://homes.bg/2023-06-21_1/101020479', 'https://homes.bg/2023-06-21_1/101020481', 'https://homes.bg/2023-06-21_1/101020483', 'https://homes.bg/2023-06-21_1/101020485', 'https://homes.bg/2023-06-21_1/101020487', 'https://homes.bg/2023-06-21_1/101020489', 'https://homes.bg/2023-06-21_1/101020491', 'https://homes.bg/2023-06-21_1/101020493', 'https://homes.bg/2023-06-21_1/101020494', 'https://homes.bg/2023-06-21_1/101020496']",744282.0,EUR,"3,816 EUR/m²",,,False, продажба,PropertyType.MNOGOSTAEN,2025-05-06 06:02:44.702834,https://www.homes.bg/api/offers?currencyId=1&filterOrderBy=0&locationId=1&typeId=ApartmentSell&neighbourhoods%5B%5D=487,230,София,10.0,['Оборище'],апартамент
1499008,as,https://homes.bg/offer/apartament-za-prodazhba/mnogostaen-155m2-sofiya-oborishte/as1499008,," Оборище, София","Многостаен, 155m²","Тухла, ТЕЦ",1,"['https://homes.bg/2023-06-14_1/100698222', 'https://homes.bg/2023-06-14_1/100698223', 'https://homes.bg/2023-06-14_1/100698224', 'https://homes.bg/2023-06-14_1/100698225', 'https://homes.bg/2023-06-14_1/100698226', 'https://homes.bg/2023-06-14_1/100698227', 'https://homes.bg/2023-06-14_1/100698228', 'https://homes.bg/2023-06-14_1/100698229', 'https://homes.bg/2023-06-14_1/100698230', 'https://homes.bg/2023-06-14_1/100698231']",669348.0,EUR,"4,318 EUR/m²",,,False, продажба,PropertyType.MNOGOSTAEN,2025-05-06 06:02:44.702852,https://www.homes.bg/api/offers?currencyId=1&filterOrderBy=0&locationId=1&typeId=ApartmentSell&neighbourhoods%5B%5D=487,230,София,10.0,['Оборище'],апартамент
1493541,as,https://homes.bg/offer/apartament-za-prodazhba/tristaen-145m2-sofiya-oborishte/as1493541,," Оборище, София","Тристаен, 145m²","Тухла, ТЕЦ",1,"['https://homes.bg/2023-05-18_1/99303754', 'https://homes.bg/2023-05-18_1/99303755', 'https://homes.bg/2023-05-18_1/99303756', 'https://homes.bg/2023-05-18_1/99303757', 'https://homes.bg/2023-05-18_1/99303758', 'https://homes.bg/2023-05-18_1/99303759', 'https://homes.bg/2023-05-18_1/99303760', 'https://homes.bg/2023-05-18_1/99303761', 'https://homes.bg/2023-05-18_1/99303762', 'https://homes.bg/2023-05-18_1/99303763']",585000.0,EUR,"4,034 EUR/m²",,,False, продажба,PropertyType.TRISTAEN,2025-05-06 06:02:44.702868,https://www.homes.bg/api/offers?currencyId=1&filterOrderBy=0&locationId=1&typeId=ApartmentSell&neighbourhoods%5B%5D=487,230,София,10.0,['Оборище'],апартамент
1499298,as,https://homes.bg/offer/apartament-za-prodazhba/mnogostaen-180m2-sofiya-oborishte/as1499298,," Оборище, София","Многостаен, 180m²","Тухла, ТЕЦ",1,"['https://homes.bg/2023-06-15_1/100702418', 'https://homes.bg/2023-06-15_1/100702419', 'https://homes.bg/2023-06-15_1/100702420', 'https://homes.bg/2023-06-15_1/100702421', 'https://homes.bg/2023-06-15_1/100702422', 'https://homes.bg/2023-06-15_1/100702423', 'https://homes.bg/2023-06-15_1/100702424', 'https://homes.bg/2023-06-15_1/100702425', 'https://homes.bg/2023-06-15_1/100702426', 'https://homes.bg/2023-06-15_1/100702427']",691560.0,EUR,"3,842 EUR/m²",,,False, продажба,PropertyType.MNOGOSTAEN,2025-05-06 06:02:44.702901,https://www.homes.bg/api/offers?currencyId=1&filterOrderBy=0&locationId=1&typeId=ApartmentSell&neighbourhoods%5B%5D=487,230,София,10.0,['Оборище'],апартамент
1499302,as,https://homes.bg/offer/apartament-za-prodazhba/mnogostaen-179m2-sofiya-oborishte/as1499302,," Оборище, София","Многостаен, 179m²","Тухла, ТЕЦ",1,"['https://homes.bg/2023-06-15_1/100702458', 'https://homes.bg/2023-06-15_1/100702459', 'https://homes.bg/2023-06-15_1/100702460', 'https://homes.bg/2023-06-15_1/100702461', 'https://homes.bg/2023-06-15_1/100702462', 'https://homes.bg/2023-06-15_1/100702463', 'https://homes.bg/2023-06-15_1/100702464', 'https://homes.bg/2023-06-15_1/100702465', 'https://homes.bg/2023-06-15_1/100702466', 'https://homes.bg/2023-06-15_1/100702467']",770868.0,EUR,"4,306 EUR/m²",,,False, продажба,PropertyType.MNOGOSTAEN,2025-05-06 06:02:44.702913,https://www.homes.bg/api/offers?currencyId=1&filterOrderBy=0&locationId=1&typeId=ApartmentSell&neighbourhoods%5B%5D=487,230,София,10.0,['Оборище'],апартамент
1494491,as,https://homes.bg/offer/apartament-za-prodazhba/mnogostaen-178m2-sofiya-oborishte/as1494491,," Оборище, София","Многостаен, 178m²","Тухла, ТЕЦ",1,"['https://homes.bg/2023-05-23_1/99592265', 'https://homes.bg/2023-05-23_1/99592267', 'https://homes.bg/2023-05-23_1/99592269', 'https://homes.bg/2023-05-23_1/99592271', 'https://homes.bg/2023-05-23_1/99592273', 'https://homes.bg/2023-05-23_1/99592275', 'https://homes.bg/2023-05-23_1/99592277', 'https://homes.bg/2023-05-23_1/99592279', 'https://homes.bg/2023-05-23_1/99592282', 'https://homes.bg/2023-05-23_1/99592283']",647640.0,EUR,"3,638 EUR/m²",,,False, продажба,PropertyType.MNOGOSTAEN,2025-05-06 06:02:44.702926,https://www.homes.bg/api/offers?currencyId=1&filterOrderBy=0&locationId=1&typeId=ApartmentSell&neighbourhoods%5B%5D=487,230,София,10.0,['Оборище'],апартамент
1493536,as,https://homes.bg/offer/apartament-za-prodazhba/tristaen-134m2-sofiya-oborishte/as1493536,," Оборище, София","Тристаен, 134m²","Тухла, ТЕЦ",1,"['https://homes.bg/2023-05-18_1/99303706', 'https://homes.bg/2023-05-18_1/99303707', 'https://homes.bg/2023-05-18_1/99303708', 'https://homes.bg/2023-05-18_1/99303709', 'https://homes.bg/2023-05-18_1/99303710', 'https://homes.bg/2023-05-18_1/99303711', 'https://homes.bg/2023-05-18_1/99303712', 'https://homes.bg/2023-05-18_1/99303713', 'https://homes.bg/2023-05-18_1/99303714', 'https://homes.bg/2023-05-18_1/99303715']",510360.0,EUR,"3,808 EUR/m²",,,False, продажба,PropertyType.TRISTAEN,2025-05-06 06:02:44.702940,https://www.homes.bg/api/offers?currencyId=1&filterOrderBy=0&locationId=1&typeId=ApartmentSell&neighbourhoods%5B%5D=487,230,София,10.0,['Оборище'],апартамент
1493529,as,https://homes.bg/offer/apartament-za-prodazhba/tristaen-149m2-sofiya-oborishte/as1493529,," Оборище, София","Тристаен, 149m²","Тухла, ТЕЦ",1,"['https://homes.bg/2023-05-18_1/99303640', 'https://homes.bg/2023-05-18_1/99303641', 'https://homes.bg/2023-05-18_1/99303642', 'https://homes.bg/2023-05-18_1/99303643', 'https://homes.bg/2023-05-18_1/99303644', 'https://homes.bg/2023-05-18_1/99303645', 'https://homes.bg/2023-05-18_1/99303646', 'https://homes.bg/2023-05-18_1/99303647', 'https://homes.bg/2023-05-18_1/99303648', 'https://homes.bg/2023-05-18_1/99303649']",583080.0,EUR,"3,913 EUR/m²",,,False, продажба,PropertyType.TRISTAEN,2025-05-06 06:02:44.702951,https://www.homes.bg/api/offers?currencyId=1&filterOrderBy=0&locationId=1&typeId=ApartmentSell&neighbourhoods%5B%5D=487,230,София,10.0,['Оборище'],апартамент
1500437,as,https://homes.bg/offer/apartament-za-prodazhba/mnogostaen-177m2-sofiya-oborishte/as1500437,," Оборище, София","Многостаен, 177m²","Тухла, ТЕЦ",1,"['https://homes.bg/2023-06-20_1/100968740', 'https://homes.bg/2023-06-20_1/100968742', 'https://homes.bg/2023-06-20_1/100968744', 'https://homes.bg/2023-06-20_1/100968746', 'https://homes.bg/2023-06-20_1/100968748', 'https://homes.bg/2023-06-20_1/100968750', 'https://homes.bg/2023-06-20_1/100968752', 'https://homes.bg/2023-06-20_1/100968754', 'https://homes.bg/2023-06-20_1/100968756', 'https://homes.bg/2023-06-20_1/100968758']",816072.0,EUR,"4,610 EUR/m²",,,False, продажба,PropertyType.MNOGOSTAEN,2025-05-06 06:02:44.702964,https://www.homes.bg/api/offers?currencyId=1&filterOrderBy=0&locationId=1&typeId=ApartmentSell&neighbourhoods%5B%5D=487,230,София,10.0,['Оборище'],апартамент
1500719,as,https://homes.bg/offer/apartament-za-prodazhba/mnogostaen-195m2-sofiya-oborishte/as1500719,," Оборище, София","Многостаен, 195m²","Тухла, ТЕЦ",1,"['https://homes.bg/2023-06-21_1/101020364', 'https://homes.bg/2023-06-21_1/101020366', 'https://homes.bg/2023-06-21_1/101020368', 'https://homes.bg/2023-06-21_1/101020370', 'https://homes.bg/2023-06-21_1/101020372', 'https://homes.bg/2023-06-21_1/101020373', 'https://homes.bg/2023-06-21_1/101020375', 'https://homes.bg/2023-06-21_1/101020377', 'https://homes.bg/2023-06-21_1/101020379', 'https://homes.bg/2023-06-21_1/101020381']",692148.0,EUR,"3,549 EUR/m²",,,False, продажба,PropertyType.MNOGOSTAEN,2025-05-06 06:02:44.702976,https://www.homes.bg/api/offers?currencyId=1&filterOrderBy=0&locationId=1&typeId=ApartmentSell&neighbourhoods%5B%5D=487,230,София,10.0,['Оборище'],апартамент
1494485,as,https://homes.bg/offer/apartament-za-prodazhba/mnogostaen-176m2-sofiya-oborishte/as1494485,," Оборище, София","Многостаен, 176m²","Тухла, ТЕЦ",1,"['https://homes.bg/2023-05-23_1/99592158', 'https://homes.bg/2023-05-23_1/99592160', 'https://homes.bg/2023-05-23_1/99592162', 'https://homes.bg/2023-05-23_1/99592164', 'https://homes.bg/2023-05-23_1/99592167', 'https://homes.bg/2023-05-23_1/99592169', 'https://homes.bg/2023-05-23_1/99592170', 'https://homes.bg/2023-05-23_1/99592172', 'https://homes.bg/2023-05-23_1/99592174', 'https://homes.bg/2023-05-23_1/99592176']",638040.0,EUR,"3,625 EUR/m²",,,False, продажба,PropertyType.MNOGOSTAEN,2025-05-06 06:02:44.702991,https://www.homes.bg/api/offers?currencyId=1&filterOrderBy=0&locationId=1&typeId=ApartmentSell&neighbourhoods%5B%5D=487,230,София,10.0,['Оборище'],апартамент
1495162,as,https://homes.bg/offer/apartament-za-prodazhba/mnogostaen-191m2-sofiya-oborishte/as1495162,," Оборище, София","Многостаен, 191m²","Тухла, ТЕЦ",1,"['https://homes.bg/2023-05-26_1/99743309', 'https://homes.bg/2023-05-26_1/99743311', 'https://homes.bg/2023-05-26_1/99743313', 'https://homes.bg/2023-05-26_1/99743315', 'https://homes.bg/2023-05-26_1/99743317', 'https://homes.bg/2023-05-26_1/99743319', 'https://homes.bg/2023-05-26_1/99743321', 'https://homes.bg/2023-05-26_1/99743323', 'https://homes.bg/2023-05-26_1/99743325', 'https://homes.bg/2023-05-26_1/99743327']",653148.0,EUR,"3,419 EUR/m²",,,False, продажба,PropertyType.MNOGOSTAEN,2025-05-06 06:02:44.703002,https://www.homes.bg/api/offers?currencyId=1&filterOrderBy=0&locationId=1&typeId=ApartmentSell&neighbourhoods%5B%5D=487,230,София,10.0,['Оборище'],апартамент
1499002,as,https://homes.bg/offer/apartament-za-prodazhba/mnogostaen-148m2-sofiya-oborishte/as1499002,," Оборище, София","Многостаен, 148m²","Тухла, ТЕЦ",1,"['https://homes.bg/2023-06-14_1/100698167', 'https://homes.bg/2023-06-14_1/100698168', 'https://homes.bg/2023-06-14_1/100698169', 'https://homes.bg/2023-06-14_1/100698170', 'https://homes.bg/2023-06-14_1/100698171', 'https://homes.bg/2023-06-14_1/100698172', 'https://homes.bg/2023-06-14_1/100698173', 'https://homes.bg/2023-06-14_1/100698174', 'https://homes.bg/2023-06-14_1/100698175', 'https://homes.bg/2023-06-14_1/100698176']",639360.0,EUR,"4,320 EUR/m²",,,False, продажба,PropertyType.MNOGOSTAEN,2025-05-06 06:02:44.703013,https://www.homes.bg/api/offers?currencyId=1&filterOrderBy=0&locationId=1&typeId=ApartmentSell&neighbourhoods%5B%5D=487,230,София,10.0,['Оборище'],апартамент
1499006,as,https://homes.bg/offer/apartament-za-prodazhba/mnogostaen-155m2-sofiya-oborishte/as1499006,," Оборище, София","Многостаен, 155m²","Тухла, ТЕЦ",1,"['https://homes.bg/2023-06-14_1/100698203', 'https://homes.bg/2023-06-14_1/100698204', 'https://homes.bg/2023-06-14_1/100698205', 'https://homes.bg/2023-06-14_1/100698206', 'https://homes.bg/2023-06-14_1/100698207', 'https://homes.bg/2023-06-14_1/100698208', 'https://homes.bg/2023-06-14_1/100698209', 'https://homes.bg/2023-06-14_1/100698210', 'https://homes.bg/2023-06-14_1/100698211', 'https://homes.bg/2023-06-14_1/100698212']",714000.0,EUR,"4,606 EUR/m²",,,False, продажба,PropertyType.MNOGOSTAEN,2025-05-06 06:02:44.703027,https://www.homes.bg/api/offers?currencyId=1&filterOrderBy=0&locationId=1&typeId=ApartmentSell&neighbourhoods%5B%5D=487,230,София,10.0,['Оборище'],апартамент
1590792,as,https://homes.bg/offer/apartament-za-prodazhba/mnogostaen-181m2-sofiya-oborishte/as1590792,," Оборище, София","Многостаен, 181m²","Тухла, ТЕЦ",1,"['https://homes.bg/2024-10-02_1/111461486', 'https://homes.bg/2024-10-02_1/111461487', 'https://homes.bg/2024-10-02_1/111461488', 'https://homes.bg/2024-10-02_1/111461489', 'https://homes.bg/2024-10-02_1/111461490', 'https://homes.bg/2024-10-02_1/111461491', 'https://homes.bg/2024-10-02_1/111461492', 'https://homes.bg/2024-10-02_1/111461493']",1073520.0,EUR,"5,931 EUR/m²",,,False, продажба,PropertyType.MNOGOSTAEN,2025-05-06 06:02:44.703038,https://www.homes.bg/api/offers?currencyId=1&filterOrderBy=0&locationId=1&typeId=ApartmentSell&neighbourhoods%5B%5D=487,230,София,8.0,['Оборище'],апартамент
1493254,as,https://homes.bg/offer/apartament-za-prodazhba/tristaen-135m2-sofiya-oborishte/as1493254,," Оборище, София","Тристаен, 135m²","Тухла, ТЕЦ",1,"['https://homes.bg/2023-05-17_1/99253247', 'https://homes.bg/2023-05-17_1/99253248', 'https://homes.bg/2023-05-17_1/99253249', 'https://homes.bg/2023-05-17_1/99253250', 'https://homes.bg/2023-05-17_1/99253251', 'https://homes.bg/2023-05-17_1/99253252', 'https://homes.bg/2023-05-17_1/99253253', 'https://homes.bg/2023-05-17_1/99253254', 'https://homes.bg/2023-05-17_1/99253255', 'https://homes.bg/2023-05-17_1/99253256']",516240.0,EUR,"3,824 EUR/m²",,,False, продажба,PropertyType.TRISTAEN,2025-05-06 06:02:44.703050,https://www.homes.bg/api/offers?currencyId=1&filterOrderBy=0&locationId=1&typeId=ApartmentSell&neighbourhoods%5B%5D=487,230,София,10.0,['Оборище'],апартамент
1493535,as,https://homes.bg/offer/apartament-za-prodazhba/tristaen-139m2-sofiya-oborishte/as1493535,," Оборище, София","Тристаен, 139m²","Тухла, ТЕЦ",1,"['https://homes.bg/2023-05-18_1/99303696', 'https://homes.bg/2023-05-18_1/99303697', 'https://homes.bg/2023-05-18_1/99303698', 'https://homes.bg/2023-05-18_1/99303699', 'https://homes.bg/2023-05-18_1/99303700', 'https://homes.bg/2023-05-18_1/99303701', 'https://homes.bg/2023-05-18_1/99303702', 'https://homes.bg/2023-05-18_1/99303703', 'https://homes.bg/2023-05-18_1/99303704', 'https://homes.bg/2023-05-18_1/99303705']",509820.0,EUR,"3,667 EUR/m²",,,False, продажба,PropertyType.TRISTAEN,2025-05-06 06:02:44.703116,https://www.homes.bg/api/offers?currencyId=1&filterOrderBy=0&locationId=1&typeId=ApartmentSell&neighbourhoods%5B%5D=487,230,София,10.0,['Оборище'],апартамент
1493539,as,https://homes.bg/offer/apartament-za-prodazhba/tristaen-145m2-sofiya-oborishte/as1493539,," Оборище, София","Тристаен, 145m²","Тухла, ТЕЦ",1,"['https://homes.bg/2023-05-18_1/99303734', 'https://homes.bg/2023-05-18_1/99303735', 'https://homes.bg/2023-05-18_1/99303736', 'https://homes.bg/2023-05-18_1/99303737', 'https://homes.bg/2023-05-18_1/99303738', 'https://homes.bg/2023-05-18_1/99303739', 'https://homes.bg/2023-05-18_1/99303740', 'https://homes.bg/2023-05-18_1/99303741', 'https://homes.bg/2023-05-18_1/99303742', 'https://homes.bg/2023-05-18_1/99303743']",566640.0,EUR,"3,907 EUR/m²",,,False, продажба,PropertyType.TRISTAEN,2025-05-06 06:02:44.703133,https://www.homes.bg/api/offers?currencyId=1&filterOrderBy=0&locationId=1&typeId=ApartmentSell&neighbourhoods%5B%5D=487,230,София,10.0,['Оборище'],апартамент
1500722,as,https://homes.bg/offer/apartament-za-prodazhba/mnogostaen-195m2-sofiya-oborishte/as1500722,," Оборище, София","Многостаен, 195m²","Тухла, ТЕЦ",1,"['https://homes.bg/2023-06-21_1/101020422', 'https://homes.bg/2023-06-21_1/101020423', 'https://homes.bg/2023-06-21_1/101020425', 'https://homes.bg/2023-06-21_1/101020427', 'https://homes.bg/2023-06-21_1/101020429', 'https://homes.bg/2023-06-21_1/101020431', 'https://homes.bg/2023-06-21_1/101020433', 'https://homes.bg/2023-06-21_1/101020435', 'https://homes.bg/2023-06-21_1/101020437', 'https://homes.bg/2023-06-21_1/101020439']",715008.0,EUR,"3,666 EUR/m²",,,False, продажба,PropertyType.MNOGOSTAEN,2025-05-06 06:02:44.703145,https://www.homes.bg/api/offers?currencyId=1&filterOrderBy=0&locationId=1&typeId=ApartmentSell&neighbourhoods%5B%5D=487,230,София,10.0,['Оборище'],апартамент
1501626,as,https://homes.bg/offer/apartament-za-prodazhba/mnogostaen-195m2-sofiya-oborishte/as1501626,," Оборище, София","Многостаен, 195m²","Тухла, ТЕЦ",1,"['https://homes.bg/2023-06-24_1/101173658', 'https://homes.bg/2023-06-24_1/101173660', 'https://homes.bg/2023-06-24_1/101173662', 'https://homes.bg/2023-06-24_1/101173664', 'https://homes.bg/2023-06-24_1/101173666', 'https://homes.bg/2023-06-24_1/101173668', 'https://homes.bg/2023-06-24_1/101173670', 'https://homes.bg/2023-06-24_1/101173672', 'https://homes.bg/2023-06-24_1/101173674', 'https://homes.bg/2023-06-24_1/101173676']",763164.0,EUR,"3,913 EUR/m²",,,False, продажба,PropertyType.MNOGOSTAEN,2025-05-06 06:02:44.703156,https://www.homes.bg/api/offers?currencyId=1&filterOrderBy=0&locationId=1&typeId=ApartmentSell&neighbourhoods%5B%5D=487,230,София,10.0,['Оборище'],апартамент
1615778,as,https://homes.bg/offer/apartament-za-prodazhba/mnogostaen-180m2-sofiya-oborishte/as1615778,," Оборище, София","Многостаен, 180m²","Тухла, ТЕЦ",1,"['https://homes.bg/2025-03-08_1/113289446', 'https://homes.bg/2025-03-08_1/113289447', 'https://homes.bg/2025-03-08_1/113289448', 'https://homes.bg/2025-03-08_1/113289449', 'https://homes.bg/2025-03-08_1/113289450', 'https://homes.bg/2025-03-08_1/113289451']",612000.0,EUR,"3,400 EUR/m²",,,False, продажба,PropertyType.MNOGOSTAEN,2025-05-06 06:02:44.703166,https://www.homes.bg/api/offers?currencyId=1&filterOrderBy=0&locationId=1&typeId=ApartmentSell&neighbourhoods%5B%5D=487,230,София,6.0,['Оборище'],апартамент
1622349,as,https://homes.bg/offer/apartament-za-prodazhba/dvustaen-75m2-sofiya-oborishte/as1622349,," Оборище, София","Двустаен, 75m²","Тухла, Електричество",1,"['https://homes.bg/2025-05-01_2/113961072', 'https://homes.bg/2025-05-01_2/113961073', 'https://homes.bg/2025-05-01_2/113961074', 'https://homes.bg/2025-05-01_2/113961075']",310000.0,EUR,"4,133 EUR/m²",,,False, продажба,PropertyType.DVUSTAEN,2025-05-06 06:02:44.703179,https://www.homes.bg/api/offers?currencyId=1&filterOrderBy=0&locationId=1&typeId=ApartmentSell&neighbourhoods%5B%5D=487,230,София,4.0,['Оборище'],апартамент
1604633,as,https://homes.bg/offer/apartament-za-prodazhba/mnogostaen-147m2-sofiya-oborishte/as1604633,," Оборище, София","Многостаен, 147m²","Тухла, Прокарва се",1,"['https://homes.bg/2024-12-26_1/112545889', 'https://homes.bg/2024-12-26_1/112545890', 'https://homes.bg/2024-12-26_1/112545891', 'https://homes.bg/2024-12-26_1/112545892', 'https://homes.bg/2024-12-26_1/112545893', 'https://homes.bg/2024-12-26_1/112545894', 'https://homes.bg/2024-12-26_1/112545895', 'https://homes.bg/2024-12-26_1/112545896', 'https://homes.bg/2024-12-26_1/112545897', 'https://homes.bg/2024-12-26_1/112545898']",360000.0,EUR,"2,448 EUR/m²",,,False, продажба,PropertyType.MNOGOSTAEN,2025-05-06 06:02:44.703190,https://www.homes.bg/api/offers?currencyId=1&filterOrderBy=0&locationId=1&typeId=ApartmentSell&neighbourhoods%5B%5D=487,230,София,10.0,['Оборище'],апартамент
1588404,as,https://homes.bg/offer/apartament-za-prodazhba/dvustaen-81m2-sofiya-oborishte/as1588404,," Оборище, София","Двустаен, 81m²","Тухла, Обзаведен, ТЕЦ",1,"['https://homes.bg/2025-04-30_2/113950030', 'https://homes.bg/2025-04-30_2/113950032', 'https://homes.bg/2025-04-30_2/113950034', 'https://homes.bg/2025-04-30_2/113950036', 'https://homes.bg/2025-04-30_2/113950038', 'https://homes.bg/2025-04-30_2/113950040', 'https://homes.bg/2025-04-30_2/113950042', 'https://homes.bg/2025-04-30_2/113950044', 'https://homes.bg/2025-04-30_2/113950046']",320000.0,EUR,"3,950 EUR/m²",,,False, продажба,PropertyType.DVUSTAEN,2025-05-06 06:02:44.703203,https://www.homes.bg/api/offers?currencyId=1&filterOrderBy=0&locationId=1&typeId=ApartmentSell&neighbourhoods%5B%5D=487,230,София,9.0,['Оборище'],апартамент
1608658,as,https://homes.bg/offer/apartament-za-prodazhba/tristaen-68m2-sofiya-oborishte/as1608658,," Оборище, София","Тристаен, 68m²",Гредоред,1,"['https://homes.bg/2025-01-28_1/112841141', 'https://homes.bg/2025-01-28_1/112841142', 'https://homes.bg/2025-01-28_1/112841143', 'https://homes.bg/2025-01-28_1/112841144', 'https://homes.bg/2025-01-28_1/112841145', 'https://homes.bg/2025-01-28_1/112841146', 'https://homes.bg/2025-01-28_1/112841147', 'https://homes.bg/2025-01-28_1/112841148', 'https://homes.bg/2025-01-28_1/112841149', 'https://homes.bg/2025-01-28_1/112841150']",250000.0,EUR,"3,676 EUR/m²",,,False, продажба,PropertyType.TRISTAEN,2025-05-06 06:02:44.703215,https://www.homes.bg/api/offers?currencyId=1&filterOrderBy=0&locationId=1&typeId=ApartmentSell&neighbourhoods%5B%5D=487,230,София,10.0,['Оборище'],апартамент
1623868,as,https://homes.bg/offer/apartament-za-prodazhba/dvustaen-64m2-sofiya-oborishte/as1623868,," Оборище, София","Двустаен, 64m²","Тухла, Необзаведен, Електричество",1,"['https://homes.bg/2025-04-29_1/113923730', 'https://homes.bg/2025-04-29_1/113923720', 'https://homes.bg/2025-04-29_1/113923726', 'https://homes.bg/2025-04-29_1/113923719', 'https://homes.bg/2025-04-29_1/113923722', 'https://homes.bg/2025-04-29_1/113923728', 'https://homes.bg/2025-04-29_1/113923724', 'https://homes.bg/2025-04-22_2/113837330', 'https://homes.bg/2025-04-22_2/113837332', 'https://homes.bg/2025-04-22_2/113837334']",179424.0,EUR,"2,803 EUR/m²",,,False, продажба,PropertyType.DVUSTAEN,2025-05-06 06:02:44.703233,https://www.homes.bg/api/offers?currencyId=1&filterOrderBy=0&locationId=1&typeId=ApartmentSell&neighbourhoods%5B%5D=487,230,София,10.0,['Оборище'],апартамент
1623874,as,https://homes.bg/offer/apartament-za-prodazhba/dvustaen-64m2-sofiya-oborishte/as1623874,," Оборище, София","Двустаен, 64m²","Тухла, Необзаведен, Електричество",1,"['https://homes.bg/2025-04-29_1/113923713', 'https://homes.bg/2025-04-29_1/113923714', 'https://homes.bg/2025-04-29_1/113923718', 'https://homes.bg/2025-04-29_1/113923712', 'https://homes.bg/2025-04-29_1/113923715', 'https://homes.bg/2025-04-29_1/113923716', 'https://homes.bg/2025-04-29_1/113923717', 'https://homes.bg/2025-04-22_2/113837381', 'https://homes.bg/2025-04-22_2/113837382', 'https://homes.bg/2025-04-22_2/113837383']",179424.0,EUR,"2,803 EUR/m²",,,False, продажба,PropertyType.DVUSTAEN,2025-05-06 06:02:44.703244,https://www.homes.bg/api/offers?currencyId=1&filterOrderBy=0&locationId=1&typeId=ApartmentSell&neighbourhoods%5B%5D=487,230,София,10.0,['Оборище'],апартамент
1604632,as,https://homes.bg/offer/apartament-za-prodazhba/tristaen-152m2-sofiya-oborishte/as1604632,," Оборище, София","Тристаен, 152m²","Тухла, Обзаведен, Прокарва се",1,"['https://homes.bg/2024-12-26_1/112545879', 'https://homes.bg/2024-12-26_1/112545880', 'https://homes.bg/2024-12-26_1/112545881', 'https://homes.bg/2024-12-26_1/112545882', 'https://homes.bg/2024-12-26_1/112545883', 'https://homes.bg/2024-12-26_1/112545884', 'https://homes.bg/2024-12-26_1/112545885', 'https://homes.bg/2024-12-26_1/112545886', 'https://homes.bg/2024-12-26_1/112545887', 'https://homes.bg/2024-12-26_1/112545888']",398000.0,EUR,"2,618 EUR/m²",,,False, продажба,PropertyType.TRISTAEN,2025-05-06 06:02:44.703255,https://www.homes.bg/api/offers?currencyId=1&filterOrderBy=0&locationId=1&typeId=ApartmentSell&neighbourhoods%5B%5D=487,230,София,10.0,['Оборище'],апартамент
1614707,as,https://homes.bg/offer/apartament-za-prodazhba/tristaen-148m2-sofiya-oborishte/as1614707,," Оборище, София","Тристаен, 148m²","Тухла, Обзаведен, ТЕЦ",1,"['https://homes.bg/2025-04-28_2/113912775', 'https://homes.bg/2025-04-28_2/113912776', 'https://homes.bg/2025-04-28_2/113912777', 'https://homes.bg/2025-04-28_2/113912778', 'https://homes.bg/2025-04-28_2/113912779', 'https://homes.bg/2025-04-28_2/113912780', 'https://homes.bg/2025-04-28_2/113912781', 'https://homes.bg/2025-04-28_2/113912782', 'https://homes.bg/2025-04-28_2/113912783', 'https://homes.bg/2025-04-28_2/113912784']",949950.0,EUR,"6,418 EUR/m²",,,False, продажба,PropertyType.TRISTAEN,2025-05-06 06:02:44.703269,https://www.homes.bg/api/offers?currencyId=1&filterOrderBy=0&locationId=1&typeId=ApartmentSell&neighbourhoods%5B%5D=487,230,София,10.0,['Оборище'],апартамент
1621122,as,https://homes.bg/offer/apartament-za-prodazhba/dvustaen-45m2-sofiya-oborishte/as1621122,," Оборище, София","Двустаен, 45m²","Тухла, Обзаведен, ТЕЦ",1,"['https://homes.bg/2025-04-07_1/113659334', 'https://homes.bg/2025-04-07_1/113659335', 'https://homes.bg/2025-04-07_1/113659336', 'https://homes.bg/2025-04-07_1/113659337', 'https://homes.bg/2025-04-07_1/113659338', 'https://homes.bg/2025-04-07_1/113659339', 'https://homes.bg/2025-04-07_1/113659340', 'https://homes.bg/2025-04-07_1/113659341', 'https://homes.bg/2025-04-07_1/113659342', 'https://homes.bg/2025-04-07_1/113659343']",160000.0,EUR,"3,555 EUR/m²",,,False, продажба,PropertyType.DVUSTAEN,2025-05-06 06:02:44.703281,https://www.homes.bg/api/offers?currencyId=1&filterOrderBy=0&locationId=1&typeId=ApartmentSell&neighbourhoods%5B%5D=487,230,София,10.0,['Оборище'],апартамент
1601018,as,https://homes.bg/offer/apartament-za-prodazhba/chetiristaen-84m2-sofiya-oborishte/as1601018,," Оборище, София","Четиристаен, 84m²",Тухла,1,"['https://homes.bg/2025-04-28_1/113910881', 'https://homes.bg/2025-04-28_1/113910882', 'https://homes.bg/2025-04-28_1/113910883', 'https://homes.bg/2025-04-28_1/113910884', 'https://homes.bg/2025-04-28_1/113910885', 'https://homes.bg/2025-04-28_1/113910886', 'https://homes.bg/2025-04-28_1/113910887', 'https://homes.bg/2025-04-28_1/113910888', 'https://homes.bg/2025-04-28_1/113910889', 'https://homes.bg/2025-04-28_1/113910890']",340000.0,EUR,"4,047 EUR/m²",,,False, продажба,PropertyType.CHETIRISTAEN,2025-05-06 06:02:44.703292,https://www.homes.bg/api/offers?currencyId=1&filterOrderBy=0&locationId=1&typeId=ApartmentSell&neighbourhoods%5B%5D=487,230,София,10.0,['Оборище'],апартамент
1612175,as,https://homes.bg/offer/apartament-za-prodazhba/chetiristaen-97m2-sofiya-oborishte/as1612175,," Оборище, София","Четиристаен, 97m²",Тухла,1,"['https://homes.bg/2025-02-25_1/113153914', 'https://homes.bg/2025-02-25_1/113153915', 'https://homes.bg/2025-02-25_1/113153916', 'https://homes.bg/2025-02-25_1/113153917', 'https://homes.bg/2025-02-25_1/113153918', 'https://homes.bg/2025-02-25_1/113153919', 'https://homes.bg/2025-02-25_1/113153920', 'https://homes.bg/2025-02-25_1/113153921']",598000.0,EUR,"6,164 EUR/m²",,,False, продажба,PropertyType.CHETIRISTAEN,2025-05-06 06:02:44.703302,https://www.homes.bg/api/offers?currencyId=1&filterOrderBy=0&locationId=1&typeId=ApartmentSell&neighbourhoods%5B%5D=487,230,София,8.0,['Оборище'],апартамент
1622427,as,https://homes.bg/offer/apartament-za-prodazhba/tristaen-98m2-sofiya-oborishte/as1622427,," Оборище, София","Тристаен, 98m²","Тухла, Обзаведен, ТЕЦ",1,"['https://homes.bg/2025-04-14_2/113749377', 'https://homes.bg/2025-04-14_2/113749383', 'https://homes.bg/2025-04-14_2/113749374', 'https://homes.bg/2025-04-14_2/113749378', 'https://homes.bg/2025-04-14_2/113749380', 'https://homes.bg/2025-04-14_2/113749381', 'https://homes.bg/2025-04-14_2/113749376', 'https://homes.bg/2025-04-14_2/113749375', 'https://homes.bg/2025-04-14_2/113749382', 'https://homes.bg/2025-04-14_2/113749379']",399960.0,EUR,"4,081 EUR/m²",,,False, продажба,PropertyType.TRISTAEN,2025-05-06 06:02:44.703315,https://www.homes.bg/api/offers?currencyId=1&filterOrderBy=0&locationId=1&typeId=ApartmentSell&neighbourhoods%5B%5D=487,230,София,10.0,['Оборище'],апартамент
1600544,as,https://homes.bg/offer/apartament-za-prodazhba/tristaen-68m2-sofiya-oborishte/as1600544,," Оборище, София","Тристаен, 68m²","Тухла, Обзаведен, ТЕЦ",1,"['https://homes.bg/2024-11-23_2/112174016', 'https://homes.bg/2024-11-23_2/112174017', 'https://homes.bg/2024-11-23_2/112174018', 'https://homes.bg/2024-11-23_2/112174019', 'https://homes.bg/2024-11-23_2/112174020', 'https://homes.bg/2024-11-23_2/112174021', 'https://homes.bg/2024-11-23_2/112174022', 'https://homes.bg/2024-11-23_2/112174024', 'https://homes.bg/2024-11-23_2/112174023', 'https://homes.bg/2024-11-23_2/112174025']",280000.0,EUR,"4,117 EUR/m²",,,False, продажба,PropertyType.TRISTAEN,2025-05-06 06:02:44.703326,https://www.homes.bg/api/offers?currencyId=1&filterOrderBy=0&locationId=1&typeId=ApartmentSell&neighbourhoods%5B%5D=487,230,София,10.0,['Оборище'],апартамент
1617813,as,https://homes.bg/offer/apartament-za-prodazhba/tristaen-110m2-sofiya-oborishte/as1617813,," Оборище, София","Тристаен, 110m²","Тухла, ТЕЦ",1,"['https://homes.bg/2025-04-12_1/113736166', 'https://homes.bg/2025-04-12_1/113736167', 'https://homes.bg/2025-04-12_1/113736168', 'https://homes.bg/2025-04-12_1/113736169', 'https://homes.bg/2025-04-12_1/113736170', 'https://homes.bg/2025-04-12_1/113736171', 'https://homes.bg/2025-04-12_1/113736172', 'https://homes.bg/2025-04-12_1/113736173', 'https://homes.bg/2025-04-12_1/113736174', 'https://homes.bg/2025-04-12_1/113736175']",570000.0,EUR,"5,181 EUR/m²",,,False, продажба,PropertyType.TRISTAEN,2025-05-06 06:02:44.703337,https://www.homes.bg/api/offers?currencyId=1&filterOrderBy=0&locationId=1&typeId=ApartmentSell&neighbourhoods%5B%5D=487,230,София,10.0,['Оборище'],апартамент
1624583,as,https://homes.bg/offer/apartament-za-prodazhba/tristaen-145m2-sofiya-oborishte/as1624583,," Оборище, София","Тристаен, 145m²","Тухла, Прокарва се",1,"['https://homes.bg/2025-04-25_1/113881997', 'https://homes.bg/2025-04-25_1/113881998']",374842.0,EUR,"2,585 EUR/m²",,,False, продажба,PropertyType.TRISTAEN,2025-05-06 06:02:44.703346,https://www.homes.bg/api/offers?currencyId=1&filterOrderBy=0&locationId=1&typeId=ApartmentSell&neighbourhoods%5B%5D=487,230,София,2.0,['Оборище'],апартамент
1624586,as,https://homes.bg/offer/apartament-za-prodazhba/dvustaen-96m2-sofiya-oborishte/as1624586,," Оборище, София","Двустаен, 96m²","Тухла, Прокарва се",1,"['https://homes.bg/2025-04-25_1/113882003', 'https://homes.bg/2025-04-25_1/113882004']",246092.0,EUR,"2,563 EUR/m²",,,False, продажба,PropertyType.DVUSTAEN,2025-05-06 06:02:44.703356,https://www.homes.bg/api/offers?currencyId=1&filterOrderBy=0&locationId=1&typeId=ApartmentSell&neighbourhoods%5B%5D=487,230,София,2.0,['Оборище'],апартамент
1624588,as,https://homes.bg/offer/apartament-za-prodazhba/dvustaen-95m2-sofiya-oborishte/as1624588,," Оборище, София","Двустаен, 95m²","Тухла, Прокарва се",1,"['https://homes.bg/2025-04-25_1/113882007', 'https://homes.bg/2025-04-25_1/113882008']",246092.0,EUR,"2,590 EUR/m²",,,False, продажба,PropertyType.DVUSTAEN,2025-05-06 06:02:44.703369,https://www.homes.bg/api/offers?currencyId=1&filterOrderBy=0&locationId=1&typeId=ApartmentSell&neighbourhoods%5B%5D=487,230,София,2.0,['Оборище'],апартамент
1624580,as,https://homes.bg/offer/apartament-za-prodazhba/tristaen-144m2-sofiya-oborishte/as1624580,," Оборище, София","Тристаен, 144m²","Тухла, Прокарва се",1,"['https://homes.bg/2025-04-25_1/113881991', 'https://homes.bg/2025-04-25_1/113881992']",372679.0,EUR,"2,588 EUR/m²",,,False, продажба,PropertyType.TRISTAEN,2025-05-06 06:02:44.703381,https://www.homes.bg/api/offers?currencyId=1&filterOrderBy=0&locationId=1&typeId=ApartmentSell&neighbourhoods%5B%5D=487,230,София,2.0,['Оборище'],апартамент
1624582,as,https://homes.bg/offer/apartament-za-prodazhba/dvustaen-83m2-sofiya-oborishte/as1624582,," Оборище, София","Двустаен, 83m²","Тухла, Прокарва се",1,"['https://homes.bg/2025-04-25_1/113881995', 'https://homes.bg/2025-04-25_1/113881996']",213750.0,EUR,"2,575 EUR/m²",,,False, продажба,PropertyType.DVUSTAEN,2025-05-06 06:02:44.703391,https://www.homes.bg/api/offers?currencyId=1&filterOrderBy=0&locationId=1&typeId=ApartmentSell&neighbourhoods%5B%5D=487,230,София,2.0,['Оборище'],апартамент
1624584,as,https://homes.bg/offer/apartament-za-prodazhba/dvustaen-95m2-sofiya-oborishte/as1624584,," Оборище, София","Двустаен, 95m²","Тухла, Прокарва се",1,"['https://homes.bg/2025-04-25_1/113881999', 'https://homes.bg/2025-04-25_1/113882000']",246092.0,EUR,"2,590 EUR/m²",,,False, продажба,PropertyType.DVUSTAEN,2025-05-06 06:02:44.703403,https://www.homes.bg/api/offers?currencyId=1&filterOrderBy=0&locationId=1&typeId=ApartmentSell&neighbourhoods%5B%5D=487,230,София,2.0,['Оборище'],апартамент
1624581,as,https://homes.bg/offer/apartament-za-prodazhba/dvustaen-89m2-sofiya-oborishte/as1624581,," Оборище, София","Двустаен, 89m²","Тухла, Прокарва се",1,"['https://homes.bg/2025-04-25_1/113881993', 'https://homes.bg/2025-04-25_1/113881994']",228402.0,EUR,"2,566 EUR/m²",,,False, продажба,PropertyType.DVUSTAEN,2025-05-06 06:02:44.703415,https://www.homes.bg/api/offers?currencyId=1&filterOrderBy=0&locationId=1&typeId=ApartmentSell&neighbourhoods%5B%5D=487,230,София,2.0,['Оборище'],апартамент
1624589,as,https://homes.bg/offer/apartament-za-prodazhba/tristaen-144m2-sofiya-oborishte/as1624589,," Оборище, София","Тристаен, 144m²","Тухла, Прокарва се",1,"['https://homes.bg/2025-04-25_1/113882009', 'https://homes.bg/2025-04-25_1/113882010']",372679.0,EUR,"2,588 EUR/m²",,,False, продажба,PropertyType.TRISTAEN,2025-05-06 06:02:44.703424,https://www.homes.bg/api/offers?currencyId=1&filterOrderBy=0&locationId=1&typeId=ApartmentSell&neighbourhoods%5B%5D=487,230,София,2.0,['Оборище'],апартамент
1624579,as,https://homes.bg/offer/apartament-za-prodazhba/dvustaen-75m2-sofiya-oborishte/as1624579,," Оборище, София","Двустаен, 75m²","Тухла, Прокарва се",1,"['https://homes.bg/2025-04-25_1/113881989', 'https://homes.bg/2025-04-25_1/113881990']",193691.0,EUR,"2,582 EUR/m²",,,False, продажба,PropertyType.DVUSTAEN,2025-05-06 06:02:44.703434,https://www.homes.bg/api/offers?currencyId=1&filterOrderBy=0&locationId=1&typeId=ApartmentSell&neighbourhoods%5B%5D=487,230,София,2.0,['Оборище'],апартамент
1624585,as,https://homes.bg/offer/apartament-za-prodazhba/dvustaen-83m2-sofiya-oborishte/as1624585,," Оборище, София","Двустаен, 83m²","Тухла, Прокарва се",1,"['https://homes.bg/2025-04-25_1/113882001', 'https://homes.bg/2025-04-25_1/113882002']",213750.0,EUR,"2,575 EUR/m²",,,False, продажба,PropertyType.DVUSTAEN,2025-05-06 06:02:44.703444,https://www.homes.bg/api/offers?currencyId=1&filterOrderBy=0&locationId=1&typeId=ApartmentSell&neighbourhoods%5B%5D=487,230,София,2.0,['Оборище'],апартамент
1624587,as,https://homes.bg/offer/apartament-za-prodazhba/tristaen-144m2-sofiya-oborishte/as1624587,," Оборище, София","Тристаен, 144m²","Тухла, Прокарва се",1,"['https://homes.bg/2025-04-25_1/113882005', 'https://homes.bg/2025-04-25_1/113882006']",372679.0,EUR,"2,588 EUR/m²",,,False, продажба,PropertyType.TRISTAEN,2025-05-06 06:02:44.703453,https://www.homes.bg/api/offers?currencyId=1&filterOrderBy=0&locationId=1&typeId=ApartmentSell&neighbourhoods%5B%5D=487,230,София,2.0,['Оборище'],апартамент
1623901,as,https://homes.bg/offer/apartament-za-prodazhba/tristaen-122m2-sofiya-oborishte/as1623901,," Оборище, София","Тристаен, 122m²","Тухла, Необзаведен, ТЕЦ",1,"['https://homes.bg/2025-04-23_2/113855973', 'https://homes.bg/2025-04-23_2/113855974', 'https://homes.bg/2025-04-23_2/113855975', 'https://homes.bg/2025-04-23_2/113855976', 'https://homes.bg/2025-04-23_2/113855977', 'https://homes.bg/2025-04-23_2/113855978', 'https://homes.bg/2025-04-23_2/113855979', 'https://homes.bg/2025-04-23_2/113855980', 'https://homes.bg/2025-04-23_2/113855981']",336803.0,EUR,"2,760 EUR/m²",,,False, продажба,PropertyType.TRISTAEN,2025-05-06 06:02:44.703464,https://www.homes.bg/api/offers?currencyId=1&filterOrderBy=0&locationId=1&typeId=ApartmentSell&neighbourhoods%5B%5D=487,230,София,9.0,['Оборище'],апартамент
1623903,as,https://homes.bg/offer/apartament-za-prodazhba/tristaen-108m2-sofiya-oborishte/as1623903,," Оборище, София","Тристаен, 108m²","Тухла, Необзаведен, Електричество",1,"['https://homes.bg/2025-04-23_2/113855991', 'https://homes.bg/2025-04-23_2/113855992', 'https://homes.bg/2025-04-23_2/113855993', 'https://homes.bg/2025-04-23_2/113855994', 'https://homes.bg/2025-04-23_2/113855995', 'https://homes.bg/2025-04-23_2/113855996', 'https://homes.bg/2025-04-23_2/113855997', 'https://homes.bg/2025-04-23_2/113855998', 'https://homes.bg/2025-04-23_2/113855999']",298411.0,EUR,"2,763 EUR/m²",,,False, продажба,PropertyType.TRISTAEN,2025-05-06 06:02:44.703477,https://www.homes.bg/api/offers?currencyId=1&filterOrderBy=0&locationId=1&typeId=ApartmentSell&neighbourhoods%5B%5D=487,230,София,9.0,['Оборище'],апартамент
1623906,as,https://homes.bg/offer/apartament-za-prodazhba/mnogostaen-171m2-sofiya-oborishte/as1623906,," Оборище, София","Многостаен, 171m²","Тухла, Необзаведен, Електричество",1,"['https://homes.bg/2025-04-23_2/113856018', 'https://homes.bg/2025-04-23_2/113856019', 'https://homes.bg/2025-04-23_2/113856020', 'https://homes.bg/2025-04-23_2/113856021', 'https://homes.bg/2025-04-23_2/113856022', 'https://homes.bg/2025-04-23_2/113856023', 'https://homes.bg/2025-04-23_2/113856024', 'https://homes.bg/2025-04-23_2/113856025', 'https://homes.bg/2025-04-23_2/113856026']",493517.0,EUR,"2,886 EUR/m²",,,False, продажба,PropertyType.MNOGOSTAEN,2025-05-06 06:02:44.703488,https://www.homes.bg/api/offers?currencyId=1&filterOrderBy=0&locationId=1&typeId=ApartmentSell&neighbourhoods%5B%5D=487,230,София,9.0,['Оборище'],апартамент
1623904,as,https://homes.bg/offer/apartament-za-prodazhba/tristaen-110m2-sofiya-oborishte/as1623904,," Оборище, София","Тристаен, 110m²","Тухла, Необзаведен, ТЕЦ",1,"['https://homes.bg/2025-04-23_2/113856000', 'https://homes.bg/2025-04-23_2/113856001', 'https://homes.bg/2025-04-23_2/113856002', 'https://homes.bg/2025-04-23_2/113856003', 'https://homes.bg/2025-04-23_2/113856004', 'https://homes.bg/2025-04-23_2/113856005', 'https://homes.bg/2025-04-23_2/113856006', 'https://homes.bg/2025-04-23_2/113856007', 'https://homes.bg/2025-04-23_2/113856008']",318845.0,EUR,"2,898 EUR/m²",,,False, продажба,PropertyType.TRISTAEN,2025-05-06 06:02:44.703499,https://www.homes.bg/api/offers?currencyId=1&filterOrderBy=0&locationId=1&typeId=ApartmentSell&neighbourhoods%5B%5D=487,230,София,9.0,['Оборище'],апартамент
1623905,as,https://homes.bg/offer/apartament-za-prodazhba/tristaen-95m2-sofiya-oborishte/as1623905,," Оборище, София","Тристаен, 95m²","Тухла, Необзаведен, ТЕЦ",1,"['https://homes.bg/2025-04-23_2/113856009', 'https://homes.bg/2025-04-23_2/113856010', 'https://homes.bg/2025-04-23_2/113856011', 'https://homes.bg/2025-04-23_2/113856012', 'https://homes.bg/2025-04-23_2/113856013', 'https://homes.bg/2025-04-23_2/113856014', 'https://homes.bg/2025-04-23_2/113856015', 'https://homes.bg/2025-04-23_2/113856016', 'https://homes.bg/2025-04-23_2/113856017']",273658.0,EUR,"2,880 EUR/m²",,,False, продажба,PropertyType.TRISTAEN,2025-05-06 06:02:44.703511,https://www.homes.bg/api/offers?currencyId=1&filterOrderBy=0&locationId=1&typeId=ApartmentSell&neighbourhoods%5B%5D=487,230,София,9.0,['Оборище'],апартамент
1623902,as,https://homes.bg/offer/apartament-za-prodazhba/tristaen-107m2-sofiya-oborishte/as1623902,," Оборище, София","Тристаен, 107m²","Тухла, Необзаведен, Електричество",1,"['https://homes.bg/2025-04-23_2/113855982', 'https://homes.bg/2025-04-23_2/113855983', 'https://homes.bg/2025-04-23_2/113855984', 'https://homes.bg/2025-04-23_2/113855985', 'https://homes.bg/2025-04-23_2/113855986', 'https://homes.bg/2025-04-23_2/113855987', 'https://homes.bg/2025-04-23_2/113855988', 'https://homes.bg/2025-04-23_2/113855989', 'https://homes.bg/2025-04-23_2/113855990']",297942.0,EUR,"2,784 EUR/m²",,,False, продажба,PropertyType.TRISTAEN,2025-05-06 06:02:44.703522,https://www.homes.bg/api/offers?currencyId=1&filterOrderBy=0&locationId=1&typeId=ApartmentSell&neighbourhoods%5B%5D=487,230,София,9.0,['Оборище'],апартамент
1623900,as,https://homes.bg/offer/apartament-za-prodazhba/tristaen-117m2-sofiya-oborishte/as1623900,," Оборище, София","Тристаен, 117m²","Тухла, Необзаведен, Електричество",1,"['https://homes.bg/2025-04-23_2/113855952', 'https://homes.bg/2025-04-23_2/113855953', 'https://homes.bg/2025-04-23_2/113855954', 'https://homes.bg/2025-04-23_2/113855955', 'https://homes.bg/2025-04-23_2/113855956', 'https://homes.bg/2025-04-23_2/113855957', 'https://homes.bg/2025-04-23_2/113855958', 'https://homes.bg/2025-04-23_2/113855959', 'https://homes.bg/2025-04-23_2/113855960']",325404.0,EUR,"2,781 EUR/m²",,,False, продажба,PropertyType.TRISTAEN,2025-05-06 06:02:44.703533,https://www.homes.bg/api/offers?currencyId=1&filterOrderBy=0&locationId=1&typeId=ApartmentSell&neighbourhoods%5B%5D=487,230,София,9.0,['Оборище'],апартамент
1577194,as,https://homes.bg/offer/apartament-za-prodazhba/tristaen-81m2-sofiya-oborishte/as1577194,," Оборище, София","Тристаен, 81m²","Тухла, Обзаведен, ТЕЦ",1,"['https://homes.bg/2024-07-11_2/110377643', 'https://homes.bg/2024-07-11_2/110377638', 'https://homes.bg/2024-07-11_2/110377639', 'https://homes.bg/2024-07-11_2/110377640', 'https://homes.bg/2024-07-11_2/110377641', 'https://homes.bg/2024-07-11_2/110377642']",320000.0,EUR,"3,950 EUR/m²",,,False, продажба,PropertyType.TRISTAEN,2025-05-06 06:02:44.703543,https://www.homes.bg/api/offers?currencyId=1&filterOrderBy=0&locationId=1&typeId=ApartmentSell&neighbourhoods%5B%5D=487,230,София,6.0,['Оборище'],апартамент
1539128,as,https://homes.bg/offer/apartament-za-prodazhba/dvustaen-78m2-sofiya-oborishte/as1539128,," Оборище, София","Двустаен, 78m²","Тухла, Полуобзаведен, ТЕЦ",1,"['https://homes.bg/2025-04-22_2/113846783', 'https://homes.bg/2025-04-22_2/113846784', 'https://homes.bg/2025-04-22_2/113846785', 'https://homes.bg/2025-04-22_2/113846786', 'https://homes.bg/2025-04-22_2/113846787', 'https://homes.bg/2025-04-22_2/113846788', 'https://homes.bg/2025-04-22_2/113846789', 'https://homes.bg/2025-04-22_2/113846790']",200000.0,EUR,"2,564 EUR/m²",,,False, продажба,PropertyType.DVUSTAEN,2025-05-06 06:02:44.703555,https://www.homes.bg/api/offers?currencyId=1&filterOrderBy=0&locationId=1&typeId=ApartmentSell&neighbourhoods%5B%5D=487,230,София,8.0,['Оборище'],апартамент
1555956,as,https://homes.bg/offer/apartament-za-prodazhba/tristaen-85m2-sofiya-oborishte/as1555956,," Оборище, София","Тристаен, 85m²","Тухла, Обзаведен, ТЕЦ",1,"['https://homes.bg/2025-04-22_2/113846791', 'https://homes.bg/2025-04-22_2/113846792', 'https://homes.bg/2025-04-22_2/113846793', 'https://homes.bg/2025-04-22_2/113846794', 'https://homes.bg/2025-04-22_2/113846795', 'https://homes.bg/2025-04-22_2/113846796', 'https://homes.bg/2025-04-22_2/113846797', 'https://homes.bg/2025-04-22_2/113846798', 'https://homes.bg/2025-04-22_2/113846799']",238000.0,EUR,"2,800 EUR/m²",,,False, продажба,PropertyType.TRISTAEN,2025-05-06 06:02:44.703567,https://www.homes.bg/api/offers?currencyId=1&filterOrderBy=0&locationId=1&typeId=ApartmentSell&neighbourhoods%5B%5D=487,230,София,9.0,['Оборище'],апартамент
1539127,as,https://homes.bg/offer/apartament-za-prodazhba/dvustaen-77m2-sofiya-oborishte/as1539127,," Оборище, София","Двустаен, 77m²","Тухла, Полуобзаведен, ТЕЦ",1,"['https://homes.bg/2025-04-22_2/113846774', 'https://homes.bg/2025-04-22_2/113846775', 'https://homes.bg/2025-04-22_2/113846776', 'https://homes.bg/2025-04-22_2/113846777', 'https://homes.bg/2025-04-22_2/113846778', 'https://homes.bg/2025-04-22_2/113846779', 'https://homes.bg/2025-04-22_2/113846780', 'https://homes.bg/2025-04-22_2/113846781', 'https://homes.bg/2025-04-22_2/113846782']",198000.0,EUR,"2,571 EUR/m²",,,False, продажба,PropertyType.DVUSTAEN,2025-05-06 06:02:44.703578,https://www.homes.bg/api/offers?currencyId=1&filterOrderBy=0&locationId=1&typeId=ApartmentSell&neighbourhoods%5B%5D=487,230,София,9.0,['Оборище'],апартамент
1563348,as,https://homes.bg/offer/apartament-za-prodazhba/mnogostaen-120m2-sofiya-oborishte/as1563348,," Оборище, София","Многостаен, 120m²","Тухла, Обзаведен, ТЕЦ",1,"['https://homes.bg/2024-05-14_1/109613245', 'https://homes.bg/2024-05-14_1/109613241', 'https://homes.bg/2024-05-14_1/109613250', 'https://homes.bg/2024-05-14_1/109613243', 'https://homes.bg/2024-05-14_1/109613249', 'https://homes.bg/2024-05-14_1/109613247', 'https://homes.bg/2024-05-14_1/109613248', 'https://homes.bg/2024-05-14_1/109613244', 'https://homes.bg/2024-05-14_1/109613242', 'https://homes.bg/2024-05-14_1/109613246']",470000.0,EUR,"3,916 EUR/m²",,,False, продажба,PropertyType.MNOGOSTAEN,2025-05-06 06:02:44.703591,https://www.homes.bg/api/offers?currencyId=1&filterOrderBy=0&locationId=1&typeId=ApartmentSell&neighbourhoods%5B%5D=487,230,София,10.0,['Оборище'],апартамент
1623386,as,https://homes.bg/offer/apartament-za-prodazhba/dvustaen-77m2-sofiya-oborishte/as1623386,," Оборище, София","Двустаен, 77m²","Тухла, Необзаведен, ТЕЦ",1,"['https://homes.bg/2025-04-18_2/113816465', 'https://homes.bg/2025-04-18_2/113816466', 'https://homes.bg/2025-04-18_2/113816467', 'https://homes.bg/2025-04-18_2/113816468', 'https://homes.bg/2025-04-18_2/113816469', 'https://homes.bg/2025-04-18_2/113816470', 'https://homes.bg/2025-04-18_2/113816471']",142000.0,EUR,"1,844 EUR/m²",,,False, продажба,PropertyType.DVUSTAEN,2025-05-06 06:02:44.703604,https://www.homes.bg/api/offers?currencyId=1&filterOrderBy=0&locationId=1&typeId=ApartmentSell&neighbourhoods%5B%5D=487,230,София,7.0,['Оборище'],апартамент
1600358,as,https://homes.bg/offer/apartament-za-prodazhba/chetiristaen-140m2-sofiya-oborishte/as1600358,," Оборище, София","Четиристаен, 140m²",Тухла,1,"['https://homes.bg/2025-01-29_1/112856192', 'https://homes.bg/2025-01-29_1/112856193', 'https://homes.bg/2025-01-29_1/112856194', 'https://homes.bg/2025-01-29_1/112856195', 'https://homes.bg/2025-01-29_1/112856196', 'https://homes.bg/2025-01-29_1/112856197', 'https://homes.bg/2025-01-29_1/112856198', 'https://homes.bg/2025-01-29_1/112856199', 'https://homes.bg/2025-01-29_1/112856200', 'https://homes.bg/2025-01-29_1/112856201']",306000.0,EUR,"2,185 EUR/m²",,,False, продажба,PropertyType.CHETIRISTAEN,2025-05-06 06:02:44.703619,https://www.homes.bg/api/offers?currencyId=1&filterOrderBy=0&locationId=1&typeId=ApartmentSell&neighbourhoods%5B%5D=487,230,София,10.0,['Оборище'],апартамент
1615538,as,https://homes.bg/offer/apartament-za-prodazhba/tristaen-113m2-sofiya-oborishte/as1615538,," Оборище, София","Тристаен, 113m²","Тухла, Необзаведен, Прокарва се",1,"['https://homes.bg/2025-03-07_1/113274161', 'https://homes.bg/2025-03-07_1/113274162', 'https://homes.bg/2025-03-07_1/113274163', 'https://homes.bg/2025-03-07_1/113274164', 'https://homes.bg/2025-03-07_1/113274165', 'https://homes.bg/2025-03-07_1/113274166', 'https://homes.bg/2025-03-07_1/113274167']",436000.0,EUR,"3,858 EUR/m²",,,False, продажба,PropertyType.TRISTAEN,2025-05-06 06:02:48.108026,https://www.homes.bg/api/offers?currencyId=1&filterOrderBy=0&locationId=1&typeId=ApartmentSell&neighbourhoods%5B%5D=487,230,София,7.0,['Оборище'],апартамент
1621775,as,https://homes.bg/offer/apartament-za-prodazhba/mnogostaen-326m2-sofiya-oborishte/as1621775,," Оборище, София","Многостаен, 326m²","Тухла, ТЕЦ",1,"['https://homes.bg/2025-04-10_1/113706638', 'https://homes.bg/2025-04-10_1/113706639', 'https://homes.bg/2025-04-10_1/113706640', 'https://homes.bg/2025-04-10_1/113706641', 'https://homes.bg/2025-04-10_1/113706642', 'https://homes.bg/2025-04-10_1/113706643', 'https://homes.bg/2025-04-10_1/113706644']",1645459.0,EUR,"5,047 EUR/m²",,,False, продажба,PropertyType.MNOGOSTAEN,2025-05-06 06:02:48.108118,https://www.homes.bg/api/offers?currencyId=1&filterOrderBy=0&locationId=1&typeId=ApartmentSell&neighbourhoods%5B%5D=487,230,София,7.0,['Оборище'],апартамент
1621777,as,https://homes.bg/offer/apartament-za-prodazhba/mnogostaen-190m2-sofiya-oborishte/as1621777,," Оборище, София","Многостаен, 190m²","Тухла, ТЕЦ",1,"['https://homes.bg/2025-04-10_1/113706652', 'https://homes.bg/2025-04-10_1/113706653', 'https://homes.bg/2025-04-10_1/113706654', 'https://homes.bg/2025-04-10_1/113706655', 'https://homes.bg/2025-04-10_1/113706656', 'https://homes.bg/2025-04-10_1/113706657', 'https://homes.bg/2025-04-10_1/113706658', 'https://homes.bg/2025-04-10_1/113706659']",544290.0,EUR,"2,864 EUR/m²",,,False, продажба,PropertyType.MNOGOSTAEN,2025-05-06 06:02:48.108140,https://www.homes.bg/api/offers?currencyId=1&filterOrderBy=0&locationId=1&typeId=ApartmentSell&neighbourhoods%5B%5D=487,230,София,8.0,['Оборище'],апартамент
1621779,as,https://homes.bg/offer/apartament-za-prodazhba/mnogostaen-194m2-sofiya-oborishte/as1621779,," Оборище, София","Многостаен, 194m²","Тухла, ТЕЦ",1,"['https://homes.bg/2025-04-10_1/113706668', 'https://homes.bg/2025-04-10_1/113706669', 'https://homes.bg/2025-04-10_1/113706670', 'https://homes.bg/2025-04-10_1/113706671', 'https://homes.bg/2025-04-10_1/113706672', 'https://homes.bg/2025-04-10_1/113706673', 'https://homes.bg/2025-04-10_1/113706674', 'https://homes.bg/2025-04-10_1/113706675']",595840.0,EUR,"3,071 EUR/m²",,,False, продажба,PropertyType.MNOGOSTAEN,2025-05-06 06:02:48.108157,https://www.homes.bg/api/offers?currencyId=1&filterOrderBy=0&locationId=1&typeId=ApartmentSell&neighbourhoods%5B%5D=487,230,София,8.0,['Оборище'],апартамент
1621780,as,https://homes.bg/offer/apartament-za-prodazhba/mnogostaen-196m2-sofiya-oborishte/as1621780,," Оборище, София","Многостаен, 196m²","Тухла, ТЕЦ",1,"['https://homes.bg/2025-04-10_1/113706676', 'https://homes.bg/2025-04-10_1/113706677', 'https://homes.bg/2025-04-10_1/113706678', 'https://homes.bg/2025-04-10_1/113706679', 'https://homes.bg/2025-04-10_1/113706680', 'https://homes.bg/2025-04-10_1/113706681', 'https://homes.bg/2025-04-10_1/113706682', 'https://homes.bg/2025-04-10_1/113706683']",620235.0,EUR,"3,164 EUR/m²",,,False, продажба,PropertyType.MNOGOSTAEN,2025-05-06 06:02:48.108172,https://www.homes.bg/api/offers?currencyId=1&filterOrderBy=0&locationId=1&typeId=ApartmentSell&neighbourhoods%5B%5D=487,230,София,8.0,['Оборище'],апартамент
1621782,as,https://homes.bg/offer/apartament-za-prodazhba/mnogostaen-187m2-sofiya-oborishte/as1621782,," Оборище, София","Многостаен, 187m²","Тухла, ТЕЦ",1,"['https://homes.bg/2025-04-10_1/113706692', 'https://homes.bg/2025-04-10_1/113706693', 'https://homes.bg/2025-04-10_1/113706694', 'https://homes.bg/2025-04-10_1/113706695', 'https://homes.bg/2025-04-10_1/113706696', 'https://homes.bg/2025-04-10_1/113706697', 'https://homes.bg/2025-04-10_1/113706698', 'https://homes.bg/2025-04-10_1/113706699']",626000.0,EUR,"3,347 EUR/m²",,,False, продажба,PropertyType.MNOGOSTAEN,2025-05-06 06:02:48.108187,https://www.homes.bg/api/offers?currencyId=1&filterOrderBy=0&locationId=1&typeId=ApartmentSell&neighbourhoods%5B%5D=487,230,София,8.0,['Оборище'],апартамент
1621783,as,https://homes.bg/offer/apartament-za-prodazhba/dvustaen-65m2-sofiya-oborishte/as1621783,," Оборище, София","Двустаен, 65m²","Тухла, ТЕЦ",1,"['https://homes.bg/2025-04-10_1/113706700', 'https://homes.bg/2025-04-10_1/113706701', 'https://homes.bg/2025-04-10_1/113706702', 'https://homes.bg/2025-04-10_1/113706703', 'https://homes.bg/2025-04-10_1/113706704', 'https://homes.bg/2025-04-10_1/113706705', 'https://homes.bg/2025-04-10_1/113706706', 'https://homes.bg/2025-04-10_1/113706707']",212770.0,EUR,"3,273 EUR/m²",,,False, продажба,PropertyType.DVUSTAEN,2025-05-06 06:02:48.108202,https://www.homes.bg/api/offers?currencyId=1&filterOrderBy=0&locationId=1&typeId=ApartmentSell&neighbourhoods%5B%5D=487,230,София,8.0,['Оборище'],апартамент
1621781,as,https://homes.bg/offer/apartament-za-prodazhba/mnogostaen-195m2-sofiya-oborishte/as1621781,," Оборище, София","Многостаен, 195m²","Тухла, ТЕЦ",1,"['https://homes.bg/2025-04-10_1/113706684', 'https://homes.bg/2025-04-10_1/113706685', 'https://homes.bg/2025-04-10_1/113706686', 'https://homes.bg/2025-04-10_1/113706687', 'https://homes.bg/2025-04-10_1/113706688', 'https://homes.bg/2025-04-10_1/113706689', 'https://homes.bg/2025-04-10_1/113706690', 'https://homes.bg/2025-04-10_1/113706691']",635970.0,EUR,"3,261 EUR/m²",,,False, продажба,PropertyType.MNOGOSTAEN,2025-05-06 06:02:48.108215,https://www.homes.bg/api/offers?currencyId=1&filterOrderBy=0&locationId=1&typeId=ApartmentSell&neighbourhoods%5B%5D=487,230,София,8.0,['Оборище'],апартамент
1621776,as,https://homes.bg/offer/apartament-za-prodazhba/mnogostaen-196m2-sofiya-oborishte/as1621776,," Оборище, София","Многостаен, 196m²","Тухла, ТЕЦ",1,"['https://homes.bg/2025-04-10_1/113706645', 'https://homes.bg/2025-04-10_1/113706646', 'https://homes.bg/2025-04-10_1/113706647', 'https://homes.bg/2025-04-10_1/113706648', 'https://homes.bg/2025-04-10_1/113706649', 'https://homes.bg/2025-04-10_1/113706650', 'https://homes.bg/2025-04-10_1/113706651']",991973.0,EUR,"5,061 EUR/m²",,,False, продажба,PropertyType.MNOGOSTAEN,2025-05-06 06:02:48.108229,https://www.homes.bg/api/offers?currencyId=1&filterOrderBy=0&locationId=1&typeId=ApartmentSell&neighbourhoods%5B%5D=487,230,София,7.0,['Оборище'],апартамент
1621778,as,https://homes.bg/offer/apartament-za-prodazhba/mnogostaen-194m2-sofiya-oborishte/as1621778,," Оборище, София","Многостаен, 194m²","Тухла, ТЕЦ",1,"['https://homes.bg/2025-04-10_1/113706660', 'https://homes.bg/2025-04-10_1/113706661', 'https://homes.bg/2025-04-10_1/113706662', 'https://homes.bg/2025-04-10_1/113706663', 'https://homes.bg/2025-04-10_1/113706664', 'https://homes.bg/2025-04-10_1/113706665', 'https://homes.bg/2025-04-10_1/113706666', 'https://homes.bg/2025-04-10_1/113706667']",576790.0,EUR,"2,973 EUR/m²",,,False, продажба,PropertyType.MNOGOSTAEN,2025-05-06 06:02:48.108243,https://www.homes.bg/api/offers?currencyId=1&filterOrderBy=0&locationId=1&typeId=ApartmentSell&neighbourhoods%5B%5D=487,230,София,8.0,['Оборище'],апартамент
1597037,as,https://homes.bg/offer/apartament-za-prodazhba/dvustaen-76m2-sofiya-oborishte/as1597037,," Оборище, София","Двустаен, 76m²","Тухла, Обзаведен, ТЕЦ",1,"['https://homes.bg/2024-11-04_2/111903909', 'https://homes.bg/2024-11-04_2/111903914', 'https://homes.bg/2024-11-04_2/111903915', 'https://homes.bg/2024-11-04_2/111903917', 'https://homes.bg/2024-11-04_2/111903916', 'https://homes.bg/2024-11-04_2/111903919', 'https://homes.bg/2024-11-04_2/111903911', 'https://homes.bg/2024-11-04_2/111903918']",287500.0,EUR,"3,782 EUR/m²",,,False, продажба,PropertyType.DVUSTAEN,2025-05-06 06:02:48.108254,https://www.homes.bg/api/offers?currencyId=1&filterOrderBy=0&locationId=1&typeId=ApartmentSell&neighbourhoods%5B%5D=487,230,София,8.0,['Оборище'],апартамент
1621588,as,https://homes.bg/offer/apartament-za-prodazhba/tristaen-142m2-sofiya-oborishte/as1621588,," Оборище, София","Тристаен, 142m²","Тухла, Необзаведен, ТЕЦ",1,"['https://homes.bg/2025-04-09_1/113689298', 'https://homes.bg/2025-04-09_1/113689299', 'https://homes.bg/2025-04-09_1/113689300', 'https://homes.bg/2025-04-09_1/113689301']",434700.0,EUR,"3,061 EUR/m²",,,False, продажба,PropertyType.TRISTAEN,2025-05-06 06:02:48.108264,https://www.homes.bg/api/offers?currencyId=1&filterOrderBy=0&locationId=1&typeId=ApartmentSell&neighbourhoods%5B%5D=487,230,София,4.0,['Оборище'],апартамент
1621118,as,https://homes.bg/offer/apartament-za-prodazhba/dvustaen-55m2-sofiya-oborishte/as1621118,," Оборище, София","Двустаен, 55m²",Тухла,1,"['https://homes.bg/2025-04-07_1/113659021', 'https://homes.bg/2025-04-07_1/113659022', 'https://homes.bg/2025-04-07_1/113659023', 'https://homes.bg/2025-04-07_1/113659024', 'https://homes.bg/2025-04-07_1/113659025']",185000.0,EUR,"3,363 EUR/m²",,,False, продажба,PropertyType.DVUSTAEN,2025-05-06 06:02:48.108275,https://www.homes.bg/api/offers?currencyId=1&filterOrderBy=0&locationId=1&typeId=ApartmentSell&neighbourhoods%5B%5D=487,230,София,5.0,['Оборище'],апартамент
1556279,as,https://homes.bg/offer/apartament-za-prodazhba/tristaen-85m2-sofiya-oborishte/as1556279,," Оборище, София","Тристаен, 85m²","Тухла, Обзаведен, ТЕЦ",1,"['https://homes.bg/2024-03-24_1/108943067', 'https://homes.bg/2024-03-24_1/108943068', 'https://homes.bg/2024-03-24_1/108943069', 'https://homes.bg/2024-03-24_1/108943070', 'https://homes.bg/2024-03-24_1/108943071', 'https://homes.bg/2024-03-24_1/108943072', 'https://homes.bg/2024-03-24_1/108943073']",0.0,EUR,0 EUR/m²,,,False, продажба,PropertyType.TRISTAEN,2025-05-06 06:02:48.108286,https://www.homes.bg/api/offers?currencyId=1&filterOrderBy=0&locationId=1&typeId=ApartmentSell&neighbourhoods%5B%5D=487,230,София,7.0,['Оборище'],апартамент
1565876,as,https://homes.bg/offer/apartament-za-prodazhba/chetiristaen-150m2-sofiya-oborishte/as1565876,," Оборище, София","Четиристаен, 150m²",Тухла,1,"['https://homes.bg/2024-09-05_1/111123266', 'https://homes.bg/2024-09-05_1/111123267', 'https://homes.bg/2024-09-05_1/111123268', 'https://homes.bg/2024-09-05_1/111123269', 'https://homes.bg/2024-09-05_1/111123270', 'https://homes.bg/2024-09-05_1/111123271', 'https://homes.bg/2024-09-05_1/111123272', 'https://homes.bg/2024-09-05_1/111123273', 'https://homes.bg/2024-09-05_1/111123274', 'https://homes.bg/2024-09-05_1/111123275']",658500.0,EUR,"4,390 EUR/m²",,,False, продажба,PropertyType.CHETIRISTAEN,2025-05-06 06:02:48.108299,https://www.homes.bg/api/offers?currencyId=1&filterOrderBy=0&locationId=1&typeId=ApartmentSell&neighbourhoods%5B%5D=487,230,София,10.0,['Оборище'],апартамент
1558596,as,https://homes.bg/offer/apartament-za-prodazhba/chetiristaen-140m2-sofiya-oborishte/as1558596,," Оборище, София","Четиристаен, 140m²",Тухла,1,"['https://homes.bg/2025-03-03_1/113229475', 'https://homes.bg/2025-03-03_1/113229476', 'https://homes.bg/2025-03-03_1/113229477', 'https://homes.bg/2025-03-03_1/113229478', 'https://homes.bg/2025-03-03_1/113229479', 'https://homes.bg/2025-03-03_1/113229480', 'https://homes.bg/2025-03-03_1/113229481', 'https://homes.bg/2025-03-03_1/113229482', 'https://homes.bg/2025-03-03_1/113229483', 'https://homes.bg/2025-03-03_1/113229484']",428500.0,EUR,"3,060 EUR/m²",,,False, продажба,PropertyType.CHETIRISTAEN,2025-05-06 06:02:48.108313,https://www.homes.bg/api/offers?currencyId=1&filterOrderBy=0&locationId=1&typeId=ApartmentSell&neighbourhoods%5B%5D=487,230,София,10.0,['Оборище'],апартамент
1603954,as,https://homes.bg/offer/apartament-za-prodazhba/tristaen-94m2-sofiya-oborishte/as1603954,," Оборище, София","Тристаен, 94m²","Тухла, Полуобзаведен, ТЕЦ",1,"['https://homes.bg/2024-12-17_2/112465498', 'https://homes.bg/2024-12-17_2/112465490', 'https://homes.bg/2024-12-17_2/112465489', 'https://homes.bg/2024-12-17_2/112465491', 'https://homes.bg/2024-12-17_2/112465492', 'https://homes.bg/2024-12-17_2/112465493', 'https://homes.bg/2024-12-17_2/112465494', 'https://homes.bg/2024-12-17_2/112465495', 'https://homes.bg/2024-12-17_2/112465496', 'https://homes.bg/2024-12-17_2/112465497']",420000.0,EUR,"4,468 EUR/m²",,,False, продажба,PropertyType.TRISTAEN,2025-05-06 06:02:48.108327,https://www.homes.bg/api/offers?currencyId=1&filterOrderBy=0&locationId=1&typeId=ApartmentSell&neighbourhoods%5B%5D=487,230,София,10.0,['Оборище'],апартамент
1615319,as,https://homes.bg/offer/apartament-za-prodazhba/tristaen-86m2-sofiya-oborishte/as1615319,," Оборище, София","Тристаен, 86m²","Тухла, Полуобзаведен, ТЕЦ",1,"['https://homes.bg/2025-03-06_1/113260308', 'https://homes.bg/2025-03-06_1/113260309', 'https://homes.bg/2025-03-06_1/113260310', 'https://homes.bg/2025-03-06_1/113260311', 'https://homes.bg/2025-03-06_1/113260312', 'https://homes.bg/2025-03-06_1/113260313', 'https://homes.bg/2025-03-06_1/113260314']",350000.0,EUR,"4,069 EUR/m²",,,False, продажба,PropertyType.TRISTAEN,2025-05-06 06:02:48.108338,https://www.homes.bg/api/offers?currencyId=1&filterOrderBy=0&locationId=1&typeId=ApartmentSell&neighbourhoods%5B%5D=487,230,София,7.0,['Оборище'],апартамент
1610636,as,https://homes.bg/offer/apartament-za-prodazhba/tristaen-125m2-sofiya-oborishte/as1610636,," Оборище, София","Тристаен, 125m²","Тухла, Необзаведен, ТЕЦ",1,"['https://homes.bg/2025-03-29_2/113559203', 'https://homes.bg/2025-03-29_2/113559204', 'https://homes.bg/2025-03-29_2/113559205', 'https://homes.bg/2025-03-29_2/113559206']",275418.0,EUR,"2,203 EUR/m²",,,False, продажба,PropertyType.TRISTAEN,2025-05-06 06:02:48.108348,https://www.homes.bg/api/offers?currencyId=1&filterOrderBy=0&locationId=1&typeId=ApartmentSell&neighbourhoods%5B%5D=487,230,София,4.0,['Оборище'],апартамент
1610634,as,https://homes.bg/offer/apartament-za-prodazhba/tristaen-125m2-sofiya-oborishte/as1610634,," Оборище, София","Тристаен, 125m²","Тухла, Необзаведен, ТЕЦ",1,"['https://homes.bg/2025-03-29_2/113559191', 'https://homes.bg/2025-03-29_2/113559192', 'https://homes.bg/2025-03-29_2/113559193', 'https://homes.bg/2025-03-29_2/113559194']",275418.0,EUR,"2,203 EUR/m²",,,False, продажба,PropertyType.TRISTAEN,2025-05-06 06:02:48.108358,https://www.homes.bg/api/offers?currencyId=1&filterOrderBy=0&locationId=1&typeId=ApartmentSell&neighbourhoods%5B%5D=487,230,София,4.0,['Оборище'],апартамент
1610051,as,https://homes.bg/offer/apartament-za-prodazhba/tristaen-106m2-sofiya-oborishte/as1610051,," Оборище, София","Тристаен, 106m²","Тухла, Необзаведен, ТЕЦ",1,"['https://homes.bg/2025-03-29_2/113559163', 'https://homes.bg/2025-03-29_2/113559164', 'https://homes.bg/2025-03-29_2/113559165', 'https://homes.bg/2025-03-29_2/113559166', 'https://homes.bg/2025-03-29_2/113559167']",234674.0,EUR,"2,213 EUR/m²",,,False, продажба,PropertyType.TRISTAEN,2025-05-06 06:02:48.108368,https://www.homes.bg/api/offers?currencyId=1&filterOrderBy=0&locationId=1&typeId=ApartmentSell&neighbourhoods%5B%5D=487,230,София,5.0,['Оборище'],апартамент
1610633,as,https://homes.bg/offer/apartament-za-prodazhba/tristaen-125m2-sofiya-oborishte/as1610633,," Оборище, София","Тристаен, 125m²","Тухла, Необзаведен, ТЕЦ",1,"['https://homes.bg/2025-03-29_2/113559187', 'https://homes.bg/2025-03-29_2/113559188', 'https://homes.bg/2025-03-29_2/113559189', 'https://homes.bg/2025-03-29_2/113559190']",275418.0,EUR,"2,203 EUR/m²",,,False, продажба,PropertyType.TRISTAEN,2025-05-06 06:02:48.108379,https://www.homes.bg/api/offers?currencyId=1&filterOrderBy=0&locationId=1&typeId=ApartmentSell&neighbourhoods%5B%5D=487,230,София,4.0,['Оборище'],апартамент
1610635,as,https://homes.bg/offer/apartament-za-prodazhba/tristaen-125m2-sofiya-oborishte/as1610635,," Оборище, София","Тристаен, 125m²","Тухла, Необзаведен, ТЕЦ",1,"['https://homes.bg/2025-03-29_2/113559195', 'https://homes.bg/2025-03-29_2/113559196', 'https://homes.bg/2025-03-29_2/113559197', 'https://homes.bg/2025-03-29_2/113559198']",275418.0,EUR,"2,203 EUR/m²",,,False, продажба,PropertyType.TRISTAEN,2025-05-06 06:02:48.108389,https://www.homes.bg/api/offers?currencyId=1&filterOrderBy=0&locationId=1&typeId=ApartmentSell&neighbourhoods%5B%5D=487,230,София,4.0,['Оборище'],апартамент
1610637,as,https://homes.bg/offer/apartament-za-prodazhba/chetiristaen-166m2-sofiya-oborishte/as1610637,," Оборище, София","Четиристаен, 166m²","Тухла, Необзаведен, Електричество",1,"['https://homes.bg/2025-03-29_2/113559207', 'https://homes.bg/2025-03-29_2/113559208', 'https://homes.bg/2025-03-29_2/113559209', 'https://homes.bg/2025-03-29_2/113559210']",367092.0,EUR,"2,211 EUR/m²",,,False, продажба,PropertyType.CHETIRISTAEN,2025-05-06 06:02:48.108398,https://www.homes.bg/api/offers?currencyId=1&filterOrderBy=0&locationId=1&typeId=ApartmentSell&neighbourhoods%5B%5D=487,230,София,4.0,['Оборище'],апартамент
1610632,as,https://homes.bg/offer/apartament-za-prodazhba/tristaen-124m2-sofiya-oborishte/as1610632,," Оборище, София","Тристаен, 124m²","Тухла, Необзаведен, Електричество",1,"['https://homes.bg/2025-03-29_2/113559183', 'https://homes.bg/2025-03-29_2/113559184', 'https://homes.bg/2025-03-29_2/113559185', 'https://homes.bg/2025-03-29_2/113559186']",273724.0,EUR,"2,207 EUR/m²",,,False, продажба,PropertyType.TRISTAEN,2025-05-06 06:02:48.108408,https://www.homes.bg/api/offers?currencyId=1&filterOrderBy=0&locationId=1&typeId=ApartmentSell&neighbourhoods%5B%5D=487,230,София,4.0,['Оборище'],апартамент
1619826,as,https://homes.bg/offer/apartament-za-prodazhba/tristaen-125m2-sofiya-oborishte/as1619826,," Оборище, София","Тристаен, 125m²","Тухла, Необзаведен, ТЕЦ",1,"['https://homes.bg/2025-03-29_2/113559199', 'https://homes.bg/2025-03-29_2/113559200', 'https://homes.bg/2025-03-29_2/113559201', 'https://homes.bg/2025-03-29_2/113559202']",275418.0,EUR,"2,203 EUR/m²",,,False, продажба,PropertyType.TRISTAEN,2025-05-06 06:02:48.108418,https://www.homes.bg/api/offers?currencyId=1&filterOrderBy=0&locationId=1&typeId=ApartmentSell&neighbourhoods%5B%5D=487,230,София,4.0,['Оборище'],апартамент
1578168,as,https://homes.bg/offer/apartament-za-prodazhba/tristaen-132m2-sofiya-oborishte/as1578168,," Оборище, София","Тристаен, 132m²","Тухла, ТЕЦ",1,['https://homes.bg/2024-07-17_1/110453001'],343260.0,EUR,"2,600 EUR/m²",,,False, продажба,PropertyType.TRISTAEN,2025-05-06 06:02:48.108428,https://www.homes.bg/api/offers?currencyId=1&filterOrderBy=0&locationId=1&typeId=ApartmentSell&neighbourhoods%5B%5D=487,230,София,1.0,['Оборище'],апартамент
828933,as,https://homes.bg/offer/apartament-za-prodazhba/chetiristaen-190m2-sofiya-oborishte/as828933,," Оборище, София","Четиристаен, 190m²","Тухла, Необзаведен, ТЕЦ",1,"['https://homes.bg/2016-11-03_2/6844690', 'https://homes.bg/2016-11-03_2/6844691', 'https://homes.bg/2016-11-03_2/6844693', 'https://homes.bg/2016-11-03_2/6844695']",0.0,EUR,0 EUR/m²,,,False, продажба,PropertyType.CHETIRISTAEN,2025-05-06 06:02:48.108440,https://www.homes.bg/api/offers?currencyId=1&filterOrderBy=0&locationId=1&typeId=ApartmentSell&neighbourhoods%5B%5D=487,230,София,4.0,['Оборище'],апартамент
1546511,as,https://homes.bg/offer/apartament-za-prodazhba/dvustaen-52m2-sofiya-oborishte/as1546511,," Оборище, София","Двустаен, 52m²","Тухла, Необзаведен, ТЕЦ",1,"['https://homes.bg/2024-02-07_2/108233448', 'https://homes.bg/2024-02-07_2/108233449', 'https://homes.bg/2024-02-08_1/108249440', 'https://homes.bg/2024-02-07_2/108233451', 'https://homes.bg/2024-02-08_1/108249441', 'https://homes.bg/2024-02-07_2/108233450']",147000.0,EUR,"2,826 EUR/m²",,,False, продажба,PropertyType.DVUSTAEN,2025-05-06 06:02:48.108451,https://www.homes.bg/api/offers?currencyId=1&filterOrderBy=0&locationId=1&typeId=ApartmentSell&neighbourhoods%5B%5D=487,230,София,6.0,['Оборище'],апартамент
1607917,as,https://homes.bg/offer/apartament-za-prodazhba/tristaen-132m2-sofiya-oborishte/as1607917,," Оборище, София","Тристаен, 132m²","Тухла, ТЕЦ",1,"['https://homes.bg/2025-01-25_1/112816947', 'https://homes.bg/2025-01-25_1/112816948']",343930.0,EUR,"2,605 EUR/m²",,,False, продажба,PropertyType.TRISTAEN,2025-05-06 06:02:48.108461,https://www.homes.bg/api/offers?currencyId=1&filterOrderBy=0&locationId=1&typeId=ApartmentSell&neighbourhoods%5B%5D=487,230,София,2.0,['Оборище'],апартамент
1607915,as,https://homes.bg/offer/apartament-za-prodazhba/tristaen-132m2-sofiya-oborishte/as1607915,," Оборище, София","Тристаен, 132m²","Тухла, ТЕЦ",1,"['https://homes.bg/2025-01-25_1/112816925', 'https://homes.bg/2025-01-25_1/112816926']",343260.0,EUR,"2,600 EUR/m²",,,False, продажба,PropertyType.TRISTAEN,2025-05-06 06:02:48.108471,https://www.homes.bg/api/offers?currencyId=1&filterOrderBy=0&locationId=1&typeId=ApartmentSell&neighbourhoods%5B%5D=487,230,София,2.0,['Оборище'],апартамент
1019861,as,https://homes.bg/offer/apartament-za-prodazhba/tristaen-119m2-sofiya-oborishte/as1019861,," Оборище, София","Тристаен, 119m²","Тухла, Полуобзаведен, ТЕЦ",1,[],205000.0,EUR,"1,722 EUR/m²",,,False, продажба,PropertyType.TRISTAEN,2025-05-06 06:02:48.108480,https://www.homes.bg/api/offers?currencyId=1&filterOrderBy=0&locationId=1&typeId=ApartmentSell&neighbourhoods%5B%5D=487,230,София,0.0,['Оборище'],апартамент
1544782,as,https://homes.bg/offer/apartament-za-prodazhba/tristaen-118m2-sofiya-oborishte/as1544782,," Оборище, София","Тристаен, 118m²","Тухла, Обзаведен, ТЕЦ",1,"['https://homes.bg/2024-03-24_1/108943184', 'https://homes.bg/2024-03-24_1/108943185', 'https://homes.bg/2024-03-24_1/108943186', 'https://homes.bg/2024-03-24_1/108943187', 'https://homes.bg/2024-03-24_1/108943188', 'https://homes.bg/2024-03-24_1/108943189', 'https://homes.bg/2024-03-24_1/108943190', 'https://homes.bg/2024-03-24_1/108943191', 'https://homes.bg/2024-03-24_1/108943192', 'https://homes.bg/2024-03-24_1/108943193']",428000.0,EUR,"3,627 EUR/m²",,,False, продажба,PropertyType.TRISTAEN,2025-05-06 06:02:48.108491,https://www.homes.bg/api/offers?currencyId=1&filterOrderBy=0&locationId=1&typeId=ApartmentSell&neighbourhoods%5B%5D=487,230,София,10.0,['Оборище'],апартамент
1583890,as,https://homes.bg/offer/apartament-za-prodazhba/tristaen-97m2-sofiya-oborishte/as1583890,," Оборище, София","Тристаен, 97m²",Тухла,1,"['https://homes.bg/2024-08-24_1/110973991', 'https://homes.bg/2024-08-24_1/110973992', 'https://homes.bg/2024-08-24_1/110973993', 'https://homes.bg/2024-08-24_1/110973994', 'https://homes.bg/2024-08-24_1/110973995', 'https://homes.bg/2024-08-24_1/110973996', 'https://homes.bg/2024-08-24_1/110973997', 'https://homes.bg/2024-08-24_1/110973998', 'https://homes.bg/2024-08-24_1/110973999', 'https://homes.bg/2024-08-24_1/110974000']",349000.0,EUR,"3,597 EUR/m²",,,False, продажба,PropertyType.TRISTAEN,2025-05-06 06:02:48.108504,https://www.homes.bg/api/offers?currencyId=1&filterOrderBy=0&locationId=1&typeId=ApartmentSell&neighbourhoods%5B%5D=487,230,София,10.0,['Оборище'],апартамент
1606629,as,https://homes.bg/offer/apartament-za-prodazhba/dvustaen-55m2-sofiya-oborishte/as1606629,," Оборище, София","Двустаен, 55m²","Тухла, Обзаведен, Електричество",1,"['https://homes.bg/2025-01-20_2/112741666', 'https://homes.bg/2025-01-20_2/112741665', 'https://homes.bg/2025-01-20_2/112741664', 'https://homes.bg/2025-01-20_2/112741667', 'https://homes.bg/2025-01-20_2/112741669', 'https://homes.bg/2025-01-20_2/112741668', 'https://homes.bg/2025-01-20_2/112741663']",120000.0,EUR,"2,181 EUR/m²",,,False, продажба,PropertyType.DVUSTAEN,2025-05-06 06:02:48.108515,https://www.homes.bg/api/offers?currencyId=1&filterOrderBy=0&locationId=1&typeId=ApartmentSell&neighbourhoods%5B%5D=487,230,София,7.0,['Оборище'],апартамент
1557125,as,https://homes.bg/offer/apartament-za-prodazhba/chetiristaen-194m2-sofiya-oborishte/as1557125,," Оборище, София","Четиристаен, 194m²","Тухла, Необзаведен, Електричество",1,"['https://homes.bg/2025-02-27_2/113189830', 'https://homes.bg/2025-02-27_2/113189832', 'https://homes.bg/2025-02-27_2/113189834', 'https://homes.bg/2025-02-27_2/113189836']",576790.0,EUR,"2,973 EUR/m²",,,False, продажба,PropertyType.CHETIRISTAEN,2025-05-06 06:02:48.108525,https://www.homes.bg/api/offers?currencyId=1&filterOrderBy=0&locationId=1&typeId=ApartmentSell&neighbourhoods%5B%5D=487,230,София,4.0,['Оборище'],апартамент
1557130,as,https://homes.bg/offer/apartament-za-prodazhba/chetiristaen-196m2-sofiya-oborishte/as1557130,," Оборище, София","Четиристаен, 196m²","Тухла, Необзаведен, Електричество",1,"['https://homes.bg/2025-02-27_2/113189845', 'https://homes.bg/2025-02-27_2/113189847', 'https://homes.bg/2025-02-27_2/113189849', 'https://homes.bg/2025-02-27_2/113189851']",620235.0,EUR,"3,164 EUR/m²",,,False, продажба,PropertyType.CHETIRISTAEN,2025-05-06 06:02:48.108535,https://www.homes.bg/api/offers?currencyId=1&filterOrderBy=0&locationId=1&typeId=ApartmentSell&neighbourhoods%5B%5D=487,230,София,4.0,['Оборище'],апартамент
1557127,as,https://homes.bg/offer/apartament-za-prodazhba/chetiristaen-194m2-sofiya-oborishte/as1557127,," Оборище, София","Четиристаен, 194m²","Тухла, Необзаведен, Електричество",1,"['https://homes.bg/2025-02-27_2/113189838', 'https://homes.bg/2025-02-27_2/113189840', 'https://homes.bg/2025-02-27_2/113189842', 'https://homes.bg/2025-02-27_2/113189844']",595840.0,EUR,"3,071 EUR/m²",,,False, продажба,PropertyType.CHETIRISTAEN,2025-05-06 06:02:48.108545,https://www.homes.bg/api/offers?currencyId=1&filterOrderBy=0&locationId=1&typeId=ApartmentSell&neighbourhoods%5B%5D=487,230,София,4.0,['Оборище'],апартамент
1557131,as,https://homes.bg/offer/apartament-za-prodazhba/chetiristaen-195m2-sofiya-oborishte/as1557131,," Оборище, София","Четиристаен, 195m²","Тухла, Необзаведен, Електричество",1,"['https://homes.bg/2025-02-27_2/113189853', 'https://homes.bg/2025-02-27_2/113189855', 'https://homes.bg/2025-02-27_2/113189857', 'https://homes.bg/2025-02-27_2/113189859']",635970.0,EUR,"3,261 EUR/m²",,,False, продажба,PropertyType.CHETIRISTAEN,2025-05-06 06:02:48.108555,https://www.homes.bg/api/offers?currencyId=1&filterOrderBy=0&locationId=1&typeId=ApartmentSell&neighbourhoods%5B%5D=487,230,София,4.0,['Оборище'],апартамент
1557133,as,https://homes.bg/offer/apartament-za-prodazhba/chetiristaen-187m2-sofiya-oborishte/as1557133,," Оборище, София","Четиристаен, 187m²","Тухла, Необзаведен, Електричество",1,"['https://homes.bg/2025-02-27_2/113189861', 'https://homes.bg/2025-02-27_2/113189863', 'https://homes.bg/2025-02-27_2/113189865', 'https://homes.bg/2025-02-27_2/113189867']",626000.0,EUR,"3,347 EUR/m²",,,False, продажба,PropertyType.CHETIRISTAEN,2025-05-06 06:02:48.108565,https://www.homes.bg/api/offers?currencyId=1&filterOrderBy=0&locationId=1&typeId=ApartmentSell&neighbourhoods%5B%5D=487,230,София,4.0,['Оборище'],апартамент
1538909,as,https://homes.bg/offer/apartament-za-prodazhba/tristaen-139m2-sofiya-oborishte/as1538909,," Оборище, София","Тристаен, 139m²","Тухла, Необзаведен, Електричество",1,"['https://homes.bg/2025-02-26_2/113176202', 'https://homes.bg/2025-02-26_2/113176203', 'https://homes.bg/2025-02-26_2/113176204', 'https://homes.bg/2025-02-26_2/113176205', 'https://homes.bg/2025-02-26_2/113176206', 'https://homes.bg/2025-02-26_2/113176207']",424850.0,EUR,"3,056 EUR/m²",,,False, продажба,PropertyType.TRISTAEN,2025-05-06 06:02:48.108576,https://www.homes.bg/api/offers?currencyId=1&filterOrderBy=0&locationId=1&typeId=ApartmentSell&neighbourhoods%5B%5D=487,230,София,6.0,['Оборище'],апартамент
1538908,as,https://homes.bg/offer/apartament-za-prodazhba/tristaen-142m2-sofiya-oborishte/as1538908,," Оборище, София","Тристаен, 142m²","Тухла, Необзаведен, Електричество",1,"['https://homes.bg/2025-02-26_2/113176197', 'https://homes.bg/2025-02-26_2/113176198', 'https://homes.bg/2025-02-26_2/113176199', 'https://homes.bg/2025-02-26_2/113176200', 'https://homes.bg/2025-02-26_2/113176201']",434700.0,EUR,"3,061 EUR/m²",,,False, продажба,PropertyType.TRISTAEN,2025-05-06 06:02:48.108587,https://www.homes.bg/api/offers?currencyId=1&filterOrderBy=0&locationId=1&typeId=ApartmentSell&neighbourhoods%5B%5D=487,230,София,5.0,['Оборище'],апартамент
1539461,as,https://homes.bg/offer/apartament-za-prodazhba/chetiristaen-176m2-sofiya-oborishte/as1539461,," Оборище, София","Четиристаен, 176m²",Тухла,1,"['https://homes.bg/2025-02-26_2/113176228', 'https://homes.bg/2025-02-26_2/113176229', 'https://homes.bg/2025-02-26_2/113176230', 'https://homes.bg/2025-02-26_2/113176231', 'https://homes.bg/2025-02-26_2/113176232']",531700.0,EUR,"3,021 EUR/m²",,,False, продажба,PropertyType.CHETIRISTAEN,2025-05-06 06:02:48.108598,https://www.homes.bg/api/offers?currencyId=1&filterOrderBy=0&locationId=1&typeId=ApartmentSell&neighbourhoods%5B%5D=487,230,София,5.0,['Оборище'],апартамент
1539468,as,https://homes.bg/offer/apartament-za-prodazhba/chetiristaen-172m2-sofiya-oborishte/as1539468,," Оборище, София","Четиристаен, 172m²",Тухла,1,"['https://homes.bg/2025-02-26_2/113176238', 'https://homes.bg/2025-02-26_2/113176239', 'https://homes.bg/2025-02-26_2/113176240', 'https://homes.bg/2025-02-26_2/113176241', 'https://homes.bg/2025-02-26_2/113176242']",532800.0,EUR,"3,097 EUR/m²",,,False, продажба,PropertyType.CHETIRISTAEN,2025-05-06 06:02:48.108608,https://www.homes.bg/api/offers?currencyId=1&filterOrderBy=0&locationId=1&typeId=ApartmentSell&neighbourhoods%5B%5D=487,230,София,5.0,['Оборище'],апартамент
1539473,as,https://homes.bg/offer/apartament-za-prodazhba/chetiristaen-180m2-sofiya-oborishte/as1539473,," Оборище, София","Четиристаен, 180m²",Тухла,1,"['https://homes.bg/2025-02-26_2/113176253', 'https://homes.bg/2025-02-26_2/113176254', 'https://homes.bg/2025-02-26_2/113176255', 'https://homes.bg/2025-02-26_2/113176256', 'https://homes.bg/2025-02-26_2/113176257']",576300.0,EUR,"3,201 EUR/m²",,,False, продажба,PropertyType.CHETIRISTAEN,2025-05-06 06:02:48.108617,https://www.homes.bg/api/offers?currencyId=1&filterOrderBy=0&locationId=1&typeId=ApartmentSell&neighbourhoods%5B%5D=487,230,София,5.0,['Оборище'],апартамент
1539181,as,https://homes.bg/offer/apartament-za-prodazhba/tristaen-144m2-sofiya-oborishte/as1539181,," Оборище, София","Тристаен, 144m²",Тухла,1,"['https://homes.bg/2025-02-26_2/113176208', 'https://homes.bg/2025-02-26_2/113176209', 'https://homes.bg/2025-02-26_2/113176210', 'https://homes.bg/2025-02-26_2/113176211', 'https://homes.bg/2025-02-26_2/113176212']",472200.0,EUR,"3,279 EUR/m²",,,False, продажба,PropertyType.TRISTAEN,2025-05-06 06:02:48.108628,https://www.homes.bg/api/offers?currencyId=1&filterOrderBy=0&locationId=1&typeId=ApartmentSell&neighbourhoods%5B%5D=487,230,София,5.0,['Оборище'],апартамент
1557119,as,https://homes.bg/offer/apartament-za-prodazhba/chetiristaen-190m2-sofiya-oborishte/as1557119,," Оборище, София","Четиристаен, 190m²","Тухла, Необзаведен, Електричество",1,"['https://homes.bg/2025-02-26_2/113176266', 'https://homes.bg/2025-02-26_2/113176267', 'https://homes.bg/2025-02-26_2/113176268', 'https://homes.bg/2025-02-26_2/113176269']",544290.0,EUR,"2,864 EUR/m²",,,False, продажба,PropertyType.CHETIRISTAEN,2025-05-06 06:02:48.108637,https://www.homes.bg/api/offers?currencyId=1&filterOrderBy=0&locationId=1&typeId=ApartmentSell&neighbourhoods%5B%5D=487,230,София,4.0,['Оборище'],апартамент
1539472,as,https://homes.bg/offer/apartament-za-prodazhba/chetiristaen-180m2-sofiya-oborishte/as1539472,," Оборище, София","Четиристаен, 180m²",Тухла,1,"['https://homes.bg/2025-02-26_2/113176248', 'https://homes.bg/2025-02-26_2/113176249', 'https://homes.bg/2025-02-26_2/113176250', 'https://homes.bg/2025-02-26_2/113176251', 'https://homes.bg/2025-02-26_2/113176252']",557790.0,EUR,"3,098 EUR/m²",,,False, продажба,PropertyType.CHETIRISTAEN,2025-05-06 06:02:48.108648,https://www.homes.bg/api/offers?currencyId=1&filterOrderBy=0&locationId=1&typeId=ApartmentSell&neighbourhoods%5B%5D=487,230,София,5.0,['Оборище'],апартамент
1539185,as,https://homes.bg/offer/apartament-za-prodazhba/tristaen-144m2-sofiya-oborishte/as1539185,," Оборище, София","Тристаен, 144m²",Тухла,1,"['https://homes.bg/2025-02-26_2/113176223', 'https://homes.bg/2025-02-26_2/113176224', 'https://homes.bg/2025-02-26_2/113176225', 'https://homes.bg/2025-02-26_2/113176226', 'https://homes.bg/2025-02-26_2/113176227']",487500.0,EUR,"3,385 EUR/m²",,,False, продажба,PropertyType.TRISTAEN,2025-05-06 06:02:48.108658,https://www.homes.bg/api/offers?currencyId=1&filterOrderBy=0&locationId=1&typeId=ApartmentSell&neighbourhoods%5B%5D=487,230,София,5.0,['Оборище'],апартамент
1539182,as,https://homes.bg/offer/apartament-za-prodazhba/tristaen-125m2-sofiya-oborishte/as1539182,," Оборище, София","Тристаен, 125m²",Тухла,1,"['https://homes.bg/2025-02-26_2/113176213', 'https://homes.bg/2025-02-26_2/113176214', 'https://homes.bg/2025-02-26_2/113176215', 'https://homes.bg/2025-02-26_2/113176216', 'https://homes.bg/2025-02-26_2/113176217']",411250.0,EUR,"3,290 EUR/m²",,,False, продажба,PropertyType.TRISTAEN,2025-05-06 06:02:48.108669,https://www.homes.bg/api/offers?currencyId=1&filterOrderBy=0&locationId=1&typeId=ApartmentSell&neighbourhoods%5B%5D=487,230,София,5.0,['Оборище'],апартамент
1557108,as,https://homes.bg/offer/apartament-za-prodazhba/chetiristaen-178m2-sofiya-oborishte/as1557108,," Оборище, София","Четиристаен, 178m²","Тухла, Необзаведен, Електричество",1,"['https://homes.bg/2025-02-26_2/113176262', 'https://homes.bg/2025-02-26_2/113176263', 'https://homes.bg/2025-02-26_2/113176264', 'https://homes.bg/2025-02-26_2/113176265']",680060.0,EUR,"3,820 EUR/m²",,,False, продажба,PropertyType.CHETIRISTAEN,2025-05-06 06:02:48.108678,https://www.homes.bg/api/offers?currencyId=1&filterOrderBy=0&locationId=1&typeId=ApartmentSell&neighbourhoods%5B%5D=487,230,София,4.0,['Оборище'],апартамент
1604027,as,https://homes.bg/offer/apartament-za-prodazhba/tristaen-133m2-sofiya-oborishte/as1604027,," Оборище, София","Тристаен, 133m²","Тухла, Необзаведен, Електричество",1,"['https://homes.bg/2025-02-26_2/113176258', 'https://homes.bg/2025-02-26_2/113176259', 'https://homes.bg/2025-02-26_2/113176260', 'https://homes.bg/2025-02-26_2/113176261']",425300.0,EUR,"3,197 EUR/m²",,,False, продажба,PropertyType.TRISTAEN,2025-05-06 06:02:48.108689,https://www.homes.bg/api/offers?currencyId=1&filterOrderBy=0&locationId=1&typeId=ApartmentSell&neighbourhoods%5B%5D=487,230,София,4.0,['Оборище'],апартамент
1539465,as,https://homes.bg/offer/apartament-za-prodazhba/chetiristaen-178m2-sofiya-oborishte/as1539465,," Оборище, София","Четиристаен, 178m²",Тухла,1,"['https://homes.bg/2025-02-26_2/113176233', 'https://homes.bg/2025-02-26_2/113176234', 'https://homes.bg/2025-02-26_2/113176235', 'https://homes.bg/2025-02-26_2/113176236', 'https://homes.bg/2025-02-26_2/113176237']",539700.0,EUR,"3,032 EUR/m²",,,False, продажба,PropertyType.CHETIRISTAEN,2025-05-06 06:02:48.108699,https://www.homes.bg/api/offers?currencyId=1&filterOrderBy=0&locationId=1&typeId=ApartmentSell&neighbourhoods%5B%5D=487,230,София,5.0,['Оборище'],апартамент
1539471,as,https://homes.bg/offer/apartament-za-prodazhba/chetiristaen-180m2-sofiya-oborishte/as1539471,," Оборище, София","Четиристаен, 180m²",Тухла,1,"['https://homes.bg/2025-02-26_2/113176243', 'https://homes.bg/2025-02-26_2/113176244', 'https://homes.bg/2025-02-26_2/113176245', 'https://homes.bg/2025-02-26_2/113176246', 'https://homes.bg/2025-02-26_2/113176247']",595000.0,EUR,"3,305 EUR/m²",,,False, продажба,PropertyType.CHETIRISTAEN,2025-05-06 06:02:48.108709,https://www.homes.bg/api/offers?currencyId=1&filterOrderBy=0&locationId=1&typeId=ApartmentSell&neighbourhoods%5B%5D=487,230,София,5.0,['Оборище'],апартамент
1539184,as,https://homes.bg/offer/apartament-za-prodazhba/tristaen-132m2-sofiya-oborishte/as1539184,," Оборище, София","Тристаен, 132m²",Тухла,1,"['https://homes.bg/2025-02-26_2/113176218', 'https://homes.bg/2025-02-26_2/113176219', 'https://homes.bg/2025-02-26_2/113176220', 'https://homes.bg/2025-02-26_2/113176221', 'https://homes.bg/2025-02-26_2/113176222']",447750.0,EUR,"3,392 EUR/m²",,,False, продажба,PropertyType.TRISTAEN,2025-05-06 06:02:48.108720,https://www.homes.bg/api/offers?currencyId=1&filterOrderBy=0&locationId=1&typeId=ApartmentSell&neighbourhoods%5B%5D=487,230,София,5.0,['Оборище'],апартамент
1604026,as,https://homes.bg/offer/apartament-za-prodazhba/mnogostaen-178m2-sofiya-oborishte/as1604026,," Оборище, София","Многостаен, 178m²",,1,"['https://homes.bg/2025-02-26_2/113176193', 'https://homes.bg/2025-02-26_2/113176194', 'https://homes.bg/2025-02-26_2/113176195', 'https://homes.bg/2025-02-26_2/113176196']",642390.0,EUR,"3,608 EUR/m²",,,False, продажба,PropertyType.MNOGOSTAEN,2025-05-06 06:02:48.108733,https://www.homes.bg/api/offers?currencyId=1&filterOrderBy=0&locationId=1&typeId=ApartmentSell&neighbourhoods%5B%5D=487,230,София,4.0,['Оборище'],апартамент
1570751,as,https://homes.bg/offer/apartament-za-prodazhba/dvustaen-63m2-sofiya-oborishte/as1570751,," Оборище, София","Двустаен, 63m²",Тухла,1,"['https://homes.bg/2025-02-25_2/113157557', 'https://homes.bg/2025-02-25_2/113157558', 'https://homes.bg/2025-02-25_2/113157559']",173250.0,EUR,"2,750 EUR/m²",,,False, продажба,PropertyType.DVUSTAEN,2025-05-06 06:02:48.108742,https://www.homes.bg/api/offers?currencyId=1&filterOrderBy=0&locationId=1&typeId=ApartmentSell&neighbourhoods%5B%5D=487,230,София,3.0,['Оборище'],апартамент
1557729,as,https://homes.bg/offer/apartament-za-prodazhba/chetiristaen-86m2-sofiya-oborishte/as1557729,," Оборище, София","Четиристаен, 86m²","Тухла, Необзаведен, Електричество",1,"['https://homes.bg/2025-02-18_2/113083747', 'https://homes.bg/2025-02-18_2/113083748', 'https://homes.bg/2025-02-18_2/113083749', 'https://homes.bg/2025-02-18_2/113083750', 'https://homes.bg/2025-02-18_2/113083751', 'https://homes.bg/2025-02-18_2/113083752', 'https://homes.bg/2025-02-18_2/113083753', 'https://homes.bg/2025-02-18_2/113083754', 'https://homes.bg/2025-02-18_2/113083755', 'https://homes.bg/2025-02-18_2/113083756']",126800.0,EUR,"1,474 EUR/m²",,,False, продажба,PropertyType.CHETIRISTAEN,2025-05-06 06:02:48.108753,https://www.homes.bg/api/offers?currencyId=1&filterOrderBy=0&locationId=1&typeId=ApartmentSell&neighbourhoods%5B%5D=487,230,София,10.0,['Оборище'],апартамент
1611156,as,https://homes.bg/offer/apartament-za-prodazhba/chetiristaen-185m2-sofiya-oborishte/as1611156,," Оборище, София","Четиристаен, 185m²","Тухла, Необзаведен, Електричество",1,"['https://homes.bg/2025-02-10_2/112989419', 'https://homes.bg/2025-02-10_2/112989420', 'https://homes.bg/2025-02-10_2/112989421', 'https://homes.bg/2025-02-10_2/112989422', 'https://homes.bg/2025-02-10_2/112989423', 'https://homes.bg/2025-02-10_2/112989424', 'https://homes.bg/2025-02-10_2/112989425', 'https://homes.bg/2025-02-10_2/112989426', 'https://homes.bg/2025-02-10_2/112989427']",894600.0,EUR,"4,835 EUR/m²",,,False, продажба,PropertyType.CHETIRISTAEN,2025-05-06 06:02:48.108764,https://www.homes.bg/api/offers?currencyId=1&filterOrderBy=0&locationId=1&typeId=ApartmentSell&neighbourhoods%5B%5D=487,230,София,9.0,['Оборище'],апартамент
1611150,as,https://homes.bg/offer/apartament-za-prodazhba/chetiristaen-183m2-sofiya-oborishte/as1611150,," Оборище, София","Четиристаен, 183m²","Тухла, Необзаведен, Електричество",1,"['https://homes.bg/2025-02-10_2/112989465', 'https://homes.bg/2025-02-10_2/112989466', 'https://homes.bg/2025-02-10_2/112989467', 'https://homes.bg/2025-02-10_2/112989468', 'https://homes.bg/2025-02-10_2/112989469', 'https://homes.bg/2025-02-10_2/112989470', 'https://homes.bg/2025-02-10_2/112989471', 'https://homes.bg/2025-02-10_2/112989472', 'https://homes.bg/2025-02-10_2/112989473']",680060.0,EUR,"3,716 EUR/m²",,,False, продажба,PropertyType.CHETIRISTAEN,2025-05-06 06:02:48.108775,https://www.homes.bg/api/offers?currencyId=1&filterOrderBy=0&locationId=1&typeId=ApartmentSell&neighbourhoods%5B%5D=487,230,София,9.0,['Оборище'],апартамент
1611154,as,https://homes.bg/offer/apartament-za-prodazhba/chetiristaen-196m2-sofiya-oborishte/as1611154,," Оборище, София","Четиристаен, 196m²","Тухла, Необзаведен, Електричество",1,"['https://homes.bg/2025-02-10_2/112989350', 'https://homes.bg/2025-02-10_2/112989351', 'https://homes.bg/2025-02-10_2/112989352', 'https://homes.bg/2025-02-10_2/112989353', 'https://homes.bg/2025-02-10_2/112989354', 'https://homes.bg/2025-02-10_2/112989355', 'https://homes.bg/2025-02-10_2/112989356', 'https://homes.bg/2025-02-10_2/112989357', 'https://homes.bg/2025-02-10_2/112989358', 'https://homes.bg/2025-02-10_2/112989359']",620235.0,EUR,"3,164 EUR/m²",,,False, продажба,PropertyType.CHETIRISTAEN,2025-05-06 06:02:48.108787,https://www.homes.bg/api/offers?currencyId=1&filterOrderBy=0&locationId=1&typeId=ApartmentSell&neighbourhoods%5B%5D=487,230,София,10.0,['Оборище'],апартамент
1531526,as,https://homes.bg/offer/apartament-za-prodazhba/tristaen-138m2-sofiya-oborishte/as1531526,," Оборище, София","Тристаен, 138m²","Тухла, Необзаведен, ТЕЦ",1,"['https://homes.bg/2023-11-20_2/107341815', 'https://homes.bg/2023-11-20_2/107341808', 'https://homes.bg/2023-11-20_2/107341810', 'https://homes.bg/2023-11-20_2/107341811', 'https://homes.bg/2023-11-20_2/107341812', 'https://homes.bg/2023-11-20_2/107341809', 'https://homes.bg/2023-11-20_2/107341814', 'https://homes.bg/2023-11-20_2/107341813', 'https://homes.bg/2023-11-20_2/107341807']",465540.0,EUR,"3,373 EUR/m²",,,False, продажба,PropertyType.TRISTAEN,2025-05-06 06:02:48.108800,https://www.homes.bg/api/offers?currencyId=1&filterOrderBy=0&locationId=1&typeId=ApartmentSell&neighbourhoods%5B%5D=487,230,София,9.0,['Оборище'],апартамент
1540404,as,https://homes.bg/offer/apartament-za-prodazhba/dvustaen-64m2-sofiya-oborishte/as1540404,," Оборище, София","Двустаен, 64m²","Тухла, Необзаведен, ТЕЦ",1,"['https://homes.bg/2024-01-12_2/107881214', 'https://homes.bg/2024-01-12_2/107881207', 'https://homes.bg/2024-01-12_2/107881209', 'https://homes.bg/2024-01-12_2/107881210', 'https://homes.bg/2024-01-12_2/107881211', 'https://homes.bg/2024-01-12_2/107881212', 'https://homes.bg/2024-01-12_2/107881213', 'https://homes.bg/2024-01-12_2/107881208', 'https://homes.bg/2024-01-12_2/107881215', 'https://homes.bg/2024-09-04_1/111111406']",246480.0,EUR,"3,851 EUR/m²",,,False, продажба,PropertyType.DVUSTAEN,2025-05-06 06:02:48.108811,https://www.homes.bg/api/offers?currencyId=1&filterOrderBy=0&locationId=1&typeId=ApartmentSell&neighbourhoods%5B%5D=487,230,София,10.0,['Оборище'],апартамент
1610929,as,https://homes.bg/offer/apartament-za-prodazhba/dvustaen-62m2-sofiya-oborishte/as1610929,," Оборище, София","Двустаен, 62m²","Тухла, Необзаведен, ТЕЦ",1,"['https://homes.bg/2025-02-08_2/112975260', 'https://homes.bg/2025-02-08_2/112975261', 'https://homes.bg/2025-02-08_2/112975262', 'https://homes.bg/2025-02-08_2/112975263', 'https://homes.bg/2025-02-08_2/112975264', 'https://homes.bg/2025-02-08_2/112975265', 'https://homes.bg/2025-02-08_2/112975266', 'https://homes.bg/2025-02-08_2/112975267', 'https://homes.bg/2025-02-08_2/112975268', 'https://homes.bg/2025-02-08_2/112975269']",212770.0,EUR,"3,431 EUR/m²",,,False, продажба,PropertyType.DVUSTAEN,2025-05-06 06:02:48.108822,https://www.homes.bg/api/offers?currencyId=1&filterOrderBy=0&locationId=1&typeId=ApartmentSell&neighbourhoods%5B%5D=487,230,София,10.0,['Оборище'],апартамент
1586673,as,https://homes.bg/offer/apartament-za-prodazhba/tristaen-62m2-sofiya-oborishte/as1586673,," Оборище, София","Тристаен, 62m²","Тухла, ТЕЦ",1,"['https://homes.bg/2024-11-20_1/112124671', 'https://homes.bg/2024-11-20_1/112124672', 'https://homes.bg/2024-11-20_1/112124673', 'https://homes.bg/2024-11-20_1/112124674', 'https://homes.bg/2024-11-20_1/112124675', 'https://homes.bg/2024-11-20_1/112124676', 'https://homes.bg/2024-11-20_1/112124677', 'https://homes.bg/2024-11-20_1/112124678']",383160.0,EUR,"6,180 EUR/m²",,,False, продажба,PropertyType.TRISTAEN,2025-05-06 06:02:48.108832,https://www.homes.bg/api/offers?currencyId=1&filterOrderBy=0&locationId=1&typeId=ApartmentSell&neighbourhoods%5B%5D=487,230,София,8.0,['Оборище'],апартамент
1609051,as,https://homes.bg/offer/apartament-za-prodazhba/chetiristaen-158m2-sofiya-oborishte/as1609051,," Оборище, София","Четиристаен, 158m²","Тухла, Необзаведен, ТЕЦ",1,"['https://homes.bg/2025-01-30_2/112874267', 'https://homes.bg/2025-01-30_2/112874268', 'https://homes.bg/2025-01-30_2/112874269', 'https://homes.bg/2025-01-30_2/112874270', 'https://homes.bg/2025-01-30_2/112874271', 'https://homes.bg/2025-01-30_2/112874272', 'https://homes.bg/2025-01-30_2/112874273', 'https://homes.bg/2025-01-30_2/112874274', 'https://homes.bg/2025-01-30_2/112874275', 'https://homes.bg/2025-01-30_2/112874276']",420117.0,EUR,"2,658 EUR/m²",,,False, продажба,PropertyType.CHETIRISTAEN,2025-05-06 06:02:48.108844,https://www.homes.bg/api/offers?currencyId=1&filterOrderBy=0&locationId=1&typeId=ApartmentSell&neighbourhoods%5B%5D=487,230,София,10.0,['Оборище'],апартамент
1609046,as,https://homes.bg/offer/apartament-za-prodazhba/tristaen-145m2-sofiya-oborishte/as1609046,," Оборище, София","Тристаен, 145m²","Тухла, Необзаведен, ТЕЦ",1,"['https://homes.bg/2025-01-30_2/112874217', 'https://homes.bg/2025-01-30_2/112874218', 'https://homes.bg/2025-01-30_2/112874219', 'https://homes.bg/2025-01-30_2/112874220', 'https://homes.bg/2025-01-30_2/112874221', 'https://homes.bg/2025-01-30_2/112874222', 'https://homes.bg/2025-01-30_2/112874223', 'https://homes.bg/2025-01-30_2/112874224', 'https://homes.bg/2025-01-30_2/112874225', 'https://homes.bg/2025-01-30_2/112874226']",366365.0,EUR,"2,526 EUR/m²",,,False, продажба,PropertyType.TRISTAEN,2025-05-06 06:02:48.108886,https://www.homes.bg/api/offers?currencyId=1&filterOrderBy=0&locationId=1&typeId=ApartmentSell&neighbourhoods%5B%5D=487,230,София,10.0,['Оборище'],апартамент
1609048,as,https://homes.bg/offer/apartament-za-prodazhba/chetiristaen-194m2-sofiya-oborishte/as1609048,," Оборище, София","Четиристаен, 194m²","Тухла, Необзаведен, ТЕЦ",1,"['https://homes.bg/2025-01-30_2/112874237', 'https://homes.bg/2025-01-30_2/112874238', 'https://homes.bg/2025-01-30_2/112874239', 'https://homes.bg/2025-01-30_2/112874240', 'https://homes.bg/2025-01-30_2/112874241', 'https://homes.bg/2025-01-30_2/112874242', 'https://homes.bg/2025-01-30_2/112874243', 'https://homes.bg/2025-01-30_2/112874244', 'https://homes.bg/2025-01-30_2/112874245', 'https://homes.bg/2025-01-30_2/112874246']",456225.0,EUR,"2,351 EUR/m²",,,False, продажба,PropertyType.CHETIRISTAEN,2025-05-06 06:02:48.108900,https://www.homes.bg/api/offers?currencyId=1&filterOrderBy=0&locationId=1&typeId=ApartmentSell&neighbourhoods%5B%5D=487,230,София,10.0,['Оборище'],апартамент
1609047,as,https://homes.bg/offer/apartament-za-prodazhba/dvustaen-65m2-sofiya-oborishte/as1609047,," Оборище, София","Двустаен, 65m²","Тухла, Необзаведен, ТЕЦ",1,"['https://homes.bg/2025-01-30_2/112874227', 'https://homes.bg/2025-01-30_2/112874228', 'https://homes.bg/2025-01-30_2/112874229', 'https://homes.bg/2025-01-30_2/112874230', 'https://homes.bg/2025-01-30_2/112874231', 'https://homes.bg/2025-01-30_2/112874232', 'https://homes.bg/2025-01-30_2/112874233', 'https://homes.bg/2025-01-30_2/112874234', 'https://homes.bg/2025-01-30_2/112874235', 'https://homes.bg/2025-01-30_2/112874236']",206514.0,EUR,"3,177 EUR/m²",,,False, продажба,PropertyType.DVUSTAEN,2025-05-06 06:02:48.108912,https://www.homes.bg/api/offers?currencyId=1&filterOrderBy=0&locationId=1&typeId=ApartmentSell&neighbourhoods%5B%5D=487,230,София,10.0,['Оборище'],апартамент
1609049,as,https://homes.bg/offer/apartament-za-prodazhba/dvustaen-62m2-sofiya-oborishte/as1609049,," Оборище, София","Двустаен, 62m²","Тухла, Необзаведен, ТЕЦ",1,"['https://homes.bg/2025-01-30_2/112874247', 'https://homes.bg/2025-01-30_2/112874248', 'https://homes.bg/2025-01-30_2/112874249', 'https://homes.bg/2025-01-30_2/112874250', 'https://homes.bg/2025-01-30_2/112874251', 'https://homes.bg/2025-01-30_2/112874252', 'https://homes.bg/2025-01-30_2/112874253', 'https://homes.bg/2025-01-30_2/112874254', 'https://homes.bg/2025-01-30_2/112874255', 'https://homes.bg/2025-01-30_2/112874256']",201595.0,EUR,"3,251 EUR/m²",,,False, продажба,PropertyType.DVUSTAEN,2025-05-06 06:02:48.108926,https://www.homes.bg/api/offers?currencyId=1&filterOrderBy=0&locationId=1&typeId=ApartmentSell&neighbourhoods%5B%5D=487,230,София,10.0,['Оборище'],апартамент
1609050,as,https://homes.bg/offer/apartament-za-prodazhba/dvustaen-64m2-sofiya-oborishte/as1609050,," Оборище, София","Двустаен, 64m²","Тухла, Необзаведен, ТЕЦ",1,"['https://homes.bg/2025-01-30_2/112874257', 'https://homes.bg/2025-01-30_2/112874258', 'https://homes.bg/2025-01-30_2/112874259', 'https://homes.bg/2025-01-30_2/112874260', 'https://homes.bg/2025-01-30_2/112874261', 'https://homes.bg/2025-01-30_2/112874262', 'https://homes.bg/2025-01-30_2/112874263', 'https://homes.bg/2025-01-30_2/112874264', 'https://homes.bg/2025-01-30_2/112874265', 'https://homes.bg/2025-01-30_2/112874266']",195428.0,EUR,"3,053 EUR/m²",,,False, продажба,PropertyType.DVUSTAEN,2025-05-06 06:02:48.108937,https://www.homes.bg/api/offers?currencyId=1&filterOrderBy=0&locationId=1&typeId=ApartmentSell&neighbourhoods%5B%5D=487,230,София,10.0,['Оборище'],апартамент
1609045,as,https://homes.bg/offer/apartament-za-prodazhba/tristaen-149m2-sofiya-oborishte/as1609045,," Оборище, София","Тристаен, 149m²","Тухла, Необзаведен, ТЕЦ",1,"['https://homes.bg/2025-01-30_2/112874207', 'https://homes.bg/2025-01-30_2/112874208', 'https://homes.bg/2025-01-30_2/112874209', 'https://homes.bg/2025-01-30_2/112874210', 'https://homes.bg/2025-01-30_2/112874211', 'https://homes.bg/2025-01-30_2/112874212', 'https://homes.bg/2025-01-30_2/112874213', 'https://homes.bg/2025-01-30_2/112874214', 'https://homes.bg/2025-01-30_2/112874215', 'https://homes.bg/2025-01-30_2/112874216']",360921.0,EUR,"2,422 EUR/m²",,,False, продажба,PropertyType.TRISTAEN,2025-05-06 06:02:48.108948,https://www.homes.bg/api/offers?currencyId=1&filterOrderBy=0&locationId=1&typeId=ApartmentSell&neighbourhoods%5B%5D=487,230,София,10.0,['Оборище'],апартамент
1564741,as,https://homes.bg/offer/apartament-za-prodazhba/tristaen-91m2-sofiya-oborishte/as1564741,," Оборище, София","Тристаен, 91m²","Тухла, Необзаведен, ТЕЦ",1,"['https://homes.bg/2024-05-09_1/109545041', 'https://homes.bg/2024-05-09_1/109545042', 'https://homes.bg/2024-05-09_1/109545043', 'https://homes.bg/2024-05-09_1/109545044', 'https://homes.bg/2024-05-09_1/109545039', 'https://homes.bg/2024-05-09_1/109545045']",226400.0,EUR,"2,487 EUR/m²",,,False, продажба,PropertyType.TRISTAEN,2025-05-06 06:02:48.108958,https://www.homes.bg/api/offers?currencyId=1&filterOrderBy=0&locationId=1&typeId=ApartmentSell&neighbourhoods%5B%5D=487,230,София,6.0,['Оборище'],апартамент
1604922,as,https://homes.bg/offer/apartament-za-prodazhba/dvustaen-75m2-sofiya-oborishte/as1604922,," Оборище, София","Двустаен, 75m²","Тухла, Обзаведен, ТЕЦ",1,"['https://homes.bg/2025-01-06_2/112596566', 'https://homes.bg/2025-01-06_2/112596567', 'https://homes.bg/2025-01-06_2/112596568', 'https://homes.bg/2025-01-06_2/112596569', 'https://homes.bg/2025-01-06_2/112596570', 'https://homes.bg/2025-01-06_2/112596571', 'https://homes.bg/2025-01-06_2/112596572', 'https://homes.bg/2025-01-06_2/112596573', 'https://homes.bg/2025-01-06_2/112596574', 'https://homes.bg/2025-01-06_2/112596575']",275000.0,EUR,"3,666 EUR/m²",,,False, продажба,PropertyType.DVUSTAEN,2025-05-06 06:02:48.108972,https://www.homes.bg/api/offers?currencyId=1&filterOrderBy=0&locationId=1&typeId=ApartmentSell&neighbourhoods%5B%5D=487,230,София,10.0,['Оборище'],апартамент
1580430,as,https://homes.bg/offer/apartament-za-prodazhba/tristaen-73m2-sofiya-oborishte/as1580430,," Оборище, София","Тристаен, 73m²","Тухла, Полуобзаведен, ТЕЦ",1,"['https://homes.bg/2025-01-06_2/112598714', 'https://homes.bg/2025-01-06_2/112598715', 'https://homes.bg/2025-01-06_2/112598716', 'https://homes.bg/2025-01-06_2/112598717', 'https://homes.bg/2025-01-06_2/112598718', 'https://homes.bg/2025-01-06_2/112598719', 'https://homes.bg/2025-01-06_2/112598720', 'https://homes.bg/2025-01-06_2/112598721', 'https://homes.bg/2025-01-06_2/112598722', 'https://homes.bg/2025-01-06_2/112598723']",220000.0,EUR,"3,013 EUR/m²",,,False, продажба,PropertyType.TRISTAEN,2025-05-06 06:02:48.108983,https://www.homes.bg/api/offers?currencyId=1&filterOrderBy=0&locationId=1&typeId=ApartmentSell&neighbourhoods%5B%5D=487,230,София,10.0,['Оборище'],апартамент
1586625,as,https://homes.bg/offer/apartament-za-prodazhba/tristaen-85m2-sofiya-oborishte/as1586625,," Оборище, София","Тристаен, 85m²","Панел, Обзаведен, ТЕЦ",1,"['https://homes.bg/2024-09-06_2/111136697', 'https://homes.bg/2024-09-06_2/111136698', 'https://homes.bg/2024-09-06_2/111136696', 'https://homes.bg/2024-09-06_2/111136699', 'https://homes.bg/2024-09-06_2/111136701', 'https://homes.bg/2024-09-06_2/111136695', 'https://homes.bg/2024-09-06_2/111136693', 'https://homes.bg/2024-09-06_2/111136700', 'https://homes.bg/2024-09-06_2/111136694']",242000.0,EUR,"2,847 EUR/m²",,,False, продажба,PropertyType.TRISTAEN,2025-05-06 06:02:48.108993,https://www.homes.bg/api/offers?currencyId=1&filterOrderBy=0&locationId=1&typeId=ApartmentSell&neighbourhoods%5B%5D=487,230,София,9.0,['Оборище'],апартамент
1539462,as,https://homes.bg/offer/apartament-za-prodazhba/tristaen-146m2-sofiya-oborishte/as1539462,," Оборище, София","Тристаен, 146m²",Тухла,1,"['https://homes.bg/2024-12-18_2/112484149', 'https://homes.bg/2024-12-18_2/112484151', 'https://homes.bg/2024-12-18_2/112484153', 'https://homes.bg/2024-12-18_2/112484155', 'https://homes.bg/2024-12-18_2/112484157']",360921.0,EUR,"2,472 EUR/m²",,,False, продажба,PropertyType.TRISTAEN,2025-05-06 06:02:48.109007,https://www.homes.bg/api/offers?currencyId=1&filterOrderBy=0&locationId=1&typeId=ApartmentSell&neighbourhoods%5B%5D=487,230,София,5.0,['Оборище'],апартамент
1601586,as,https://homes.bg/offer/apartament-za-prodazhba/tristaen-100m2-sofiya-oborishte/as1601586,," Оборище, София","Тристаен, 100m²","Тухла, Обзаведен, ТЕЦ",1,"['https://homes.bg/2024-12-01_2/112279478', 'https://homes.bg/2024-12-01_2/112279479', 'https://homes.bg/2024-12-01_2/112279480', 'https://homes.bg/2024-12-01_2/112279481', 'https://homes.bg/2024-12-01_2/112279482', 'https://homes.bg/2024-12-01_2/112279483', 'https://homes.bg/2024-12-01_2/112279484', 'https://homes.bg/2024-12-01_2/112279485', 'https://homes.bg/2024-12-01_2/112279486', 'https://homes.bg/2024-12-01_2/112279487']",350000.0,EUR,"3,500 EUR/m²",,,False, продажба,PropertyType.TRISTAEN,2025-05-06 06:02:48.109033,https://www.homes.bg/api/offers?currencyId=1&filterOrderBy=0&locationId=1&typeId=ApartmentSell&neighbourhoods%5B%5D=487,230,София,10.0,['Оборище'],апартамент
1601584,as,https://homes.bg/offer/apartament-za-prodazhba/tristaen-76m2-sofiya-oborishte/as1601584,," Оборище, София","Тристаен, 76m²","Панел, Обзаведен, ТЕЦ",1,"['https://homes.bg/2024-12-01_2/112279458', 'https://homes.bg/2024-12-01_2/112279459', 'https://homes.bg/2024-12-01_2/112279460', 'https://homes.bg/2024-12-01_2/112279461', 'https://homes.bg/2024-12-01_2/112279462', 'https://homes.bg/2024-12-01_2/112279463', 'https://homes.bg/2024-12-01_2/112279464', 'https://homes.bg/2024-12-01_2/112279465', 'https://homes.bg/2024-12-01_2/112279466', 'https://homes.bg/2024-12-01_2/112279467']",249990.0,EUR,"3,289 EUR/m²",,,False, продажба,PropertyType.TRISTAEN,2025-05-06 06:02:48.109054,https://www.homes.bg/api/offers?currencyId=1&filterOrderBy=0&locationId=1&typeId=ApartmentSell&neighbourhoods%5B%5D=487,230,София,10.0,['Оборище'],апартамент
1601583,as,https://homes.bg/offer/apartament-za-prodazhba/tristaen-85m2-sofiya-oborishte/as1601583,," Оборище, София","Тристаен, 85m²","Панел, Полуобзаведен, ТЕЦ",1,"['https://homes.bg/2024-12-01_2/112279451', 'https://homes.bg/2024-12-01_2/112279452', 'https://homes.bg/2024-12-01_2/112279453', 'https://homes.bg/2024-12-01_2/112279454', 'https://homes.bg/2024-12-01_2/112279455', 'https://homes.bg/2024-12-01_2/112279456', 'https://homes.bg/2024-12-01_2/112279457']",240000.0,EUR,"2,823 EUR/m²",,,False, продажба,PropertyType.TRISTAEN,2025-05-06 06:02:48.109068,https://www.homes.bg/api/offers?currencyId=1&filterOrderBy=0&locationId=1&typeId=ApartmentSell&neighbourhoods%5B%5D=487,230,София,7.0,['Оборище'],апартамент
1601591,as,https://homes.bg/offer/apartament-za-prodazhba/dvustaen-78m2-sofiya-oborishte/as1601591,," Оборище, София","Двустаен, 78m²","Тухла, Необзаведен, Без отопление",1,"['https://homes.bg/2024-12-01_2/112279520', 'https://homes.bg/2024-12-01_2/112279521', 'https://homes.bg/2024-12-01_2/112279522']",187000.0,EUR,"2,397 EUR/m²",,,False, продажба,PropertyType.DVUSTAEN,2025-05-06 06:02:48.109078,https://www.homes.bg/api/offers?currencyId=1&filterOrderBy=0&locationId=1&typeId=ApartmentSell&neighbourhoods%5B%5D=487,230,София,3.0,['Оборище'],апартамент
1601590,as,https://homes.bg/offer/apartament-za-prodazhba/tristaen-124m2-sofiya-oborishte/as1601590,," Оборище, София","Тристаен, 124m²","Тухла, Необзаведен, Без отопление",1,"['https://homes.bg/2024-12-01_2/112279517', 'https://homes.bg/2024-12-01_2/112279518', 'https://homes.bg/2024-12-01_2/112279519']",347000.0,EUR,"2,798 EUR/m²",,,False, продажба,PropertyType.TRISTAEN,2025-05-06 06:02:48.109088,https://www.homes.bg/api/offers?currencyId=1&filterOrderBy=0&locationId=1&typeId=ApartmentSell&neighbourhoods%5B%5D=487,230,София,3.0,['Оборище'],апартамент
796061,as,https://homes.bg/offer/apartament-za-prodazhba/dvustaen-44m2-sofiya-oborishte/as796061,," Оборище, София","Двустаен, 44m²","Тухла, Полуобзаведен, ТЕЦ",1,"['https://homes.bg/2016-10-02_2/5984739', 'https://homes.bg/2016-10-02_2/5984740', 'https://homes.bg/2016-10-02_2/5984741', 'https://homes.bg/2016-10-02_2/5984742', 'https://homes.bg/2016-10-02_2/5984743', 'https://homes.bg/2016-10-02_2/5984744', 'https://homes.bg/2016-10-02_2/5984745', 'https://homes.bg/2016-10-02_2/5984746']",198000.0,EUR,"4,500 EUR/m²",,,False, продажба,PropertyType.DVUSTAEN,2025-05-06 06:02:48.109099,https://www.homes.bg/api/offers?currencyId=1&filterOrderBy=0&locationId=1&typeId=ApartmentSell&neighbourhoods%5B%5D=487,230,София,8.0,['Оборище'],апартамент
1325070,as,https://homes.bg/offer/apartament-za-prodazhba/mnogostaen-250m2-sofiya-oborishte/as1325070,," Оборище, София","Многостаен, 250m²","Тухла, Необзаведен, ТЕЦ",1,"['https://homes.bg/2024-11-12_2/112022139', 'https://homes.bg/2024-11-12_2/112022140', 'https://homes.bg/2024-11-12_2/112022141', 'https://homes.bg/2024-11-12_2/112022142', 'https://homes.bg/2024-11-12_2/112022143', 'https://homes.bg/2024-11-12_2/112022144', 'https://homes.bg/2024-11-12_2/112022145']",390000.0,EUR,"1,560 EUR/m²",,,False, продажба,PropertyType.MNOGOSTAEN,2025-05-06 06:02:48.109112,https://www.homes.bg/api/offers?currencyId=1&filterOrderBy=0&locationId=1&typeId=ApartmentSell&neighbourhoods%5B%5D=487,230,София,7.0,['Оборище'],апартамент
1593088,as,https://homes.bg/offer/apartament-za-prodazhba/tristaen-85m2-sofiya-oborishte/as1593088,," Оборище, София","Тристаен, 85m²","Панел, Обзаведен",1,"['https://homes.bg/2024-10-15_2/111639799', 'https://homes.bg/2024-10-15_2/111639800', 'https://homes.bg/2024-10-15_2/111639801', 'https://homes.bg/2024-10-15_2/111639802', 'https://homes.bg/2024-10-15_2/111639803', 'https://homes.bg/2024-10-15_2/111639804', 'https://homes.bg/2024-10-15_2/111639805', 'https://homes.bg/2024-10-15_2/111639806', 'https://homes.bg/2024-10-15_2/111639807', 'https://homes.bg/2024-10-15_2/111639808']",249990.0,EUR,"2,941 EUR/m²",,,False, продажба,PropertyType.TRISTAEN,2025-05-06 06:02:48.109123,https://www.homes.bg/api/offers?currencyId=1&filterOrderBy=0&locationId=1&typeId=ApartmentSell&neighbourhoods%5B%5D=487,230,София,10.0,['Оборище'],апартамент
1545540,as,https://homes.bg/offer/apartament-za-prodazhba/tristaen-118m2-sofiya-oborishte/as1545540,," Оборище, София","Тристаен, 118m²","Тухла, Обзаведен, ТЕЦ",1,"['https://homes.bg/2024-10-11_2/111594634', 'https://homes.bg/2024-10-11_2/111594635', 'https://homes.bg/2024-10-11_2/111594636', 'https://homes.bg/2024-10-11_2/111594637', 'https://homes.bg/2024-10-11_2/111594638', 'https://homes.bg/2024-10-11_2/111594639', 'https://homes.bg/2024-10-11_2/111594640', 'https://homes.bg/2024-10-11_2/111594641', 'https://homes.bg/2024-10-11_2/111594642', 'https://homes.bg/2024-10-11_2/111594643']",440000.0,EUR,"3,728 EUR/m²",,,False, продажба,PropertyType.TRISTAEN,2025-05-06 06:02:48.109134,https://www.homes.bg/api/offers?currencyId=1&filterOrderBy=0&locationId=1&typeId=ApartmentSell&neighbourhoods%5B%5D=487,230,София,10.0,['Оборище'],апартамент
1585582,as,https://homes.bg/offer/apartament-za-prodazhba/dvustaen-56m2-sofiya-oborishte/as1585582,," Оборище, София","Двустаен, 56m²","Тухла, Необзаведен, ТЕЦ",1,"['https://homes.bg/2024-09-10_2/111176502', 'https://homes.bg/2024-09-10_2/111176503', 'https://homes.bg/2024-09-10_2/111176504', 'https://homes.bg/2024-09-10_2/111176505', 'https://homes.bg/2024-09-10_2/111176506', 'https://homes.bg/2024-09-10_2/111176507', 'https://homes.bg/2024-09-10_2/111176508', 'https://homes.bg/2024-09-10_2/111176509', 'https://homes.bg/2024-09-10_2/111176510', 'https://homes.bg/2024-09-10_2/111176511']",203900.0,EUR,"3,641 EUR/m²",,,False, продажба,PropertyType.DVUSTAEN,2025-05-06 06:02:48.109147,https://www.homes.bg/api/offers?currencyId=1&filterOrderBy=0&locationId=1&typeId=ApartmentSell&neighbourhoods%5B%5D=487,230,София,10.0,['Оборище'],апартамент
1585339,as,https://homes.bg/offer/apartament-za-prodazhba/tristaen-76m2-sofiya-oborishte/as1585339,," Оборище, София","Тристаен, 76m²","Панел, Полуобзаведен, ТЕЦ",1,"['https://homes.bg/2024-08-30_2/111054269', 'https://homes.bg/2024-08-30_2/111054270', 'https://homes.bg/2024-08-30_2/111054271', 'https://homes.bg/2024-08-30_2/111054272', 'https://homes.bg/2024-08-30_2/111054273', 'https://homes.bg/2024-08-30_2/111054274', 'https://homes.bg/2024-08-30_2/111054275', 'https://homes.bg/2024-08-30_2/111054276']",250000.0,EUR,"3,289 EUR/m²",,,False, продажба,PropertyType.TRISTAEN,2025-05-06 06:02:48.109160,https://www.homes.bg/api/offers?currencyId=1&filterOrderBy=0&locationId=1&typeId=ApartmentSell&neighbourhoods%5B%5D=487,230,София,8.0,['Оборище'],апартамент
1498407,as,https://homes.bg/offer/apartament-za-prodazhba/mnogostaen-185m2-sofiya-oborishte/as1498407,," Оборище, София","Многостаен, 185m²","Тухла, Необзаведен, ТЕЦ",1,"['https://homes.bg/2023-06-10_1/100527975', 'https://homes.bg/2023-06-10_1/100527977', 'https://homes.bg/2023-06-10_1/100527978', 'https://homes.bg/2023-06-10_1/100527980']",699600.0,EUR,"3,781 EUR/m²",,,False, продажба,PropertyType.MNOGOSTAEN,2025-05-06 06:02:48.109170,https://www.homes.bg/api/offers?currencyId=1&filterOrderBy=0&locationId=1&typeId=ApartmentSell&neighbourhoods%5B%5D=487,230,София,4.0,['Оборище'],апартамент
1575803,as,https://homes.bg/offer/apartament-za-prodazhba/dvustaen-67m2-sofiya-oborishte/as1575803,," Оборище, София","Двустаен, 67m²","Тухла, Необзаведен, ТЕЦ",1,['https://homes.bg/2024-07-05_2/110312188'],235000.0,EUR,"3,507 EUR/m²",,,False, продажба,PropertyType.DVUSTAEN,2025-05-06 06:02:48.109179,https://www.homes.bg/api/offers?currencyId=1&filterOrderBy=0&locationId=1&typeId=ApartmentSell&neighbourhoods%5B%5D=487,230,София,1.0,['Оборище'],апартамент
1539168,as,https://homes.bg/offer/apartament-za-prodazhba/tristaen-146m2-sofiya-oborishte/as1539168,," Оборище, София","Тристаен, 146m²",Необзаведен,1,"['https://homes.bg/2024-07-02_2/110261963', 'https://homes.bg/2024-07-02_2/110261964', 'https://homes.bg/2024-07-02_2/110261965', 'https://homes.bg/2024-07-02_2/110261966']",392700.0,EUR,"2,689 EUR/m²",,,False, продажба,PropertyType.TRISTAEN,2025-05-06 06:02:48.109191,https://www.homes.bg/api/offers?currencyId=1&filterOrderBy=0&locationId=1&typeId=ApartmentSell&neighbourhoods%5B%5D=487,230,София,4.0,['Оборище'],апартамент
1539172,as,https://homes.bg/offer/apartament-za-prodazhba/tristaen-136m2-sofiya-oborishte/as1539172,," Оборище, София","Тристаен, 136m²","Необзаведен, Електричество",1,"['https://homes.bg/2024-07-02_2/110261972', 'https://homes.bg/2024-07-02_2/110261973', 'https://homes.bg/2024-07-02_2/110261974', 'https://homes.bg/2024-07-02_2/110261975', 'https://homes.bg/2024-07-02_2/110261976']",381150.0,EUR,"2,802 EUR/m²",,,False, продажба,PropertyType.TRISTAEN,2025-05-06 06:02:48.109201,https://www.homes.bg/api/offers?currencyId=1&filterOrderBy=0&locationId=1&typeId=ApartmentSell&neighbourhoods%5B%5D=487,230,София,5.0,['Оборище'],апартамент
1539170,as,https://homes.bg/offer/apartament-za-prodazhba/tristaen-140m2-sofiya-oborishte/as1539170,," Оборище, София","Тристаен, 140m²","Необзаведен, Електричество",1,"['https://homes.bg/2024-07-02_2/110261967', 'https://homes.bg/2024-07-02_2/110261968', 'https://homes.bg/2024-07-02_2/110261969', 'https://homes.bg/2024-07-02_2/110261970', 'https://homes.bg/2024-07-02_2/110261971']",438900.0,EUR,"3,135 EUR/m²",,,False, продажба,PropertyType.TRISTAEN,2025-05-06 06:02:48.109212,https://www.homes.bg/api/offers?currencyId=1&filterOrderBy=0&locationId=1&typeId=ApartmentSell&neighbourhoods%5B%5D=487,230,София,5.0,['Оборище'],апартамент
1538117,as,https://homes.bg/offer/apartament-za-prodazhba/dvustaen-65m2-sofiya-oborishte/as1538117,," Оборище, София","Двустаен, 65m²","Необзаведен, Електричество",1,"['https://homes.bg/2024-07-02_2/110261959', 'https://homes.bg/2024-07-02_2/110261960', 'https://homes.bg/2024-07-02_2/110261961', 'https://homes.bg/2024-07-02_2/110261962']",185000.0,EUR,"2,846 EUR/m²",,,False, продажба,PropertyType.DVUSTAEN,2025-05-06 06:02:48.109224,https://www.homes.bg/api/offers?currencyId=1&filterOrderBy=0&locationId=1&typeId=ApartmentSell&neighbourhoods%5B%5D=487,230,София,4.0,['Оборище'],апартамент
1562397,as,https://homes.bg/offer/apartament-za-prodazhba/tristaen-76m2-sofiya-oborishte/as1562397,," Оборище, София","Тристаен, 76m²","Панел, Обзаведен, ТЕЦ",1,"['https://homes.bg/2024-04-23_1/109373955', 'https://homes.bg/2024-04-23_1/109373954', 'https://homes.bg/2024-04-23_1/109373952', 'https://homes.bg/2024-04-23_1/109373957', 'https://homes.bg/2024-04-23_1/109373950', 'https://homes.bg/2024-04-23_1/109373953', 'https://homes.bg/2024-04-23_1/109373951', 'https://homes.bg/2024-04-23_1/109373956']",250000.0,EUR,"3,289 EUR/m²",,,False, продажба,PropertyType.TRISTAEN,2025-05-06 06:02:48.109236,https://www.homes.bg/api/offers?currencyId=1&filterOrderBy=0&locationId=1&typeId=ApartmentSell&neighbourhoods%5B%5D=487,230,София,8.0,['Оборище'],апартамент
1487643,as,https://homes.bg/offer/apartament-za-prodazhba/mezonet-326m2-sofiya-oborishte/as1487643,," Оборище, София","Мезонет, 326m²","Тухла, Необзаведен, ТЕЦ",1,"['https://homes.bg/2024-05-31_2/109847278', 'https://homes.bg/2024-05-31_2/109847279', 'https://homes.bg/2024-05-31_2/109847280', 'https://homes.bg/2024-05-31_2/109847281', 'https://homes.bg/2024-05-31_2/109847282', 'https://homes.bg/2024-05-31_2/109847283', 'https://homes.bg/2024-05-31_2/109847284', 'https://homes.bg/2024-05-31_2/109847285', 'https://homes.bg/2024-05-31_2/109847286', 'https://homes.bg/2024-05-31_2/109847287']",968000.0,EUR,"2,969 EUR/m²",,,False, продажба,PropertyType.MEZONET,2025-05-06 06:02:48.109247,https://www.homes.bg/api/offers?currencyId=1&filterOrderBy=0&locationId=1&typeId=ApartmentSell&neighbourhoods%5B%5D=487,230,София,10.0,['Оборище'],апартамент
1567057,as,https://homes.bg/offer/apartament-za-prodazhba/ednostaen-35m2-sofiya-oborishte/as1567057,," Оборище, София","Едностаен, 35m²","Тухла, Обзаведен, Електричество",1,"['https://homes.bg/2024-05-21_1/109711733', 'https://homes.bg/2024-05-21_1/109711732', 'https://homes.bg/2024-05-21_1/109711730', 'https://homes.bg/2024-05-21_1/109711734', 'https://homes.bg/2024-05-21_1/109711731']",155000.0,EUR,"4,428 EUR/m²",,,False, продажба,PropertyType.EDNOSTAEN,2025-05-06 06:02:48.109258,https://www.homes.bg/api/offers?currencyId=1&filterOrderBy=0&locationId=1&typeId=ApartmentSell&neighbourhoods%5B%5D=487,230,София,5.0,['Оборище'],апартамент
1555994,as,https://homes.bg/offer/apartament-za-prodazhba/tristaen-120m2-sofiya-oborishte/as1555994,," Оборище, София","Тристаен, 120m²","Тухла, Необзаведен, ТЕЦ",1,"['https://homes.bg/2024-04-17_2/109306607', 'https://homes.bg/2024-04-17_2/109306608']",250000.0,EUR,"2,083 EUR/m²",,,False, продажба,PropertyType.TRISTAEN,2025-05-06 06:02:48.109268,https://www.homes.bg/api/offers?currencyId=1&filterOrderBy=0&locationId=1&typeId=ApartmentSell&neighbourhoods%5B%5D=487,230,София,2.0,['Оборище'],апартамент
1559876,as,https://homes.bg/offer/apartament-za-prodazhba/dvustaen-70m2-sofiya-oborishte/as1559876,," Оборище, София","Двустаен, 70m²","Тухла, Необзаведен, ТЕЦ",1,"['https://homes.bg/2024-04-11_2/109222239', 'https://homes.bg/2024-04-11_2/109222240', 'https://homes.bg/2024-04-11_2/109222241', 'https://homes.bg/2024-04-11_2/109222242']",340000.0,EUR,"4,857 EUR/m²",,,False, продажба,PropertyType.DVUSTAEN,2025-05-06 06:02:48.109281,https://www.homes.bg/api/offers?currencyId=1&filterOrderBy=0&locationId=1&typeId=ApartmentSell&neighbourhoods%5B%5D=487,230,София,4.0,['Оборище'],апартамент
1443587,as,https://homes.bg/offer/apartament-za-prodazhba/tristaen-119m2-sofiya-oborishte/as1443587,," Оборище, София","Тристаен, 119m²","Тухла, Необзаведен, ТЕЦ",1,"['https://homes.bg/2024-03-21_2/108906234', 'https://homes.bg/2024-03-21_2/108906235']",214500.0,EUR,"1,802 EUR/m²",,,False, продажба,PropertyType.TRISTAEN,2025-05-06 06:02:48.109290,https://www.homes.bg/api/offers?currencyId=1&filterOrderBy=0&locationId=1&typeId=ApartmentSell&neighbourhoods%5B%5D=487,230,София,2.0,['Оборище'],апартамент
1520697,as,https://homes.bg/offer/apartament-za-prodazhba/mnogostaen-161m2-sofiya-oborishte/as1520697,," Оборище, София","Многостаен, 161m²","Тухла, ТЕЦ",1,['https://homes.bg/2024-03-21_2/108906246'],320000.0,EUR,"1,987 EUR/m²",,,False, продажба,PropertyType.MNOGOSTAEN,2025-05-06 06:02:51.016429,https://www.homes.bg/api/offers?currencyId=1&filterOrderBy=0&locationId=1&typeId=ApartmentSell&neighbourhoods%5B%5D=487,230,София,1.0,['Оборище'],апартамент
1555416,as,https://homes.bg/offer/apartament-za-prodazhba/tristaen-110m2-sofiya-oborishte/as1555416,," Оборище, София","Тристаен, 110m²","Тухла, Необзаведен, ТЕЦ",1,"['https://homes.bg/2024-03-21_2/108906254', 'https://homes.bg/2024-03-21_2/108906255', 'https://homes.bg/2024-03-21_2/108906256', 'https://homes.bg/2024-03-21_2/108906257', 'https://homes.bg/2024-03-21_2/108906258', 'https://homes.bg/2024-03-21_2/108906259', 'https://homes.bg/2024-03-21_2/108906260']",196600.0,EUR,"1,787 EUR/m²",,,False, продажба,PropertyType.TRISTAEN,2025-05-06 06:02:51.016509,https://www.homes.bg/api/offers?currencyId=1&filterOrderBy=0&locationId=1&typeId=ApartmentSell&neighbourhoods%5B%5D=487,230,София,7.0,['Оборище'],апартамент
1539171,as,https://homes.bg/offer/apartament-za-prodazhba/tristaen-136m2-sofiya-oborishte/as1539171,," Оборище, София","Тристаен, 136m²","Необзаведен, Електричество",1,"['https://homes.bg/2024-03-17_2/108829400', 'https://homes.bg/2024-03-17_2/108829401', 'https://homes.bg/2024-03-17_2/108829402', 'https://homes.bg/2024-03-17_2/108829403', 'https://homes.bg/2024-03-17_2/108829404']",381150.0,EUR,"2,802 EUR/m²",,,False, продажба,PropertyType.TRISTAEN,2025-05-06 06:02:51.016530,https://www.homes.bg/api/offers?currencyId=1&filterOrderBy=0&locationId=1&typeId=ApartmentSell&neighbourhoods%5B%5D=487,230,София,5.0,['Оборище'],апартамент
1539174,as,https://homes.bg/offer/apartament-za-prodazhba/tristaen-145m2-sofiya-oborishte/as1539174,," Оборище, София","Тристаен, 145m²","Необзаведен, Електричество",1,"['https://homes.bg/2024-01-09_2/107832746', 'https://homes.bg/2024-01-09_2/107832747', 'https://homes.bg/2024-01-09_2/107832748', 'https://homes.bg/2024-01-09_2/107832749', 'https://homes.bg/2024-01-09_2/107832750']",398475.0,EUR,"2,748 EUR/m²",,,False, продажба,PropertyType.TRISTAEN,2025-05-06 06:02:51.016545,https://www.homes.bg/api/offers?currencyId=1&filterOrderBy=0&locationId=1&typeId=ApartmentSell&neighbourhoods%5B%5D=487,230,София,5.0,['Оборище'],апартамент
1539166,as,https://homes.bg/offer/apartament-za-prodazhba/tristaen-156m2-sofiya-oborishte/as1539166,," Оборище, София","Тристаен, 156m²",Необзаведен,1,"['https://homes.bg/2024-01-09_2/107832706', 'https://homes.bg/2024-01-09_2/107832707', 'https://homes.bg/2024-01-09_2/107832708', 'https://homes.bg/2024-01-09_2/107832709', 'https://homes.bg/2024-01-09_2/107832710']",375375.0,EUR,"2,406 EUR/m²",,,False, продажба,PropertyType.TRISTAEN,2025-05-06 06:02:51.016561,https://www.homes.bg/api/offers?currencyId=1&filterOrderBy=0&locationId=1&typeId=ApartmentSell&neighbourhoods%5B%5D=487,230,София,5.0,['Оборище'],апартамент
1539169,as,https://homes.bg/offer/apartament-za-prodazhba/tristaen-143m2-sofiya-oborishte/as1539169,," Оборище, София","Тристаен, 143m²","Тухла, Необзаведен, Електричество",1,"['https://homes.bg/2024-01-09_2/107832720', 'https://homes.bg/2024-01-09_2/107832721', 'https://homes.bg/2024-01-09_2/107832722', 'https://homes.bg/2024-01-09_2/107832723', 'https://homes.bg/2024-01-09_2/107832724']",462000.0,EUR,"3,230 EUR/m²",,,False, продажба,PropertyType.TRISTAEN,2025-05-06 06:02:51.016588,https://www.homes.bg/api/offers?currencyId=1&filterOrderBy=0&locationId=1&typeId=ApartmentSell&neighbourhoods%5B%5D=487,230,София,5.0,['Оборище'],апартамент
1539175,as,https://homes.bg/offer/apartament-za-prodazhba/tristaen-173m2-sofiya-oborishte/as1539175,," Оборище, София","Тристаен, 173m²","Необзаведен, Електричество",1,"['https://homes.bg/2024-01-09_2/107832751', 'https://homes.bg/2024-01-09_2/107832752', 'https://homes.bg/2024-01-09_2/107832753', 'https://homes.bg/2024-01-09_2/107832754']",542850.0,EUR,"3,137 EUR/m²",,,False, продажба,PropertyType.TRISTAEN,2025-05-06 06:02:51.016604,https://www.homes.bg/api/offers?currencyId=1&filterOrderBy=0&locationId=1&typeId=ApartmentSell&neighbourhoods%5B%5D=487,230,София,4.0,['Оборище'],апартамент
1539176,as,https://homes.bg/offer/apartament-za-prodazhba/tristaen-145m2-sofiya-oborishte/as1539176,," Оборище, София","Тристаен, 145m²","Необзаведен, Електричество",1,"['https://homes.bg/2024-01-09_2/107832755', 'https://homes.bg/2024-01-09_2/107832756', 'https://homes.bg/2024-01-09_2/107832757', 'https://homes.bg/2024-01-09_2/107832758']",398475.0,EUR,"2,748 EUR/m²",,,False, продажба,PropertyType.TRISTAEN,2025-05-06 06:02:51.016618,https://www.homes.bg/api/offers?currencyId=1&filterOrderBy=0&locationId=1&typeId=ApartmentSell&neighbourhoods%5B%5D=487,230,София,4.0,['Оборище'],апартамент
1539167,as,https://homes.bg/offer/apartament-za-prodazhba/tristaen-14755m2-sofiya-oborishte/as1539167,," Оборище, София","Тристаен, 14755m²",Необзаведен,1,"['https://homes.bg/2024-01-09_2/107832711', 'https://homes.bg/2024-01-09_2/107832712', 'https://homes.bg/2024-01-09_2/107832713', 'https://homes.bg/2024-01-09_2/107832714', 'https://homes.bg/2024-01-09_2/107832715']",346500.0,EUR,23 EUR/m²,,,False, продажба,PropertyType.TRISTAEN,2025-05-06 06:02:51.016633,https://www.homes.bg/api/offers?currencyId=1&filterOrderBy=0&locationId=1&typeId=ApartmentSell&neighbourhoods%5B%5D=487,230,София,5.0,['Оборище'],апартамент
1538897,as,https://homes.bg/offer/apartament-za-prodazhba/tristaen-157m2-sofiya-oborishte/as1538897,," Оборище, София","Тристаен, 157m²",Необзаведен,1,"['https://homes.bg/2024-01-07_2/107804055', 'https://homes.bg/2024-01-07_2/107804056', 'https://homes.bg/2024-01-07_2/107804057', 'https://homes.bg/2024-01-07_2/107804058', 'https://homes.bg/2024-01-07_2/107804059']",427350.0,EUR,"2,721 EUR/m²",,,False, продажба,PropertyType.TRISTAEN,2025-05-06 06:02:51.016647,https://www.homes.bg/api/offers?currencyId=1&filterOrderBy=0&locationId=1&typeId=ApartmentSell&neighbourhoods%5B%5D=487,230,София,5.0,['Оборище'],апартамент
1538898,as,https://homes.bg/offer/apartament-za-prodazhba/tristaen-157m2-sofiya-oborishte/as1538898,," Оборище, София","Тристаен, 157m²","Необзаведен, Електричество",1,"['https://homes.bg/2024-01-07_2/107804060', 'https://homes.bg/2024-01-07_2/107804061', 'https://homes.bg/2024-01-07_2/107804062', 'https://homes.bg/2024-01-07_2/107804063', 'https://homes.bg/2024-01-07_2/107804064', 'https://homes.bg/2024-01-07_2/107804065']",415800.0,EUR,"2,648 EUR/m²",,,False, продажба,PropertyType.TRISTAEN,2025-05-06 06:02:51.016661,https://www.homes.bg/api/offers?currencyId=1&filterOrderBy=0&locationId=1&typeId=ApartmentSell&neighbourhoods%5B%5D=487,230,София,6.0,['Оборище'],апартамент
1538900,as,https://homes.bg/offer/apartament-za-prodazhba/tristaen-145m2-sofiya-oborishte/as1538900,," Оборище, София","Тристаен, 145m²",Необзаведен,1,"['https://homes.bg/2024-01-07_2/107804071', 'https://homes.bg/2024-01-07_2/107804072', 'https://homes.bg/2024-01-07_2/107804073', 'https://homes.bg/2024-01-07_2/107804074', 'https://homes.bg/2024-01-07_2/107804075']",404250.0,EUR,"2,787 EUR/m²",,,False, продажба,PropertyType.TRISTAEN,2025-05-06 06:02:51.016678,https://www.homes.bg/api/offers?currencyId=1&filterOrderBy=0&locationId=1&typeId=ApartmentSell&neighbourhoods%5B%5D=487,230,София,5.0,['Оборище'],апартамент
1537880,as,https://homes.bg/offer/apartament-za-prodazhba/chetiristaen-157m2-sofiya-oborishte/as1537880,," Оборище, София","Четиристаен, 157m²","Тухла, Необзаведен, Електричество",1,"['https://homes.bg/2023-12-30_2/107731018', 'https://homes.bg/2023-12-30_2/107731019', 'https://homes.bg/2023-12-30_2/107731020', 'https://homes.bg/2023-12-30_2/107731021']",451000.0,EUR,"2,872 EUR/m²",,,False, продажба,PropertyType.CHETIRISTAEN,2025-05-06 06:02:51.016692,https://www.homes.bg/api/offers?currencyId=1&filterOrderBy=0&locationId=1&typeId=ApartmentSell&neighbourhoods%5B%5D=487,230,София,4.0,['Оборище'],апартамент
1520685,as,https://homes.bg/offer/apartament-za-prodazhba/mnogostaen-200m2-sofiya-oborishte/as1520685,," Оборище, София","Многостаен, 200m²","Тухла, Обзаведен, ТЕЦ",1,"['https://homes.bg/2023-10-02_1/105103441', 'https://homes.bg/2023-10-02_1/105103442', 'https://homes.bg/2023-10-02_1/105103443', 'https://homes.bg/2023-10-02_1/105103444', 'https://homes.bg/2023-10-02_1/105103445', 'https://homes.bg/2023-10-02_1/105103446', 'https://homes.bg/2023-10-02_1/105103447', 'https://homes.bg/2023-10-02_1/105103448', 'https://homes.bg/2023-10-02_1/105103449', 'https://homes.bg/2023-10-02_1/105103450']",482500.0,EUR,"2,412 EUR/m²",,,False, продажба,PropertyType.MNOGOSTAEN,2025-05-06 06:02:51.016707,https://www.homes.bg/api/offers?currencyId=1&filterOrderBy=0&locationId=1&typeId=ApartmentSell&neighbourhoods%5B%5D=487,230,София,10.0,['Оборище'],апартамент
1520695,as,https://homes.bg/offer/apartament-za-prodazhba/tristaen-100m2-sofiya-oborishte/as1520695,," Оборище, София","Тристаен, 100m²","Тухла, ТЕЦ",1,"['https://homes.bg/2023-10-01_1/105077194', 'https://homes.bg/2023-10-01_1/105077195', 'https://homes.bg/2023-10-01_1/105077196', 'https://homes.bg/2023-10-01_1/105077197']",265000.0,EUR,"2,650 EUR/m²",,,False, продажба,PropertyType.TRISTAEN,2025-05-06 06:02:51.016719,https://www.homes.bg/api/offers?currencyId=1&filterOrderBy=0&locationId=1&typeId=ApartmentSell&neighbourhoods%5B%5D=487,230,София,4.0,['Оборище'],апартамент
1420442,as,https://homes.bg/offer/apartament-za-prodazhba/tristaen-86m2-sofiya-oborishte/as1420442,," Оборище, София","Тристаен, 86m²","Тухла, Обзаведен, ТЕЦ",1,['https://homes.bg/2023-10-01_1/105077019'],263000.0,EUR,"3,058 EUR/m²",,,False, продажба,PropertyType.TRISTAEN,2025-05-06 06:02:51.016729,https://www.homes.bg/api/offers?currencyId=1&filterOrderBy=0&locationId=1&typeId=ApartmentSell&neighbourhoods%5B%5D=487,230,София,1.0,['Оборище'],апартамент
1440085,as,https://homes.bg/offer/apartament-za-prodazhba/tristaen-102m2-sofiya-oborishte/as1440085,," Оборище, София","Тристаен, 102m²","Тухла, Обзаведен, ТЕЦ",1,"['https://homes.bg/2023-10-01_1/105077048', 'https://homes.bg/2023-10-01_1/105077049', 'https://homes.bg/2023-10-01_1/105077050', 'https://homes.bg/2023-10-01_1/105077051', 'https://homes.bg/2023-10-01_1/105077052', 'https://homes.bg/2023-10-01_1/105077053', 'https://homes.bg/2023-10-01_1/105077054', 'https://homes.bg/2023-10-01_1/105077055', 'https://homes.bg/2023-10-01_1/105077056', 'https://homes.bg/2023-10-01_1/105077057']",488000.0,EUR,"4,784 EUR/m²",,,False, продажба,PropertyType.TRISTAEN,2025-05-06 06:02:51.016743,https://www.homes.bg/api/offers?currencyId=1&filterOrderBy=0&locationId=1&typeId=ApartmentSell&neighbourhoods%5B%5D=487,230,София,10.0,['Оборище'],апартамент
1418174,as,https://homes.bg/offer/apartament-za-prodazhba/tristaen-100m2-sofiya-oborishte/as1418174,," Оборище, София","Тристаен, 100m²","Тухла, Полуобзаведен, ТЕЦ",1,"['https://homes.bg/2023-10-01_1/105077009', 'https://homes.bg/2023-10-01_1/105077010', 'https://homes.bg/2023-10-01_1/105077011', 'https://homes.bg/2023-10-01_1/105077012', 'https://homes.bg/2023-10-01_1/105077013', 'https://homes.bg/2023-10-01_1/105077014', 'https://homes.bg/2023-10-01_1/105077015', 'https://homes.bg/2023-10-01_1/105077016', 'https://homes.bg/2023-10-01_1/105077017', 'https://homes.bg/2023-10-01_1/105077018']",260000.0,EUR,"2,600 EUR/m²",,,False, продажба,PropertyType.TRISTAEN,2025-05-06 06:02:51.016758,https://www.homes.bg/api/offers?currencyId=1&filterOrderBy=0&locationId=1&typeId=ApartmentSell&neighbourhoods%5B%5D=487,230,София,10.0,['Оборище'],апартамент
1507723,as,https://homes.bg/offer/apartament-za-prodazhba/garazh-40m2-sofiya-oborishte/as1507723,," Оборище, София","Гараж, 40m²",Тухла,1,"['https://homes.bg/2023-10-01_1/105077117', 'https://homes.bg/2023-10-01_1/105077118', 'https://homes.bg/2023-10-01_1/105077119', 'https://homes.bg/2023-10-01_1/105077120', 'https://homes.bg/2023-10-01_1/105077121']",70000.0,EUR,"1,750 EUR/m²",,,False, продажба,,2025-05-06 06:02:51.016770,https://www.homes.bg/api/offers?currencyId=1&filterOrderBy=0&locationId=1&typeId=ApartmentSell&neighbourhoods%5B%5D=487,230,София,5.0,['Оборище'],апартамент
1508900,as,https://homes.bg/offer/apartament-za-prodazhba/tristaen-78m2-sofiya-oborishte/as1508900,," Оборище, София","Тристаен, 78m²","Тухла, Обзаведен",1,"['https://homes.bg/2023-08-02_1/102721032', 'https://homes.bg/2023-08-02_1/102721033', 'https://homes.bg/2023-08-02_1/102721034', 'https://homes.bg/2023-08-02_1/102721035', 'https://homes.bg/2023-08-02_1/102721036', 'https://homes.bg/2023-08-02_1/102721037', 'https://homes.bg/2023-08-02_1/102721038', 'https://homes.bg/2023-08-02_1/102721039', 'https://homes.bg/2023-08-02_1/102721040', 'https://homes.bg/2023-08-02_1/102721041']",202000.0,EUR,"2,589 EUR/m²",,,False, продажба,PropertyType.TRISTAEN,2025-05-06 06:02:51.016785,https://www.homes.bg/api/offers?currencyId=1&filterOrderBy=0&locationId=1&typeId=ApartmentSell&neighbourhoods%5B%5D=487,230,София,10.0,['Оборище'],апартамент
1507725,as,https://homes.bg/offer/apartament-za-prodazhba/dvustaen-68m2-sofiya-oborishte/as1507725,," Оборище, София","Двустаен, 68m²","Тухла, Необзаведен, ТЕЦ",1,"['https://homes.bg/2023-07-28_1/102538048', 'https://homes.bg/2023-07-28_1/102538049', 'https://homes.bg/2023-07-28_1/102538050']",170000.0,EUR,"2,500 EUR/m²",,,False, продажба,PropertyType.DVUSTAEN,2025-05-06 06:02:51.016796,https://www.homes.bg/api/offers?currencyId=1&filterOrderBy=0&locationId=1&typeId=ApartmentSell&neighbourhoods%5B%5D=487,230,София,3.0,['Оборище'],апартамент
1489898,as,https://homes.bg/offer/apartament-za-prodazhba/ednostaen-60m2-sofiya-oborishte/as1489898,," Оборище, София","Едностаен, 60m²","Тухла, Полуобзаведен, Без отопление",1,['https://homes.bg/2023-05-01_1/98440792'],111740.0,EUR,"1,862 EUR/m²",,,False, продажба,PropertyType.EDNOSTAEN,2025-05-06 06:02:51.016807,https://www.homes.bg/api/offers?currencyId=1&filterOrderBy=0&locationId=1&typeId=ApartmentSell&neighbourhoods%5B%5D=487,230,София,1.0,['Оборище'],апартамент
1429071,as,https://homes.bg/offer/apartament-za-prodazhba/tristaen-102m2-sofiya-oborishte/as1429071,," Оборище, София","Тристаен, 102m²","Тухла, Обзаведен, ТЕЦ",1,['https://homes.bg/2023-04-27_2/98224662'],488000.0,EUR,"4,784 EUR/m²",,,False, продажба,PropertyType.TRISTAEN,2025-05-06 06:02:51.016816,https://www.homes.bg/api/offers?currencyId=1&filterOrderBy=0&locationId=1&typeId=ApartmentSell&neighbourhoods%5B%5D=487,230,София,1.0,['Оборище'],апартамент
1456351,as,https://homes.bg/offer/apartament-za-prodazhba/chetiristaen-180m2-sofiya-oborishte/as1456351,," Оборище, София","Четиристаен, 180m²","Тухла, Обзаведен, ТЕЦ",1,"['https://homes.bg/2023-01-09_1/93628808', 'https://homes.bg/2023-01-09_1/93628809', 'https://homes.bg/2023-01-09_1/93628810', 'https://homes.bg/2023-01-09_1/93628811', 'https://homes.bg/2023-01-09_1/93628812', 'https://homes.bg/2023-01-09_1/93628813', 'https://homes.bg/2023-01-09_1/93628814', 'https://homes.bg/2023-01-09_1/93628815', 'https://homes.bg/2023-01-09_1/93628816', 'https://homes.bg/2023-01-09_1/93628817']",349900.0,EUR,"1,943 EUR/m²",,,False, продажба,PropertyType.CHETIRISTAEN,2025-05-06 06:02:51.016829,https://www.homes.bg/api/offers?currencyId=1&filterOrderBy=0&locationId=1&typeId=ApartmentSell&neighbourhoods%5B%5D=487,230,София,10.0,['Оборище'],апартамент
1453459,as,https://homes.bg/offer/apartament-za-prodazhba/dvustaen-80m2-sofiya-oborishte/as1453459,," Оборище, София","Двустаен, 80m²","Тухла, Обзаведен, ТЕЦ",1,"['https://homes.bg/2023-01-09_2/93655222', 'https://homes.bg/2023-01-09_2/93655223', 'https://homes.bg/2023-01-09_2/93655224', 'https://homes.bg/2023-01-09_2/93655225', 'https://homes.bg/2023-01-09_2/93655226', 'https://homes.bg/2023-01-09_2/93655227']",302000.0,EUR,"3,775 EUR/m²",,,False, продажба,PropertyType.DVUSTAEN,2025-05-06 06:02:51.016841,https://www.homes.bg/api/offers?currencyId=1&filterOrderBy=0&locationId=1&typeId=ApartmentSell&neighbourhoods%5B%5D=487,230,София,6.0,['Оборище'],апартамент
1598415,as,https://homes.bg/offer/apartament-za-prodazhba/dvustaen-57m2-sofiya-oborishte/as1598415,," Оборище, София","Двустаен, 57m²","Тухла, Обзаведен, ТЕЦ",1,"['https://homes.bg/2024-11-12_1/111996483', 'https://homes.bg/2024-11-12_1/111996484', 'https://homes.bg/2024-11-12_1/111996485', 'https://homes.bg/2024-11-12_1/111996486', 'https://homes.bg/2024-11-12_1/111996487']",325000.0,EUR,"5,701 EUR/m²",,,False, продажба,PropertyType.DVUSTAEN,2025-05-06 06:02:51.016853,https://www.homes.bg/api/offers?currencyId=1&filterOrderBy=0&locationId=1&typeId=ApartmentSell&neighbourhoods%5B%5D=487,230,София,5.0,['Оборище'],апартамент
1599838,as,https://homes.bg/offer/apartament-za-prodazhba/dvustaen-85m2-sofiya-oborishte/as1599838,," Оборище, София","Двустаен, 85m²","Тухла, Необзаведен, ТЕЦ",1,"['https://homes.bg/2024-11-20_1/112124942', 'https://homes.bg/2024-11-20_1/112124943', 'https://homes.bg/2024-11-20_1/112124944', 'https://homes.bg/2024-11-20_1/112124945', 'https://homes.bg/2024-11-20_1/112124946', 'https://homes.bg/2024-11-20_1/112124947', 'https://homes.bg/2024-11-20_1/112124948']",169999.0,EUR,"1,999 EUR/m²",,,False, продажба,PropertyType.DVUSTAEN,2025-05-06 06:02:51.016864,https://www.homes.bg/api/offers?currencyId=1&filterOrderBy=0&locationId=1&typeId=ApartmentSell&neighbourhoods%5B%5D=487,230,София,7.0,['Оборище'],апартамент
1582225,as,https://homes.bg/offer/apartament-za-prodazhba/dvustaen-78m2-sofiya-oborishte/as1582225,," Оборище, София","Двустаен, 78m²","ЕПК, Необзаведен, ТЕЦ",1,[],259900.0,EUR,"3,332 EUR/m²",,,False, продажба,PropertyType.DVUSTAEN,2025-05-06 06:02:51.016897,https://www.homes.bg/api/offers?currencyId=1&filterOrderBy=0&locationId=1&typeId=ApartmentSell&neighbourhoods%5B%5D=487,230,София,0.0,['Оборище'],апартамент
1581201,as,https://homes.bg/offer/apartament-za-prodazhba/chetiristaen-118m2-sofiya-oborishte/as1581201,," Оборище, София","Четиристаен, 118m²","Тухла, Необзаведен, ТЕЦ",1,"['https://homes.bg/2024-08-03_1/110691613', 'https://homes.bg/2024-08-03_1/110691614', 'https://homes.bg/2024-08-03_1/110691615', 'https://homes.bg/2024-08-03_1/110691616', 'https://homes.bg/2024-08-03_1/110691617', 'https://homes.bg/2024-08-03_1/110691618', 'https://homes.bg/2024-08-03_1/110691619']",435000.0,EUR,"3,686 EUR/m²",,,False, продажба,PropertyType.CHETIRISTAEN,2025-05-06 06:02:51.016913,https://www.homes.bg/api/offers?currencyId=1&filterOrderBy=0&locationId=1&typeId=ApartmentSell&neighbourhoods%5B%5D=487,230,София,7.0,['Оборище'],апартамент
1496243,as,https://homes.bg/offer/apartament-za-prodazhba/mnogostaen-152m2-sofiya-oborishte/as1496243,," Оборище, София","Многостаен, 152m²","Тухла, Необзаведен, ТЕЦ",1,"['https://homes.bg/2023-05-31_1/100007817', 'https://homes.bg/2023-05-31_1/100007818', 'https://homes.bg/2023-05-31_1/100007819', 'https://homes.bg/2023-05-31_1/100007820', 'https://homes.bg/2023-05-31_1/100007821', 'https://homes.bg/2023-05-31_1/100007822']",577600.0,EUR,"3,800 EUR/m²",,,False, продажба,PropertyType.MNOGOSTAEN,2025-05-06 06:02:51.016924,https://www.homes.bg/api/offers?currencyId=1&filterOrderBy=0&locationId=1&typeId=ApartmentSell&neighbourhoods%5B%5D=487,230,София,6.0,['Оборище'],апартамент
