id,type,url,time,location,title,description,status,photos,price_value,price_currency,price_per_square_meter,price_period,main_photo,is_favorite,offer_type,property_type,date_added,search_url,total_offers,location_id,num_photos,neighborhoods,main_property_type
34777,la,https://homes.bg/offer/zemya-za-prodazhba/zemedelska-zemya-2500m2-plovdiv-s.yagodovo/la34777,вчера,"с.Ягодово, Пловдив","Земеделска земя, 2500m²",Нива,1,['https://homes.bg/2025-01-24_2/112815412'],35000.0,ЛЕВА,14 ЛЕВА/m²,,,False, продажба,,2025-01-25 06:03:05.520252,https://www.homes.bg/api/offers??currencyId=1&filterOrderBy=0&locationId=0&typeId=LandAgro,2241,,1.0,[],земеделска земя
22680,la,https://homes.bg/offer/zemya-za-prodazhba/zemedelska-zemya-5400m2-plovdiv-gr.asenovgrad/la22680,вчера,"гр.Асеновград, Пловдив","Земеделска земя, 5400m²",Нива,1,['https://homes.bg/2025-01-24_2/112815413'],291600.0,EUR,54 EUR/m²,,,False, продажба,,2025-01-25 06:03:05.520317,https://www.homes.bg/api/offers??currencyId=1&filterOrderBy=0&locationId=0&typeId=LandAgro,2241,,1.0,[],земеделска земя
34774,la,https://homes.bg/offer/zemya-za-prodazhba/zemedelska-zemya-16000m2-burgas-s.izvorishte/la34774,вчера,"с.Изворище, Бургас","Земеделска земя, 16000m²","Категория 9, Друго",1,[],18000.0,ЛЕВА,1 ЛЕВА/m²,,,False, продажба,,2025-01-25 06:03:05.520342,https://www.homes.bg/api/offers??currencyId=1&filterOrderBy=0&locationId=0&typeId=LandAgro,2241,,0.0,[],земеделска земя
34776,la,https://homes.bg/offer/zemya-za-prodazhba/zemedelska-zemya-3700m2-kaloyanovo-s.ryzhevo-konare/la34776,вчера,"с.Ръжево Конаре, Калояново","Земеделска земя, 3700m²","Категория 9, Нива",1,"['https://homes.bg/2025-01-24_2/112804914', 'https://homes.bg/2025-01-24_2/112804915', 'https://homes.bg/2025-01-24_2/112804916']",9000.0,ЛЕВА,2 ЛЕВА/m²,,,False, продажба,,2025-01-25 06:03:05.520363,https://www.homes.bg/api/offers??currencyId=1&filterOrderBy=0&locationId=0&typeId=LandAgro,2241,,3.0,[],земеделска земя
34775,la,https://homes.bg/offer/zemya-za-prodazhba/zemedelska-zemya-3000m2-kaloyanovo-s.ryzhevo-konare/la34775,вчера,"с.Ръжево Конаре, Калояново","Земеделска земя, 3000m²","Категория 6, Нива",1,"['https://homes.bg/2025-01-24_2/112804910', 'https://homes.bg/2025-01-24_2/112804912', 'https://homes.bg/2025-01-24_2/112804913']",7500.0,EUR,2 EUR/m²,,,False, продажба,,2025-01-25 06:03:05.520385,https://www.homes.bg/api/offers??currencyId=1&filterOrderBy=0&locationId=0&typeId=LandAgro,2241,,3.0,[],земеделска земя
23379,la,https://homes.bg/offer/zemya-za-prodazhba/zemedelska-zemya-1000m2-sofiya-kv.-filipovci/la23379,вчера,"кв. Филиповци, София","Земеделска земя, 1000m²","Категория 1, Ливада",1,[],80000.0,ЛЕВА,80 ЛЕВА/m²,,,False, продажба,,2025-01-25 06:03:05.520410,https://www.homes.bg/api/offers??currencyId=1&filterOrderBy=0&locationId=0&typeId=LandAgro,2241,,0.0,[],земеделска земя
23521,la,https://homes.bg/offer/zemya-za-prodazhba/zemedelska-zemya-7200m2-rodopi-s.calapica/la23521,вчера,"с.Цалапица, Родопи","Земеделска земя, 7200m²","Категория 4, Нива",1,"['https://homes.bg/2022-02-21_2/80328989', 'https://homes.bg/2022-02-21_2/80328990', 'https://homes.bg/2022-02-21_2/80328991']",42800.0,EUR,5 EUR/m²,,,False, продажба,,2025-01-25 06:03:05.520432,https://www.homes.bg/api/offers??currencyId=1&filterOrderBy=0&locationId=0&typeId=LandAgro,2241,,3.0,[],земеделска земя
19455,la,https://homes.bg/offer/zemya-za-prodazhba/zemedelska-zemya-5300m2-plovdiv-s.calapica/la19455,вчера,"с.Цалапица, Пловдив","Земеделска земя, 5300m²",Нива,1,[],95400.0,EUR,18 EUR/m²,,,False, продажба,,2025-01-25 06:03:05.520450,https://www.homes.bg/api/offers??currencyId=1&filterOrderBy=0&locationId=0&typeId=LandAgro,2241,,0.0,[],земеделска земя
18721,la,https://homes.bg/offer/zemya-za-prodazhba/zemedelska-zemya-5134m2-plovdiv-s.calapica/la18721,вчера,"с.Цалапица, Пловдив","Земеделска земя, 5134m²",Нива,1,['https://homes.bg/2017-04-18_2/12022341'],20536.0,EUR,4 EUR/m²,,,False, продажба,,2025-01-25 06:03:05.520468,https://www.homes.bg/api/offers??currencyId=1&filterOrderBy=0&locationId=0&typeId=LandAgro,2241,,1.0,[],земеделска земя
34360,la,https://homes.bg/offer/zemya-za-prodazhba/zemedelska-zemya-5500m2-rodopi-s.calapica/la34360,вчера,"с.Цалапица, Родопи","Земеделска земя, 5500m²","Категория 6, Овощна градина",1,"['https://homes.bg/2024-08-02_2/110673727', 'https://homes.bg/2024-08-02_2/110673728', 'https://homes.bg/2024-08-02_2/110673729', 'https://homes.bg/2024-08-02_2/110673730']",25500.0,EUR,4 EUR/m²,,,False, продажба,,2025-01-25 06:03:05.520488,https://www.homes.bg/api/offers??currencyId=1&filterOrderBy=0&locationId=0&typeId=LandAgro,2241,,4.0,[],земеделска земя
34679,la,https://homes.bg/offer/zemya-za-prodazhba/zemedelska-zemya-1425m2-sofijska-gr.kostinbrod/la34679,вчера,"гр.Костинброд, Софийска","Земеделска земя, 1425m²",,1,"['https://homes.bg/2024-12-05_1/112325229', 'https://homes.bg/2024-12-05_1/112325230', 'https://homes.bg/2024-12-05_1/112325231', 'https://homes.bg/2024-12-05_1/112325232']",35000.0,EUR,24 EUR/m²,,,False, продажба,,2025-01-25 06:03:05.520511,https://www.homes.bg/api/offers??currencyId=1&filterOrderBy=0&locationId=0&typeId=LandAgro,2241,,4.0,[],земеделска земя
20631,la,https://homes.bg/offer/zemya-za-prodazhba/zemedelska-zemya-6155m2-varna-s.kumanovo/la20631,вчера,"с.Куманово, Варна","Земеделска земя, 6155m²",,1,"['https://homes.bg/2019-01-02_1/32630518', 'https://homes.bg/2019-01-02_1/32630519', 'https://homes.bg/2019-01-02_1/32630520', 'https://homes.bg/2019-01-02_1/32630521', 'https://homes.bg/2019-01-02_1/32630522', 'https://homes.bg/2019-01-02_1/32630523']",123100.0,EUR,20 EUR/m²,,,False, продажба,,2025-01-25 06:03:05.520530,https://www.homes.bg/api/offers??currencyId=1&filterOrderBy=0&locationId=0&typeId=LandAgro,2241,,6.0,[],земеделска земя
24141,la,https://homes.bg/offer/zemya-za-prodazhba/zemedelska-zemya-3000m2-varna-kv.-vinica/la24141,вчера,"кв. Виница, Варна","Земеделска земя, 3000m²",,1,"['https://homes.bg/2022-10-14_1/89722729', 'https://homes.bg/2022-10-14_1/89722731', 'https://homes.bg/2022-10-14_1/89722733', 'https://homes.bg/2022-10-14_1/89722735', 'https://homes.bg/2022-10-14_1/89722737', 'https://homes.bg/2022-10-14_1/89722739']",60000.0,EUR,20 EUR/m²,,,False, продажба,,2025-01-25 06:03:05.520545,https://www.homes.bg/api/offers??currencyId=1&filterOrderBy=0&locationId=0&typeId=LandAgro,2241,,6.0,[],земеделска земя
34629,la,https://homes.bg/offer/zemya-za-prodazhba/zemedelska-zemya-2559m2-sofijska-s.gorna-malina/la34629,вчера,"с.Горна Малина, Софийска","Земеделска земя, 2559m²",,1,"['https://homes.bg/2024-11-23_1/112173195', 'https://homes.bg/2024-11-23_1/112173196']",30000.0,EUR,11 EUR/m²,,,False, продажба,,2025-01-25 06:03:05.520556,https://www.homes.bg/api/offers??currencyId=1&filterOrderBy=0&locationId=0&typeId=LandAgro,2241,,2.0,[],земеделска земя
34425,la,https://homes.bg/offer/zemya-za-prodazhba/zemedelska-zemya-2743m2-sofiya-kv.-gorna-banya/la34425,вчера,"кв. Горна Баня, София","Земеделска земя, 2743m²",,1,"['https://homes.bg/2024-09-05_1/111122593', 'https://homes.bg/2024-09-05_1/111122594']",385000.0,EUR,140 EUR/m²,,,False, продажба,,2025-01-25 06:03:05.520569,https://www.homes.bg/api/offers??currencyId=1&filterOrderBy=0&locationId=0&typeId=LandAgro,2241,,2.0,[],земеделска земя
34106,la,https://homes.bg/offer/zemya-za-prodazhba/zemedelska-zemya-4068m2-plovdiv-s.trud/la34106,вчера,"с.Труд, Пловдив","Земеделска земя, 4068m²",,1,['https://homes.bg/2024-05-04_1/109505593'],69000.0,EUR,16 EUR/m²,,,False, продажба,,2025-01-25 06:03:05.520580,https://www.homes.bg/api/offers??currencyId=1&filterOrderBy=0&locationId=0&typeId=LandAgro,2241,,1.0,[],земеделска земя
34107,la,https://homes.bg/offer/zemya-za-prodazhba/zemedelska-zemya-4068m2-plovdiv-s.trud/la34107,вчера,"с.Труд, Пловдив","Земеделска земя, 4068m²",,1,['https://homes.bg/2024-05-04_1/109505594'],69000.0,EUR,16 EUR/m²,,,False, продажба,,2025-01-25 06:03:05.520591,https://www.homes.bg/api/offers??currencyId=1&filterOrderBy=0&locationId=0&typeId=LandAgro,2241,,1.0,[],земеделска земя
34598,la,https://homes.bg/offer/zemya-za-prodazhba/zemedelska-zemya-1000m2-plovdiv-s.pyrvenec/la34598,вчера,"с.Първенец, Пловдив","Земеделска земя, 1000m²",,1,['https://homes.bg/2024-11-14_1/112044245'],17000.0,EUR,17 EUR/m²,,,False, продажба,,2025-01-25 06:03:05.520603,https://www.homes.bg/api/offers??currencyId=1&filterOrderBy=0&locationId=0&typeId=LandAgro,2241,,1.0,[],земеделска земя
34630,la,https://homes.bg/offer/zemya-za-prodazhba/zemedelska-zemya-1549m2-sofijska-s.gorna-malina/la34630,вчера,"с.Горна Малина, Софийска","Земеделска земя, 1549m²",,1,['https://homes.bg/2024-11-23_1/112173197'],18500.0,EUR,11 EUR/m²,,,False, продажба,,2025-01-25 06:03:05.520615,https://www.homes.bg/api/offers??currencyId=1&filterOrderBy=0&locationId=0&typeId=LandAgro,2241,,1.0,[],земеделска земя
34372,la,https://homes.bg/offer/zemya-za-prodazhba/zemedelska-zemya-22000m2-sliven-s.kovachite/la34372,,"с.Ковачите, Сливен","Земеделска земя, 22000m²",Нива,1,"['https://homes.bg/2025-01-23_2/112793026', 'https://homes.bg/2025-01-23_2/112793027', 'https://homes.bg/2025-01-23_2/112793028', 'https://homes.bg/2025-01-23_2/112793029', 'https://homes.bg/2025-01-23_2/112793030', 'https://homes.bg/2025-01-23_2/112793031', 'https://homes.bg/2025-01-23_2/112793032', 'https://homes.bg/2025-01-23_2/112793033']",80000.0,ЛЕВА,3 ЛЕВА/m²,,,False, продажба,,2025-01-25 06:03:05.520631,https://www.homes.bg/api/offers??currencyId=1&filterOrderBy=0&locationId=0&typeId=LandAgro,2241,,8.0,[],земеделска земя
34547,la,https://homes.bg/offer/zemya-za-prodazhba/zemedelska-zemya-959m2-sliven-s.byala/la34547,,"с.Бяла, Сливен","Земеделска земя, 959m²","Категория 9, Нива",1,[],5000.0,ЛЕВА,5 ЛЕВА/m²,,,False, продажба,,2025-01-25 06:03:05.520642,https://www.homes.bg/api/offers??currencyId=1&filterOrderBy=0&locationId=0&typeId=LandAgro,2241,,0.0,[],земеделска земя
34772,la,https://homes.bg/offer/zemya-za-prodazhba/zemedelska-zemya-1760m2-krivodol-s.rakevo/la34772,,"с.Ракево, Криводол","Земеделска земя, 1760m²","Категория 5, Лозе",1,"['https://homes.bg/2025-01-23_2/112789229', 'https://homes.bg/2025-01-23_2/112789230', 'https://homes.bg/2025-01-23_2/112789231', 'https://homes.bg/2025-01-23_2/112789232', 'https://homes.bg/2025-01-23_2/112789233']",2500.0,ЛЕВА,1 ЛЕВА/m²,,,False, продажба,,2025-01-25 06:03:05.520656,https://www.homes.bg/api/offers??currencyId=1&filterOrderBy=0&locationId=0&typeId=LandAgro,2241,,5.0,[],земеделска земя
34771,la,https://homes.bg/offer/zemya-za-prodazhba/zemedelska-zemya-7702m2-pomorie-s.aheloj/la34771,,"с.Ахелой, Поморие","Земеделска земя, 7702m²","Категория 4, Нива",1,[],42000.0,ЛЕВА,5 ЛЕВА/m²,,,False, продажба,,2025-01-25 06:03:05.520668,https://www.homes.bg/api/offers??currencyId=1&filterOrderBy=0&locationId=0&typeId=LandAgro,2241,,0.0,[],земеделска земя
34770,la,https://homes.bg/offer/zemya-za-prodazhba/zemedelska-zemya-1280m2-krivodol-s.rakevo/la34770,,"с.Ракево, Криводол","Земеделска земя, 1280m²",Гора,1,"['https://homes.bg/2025-01-23_2/112789192', 'https://homes.bg/2025-01-23_2/112789190', 'https://homes.bg/2025-01-23_2/112789191', 'https://homes.bg/2025-01-23_2/112789193']",2000.0,ЛЕВА,1 ЛЕВА/m²,,,False, продажба,,2025-01-25 06:03:05.520682,https://www.homes.bg/api/offers??currencyId=1&filterOrderBy=0&locationId=0&typeId=LandAgro,2241,,4.0,[],земеделска земя
34769,la,https://homes.bg/offer/zemya-za-prodazhba/zemedelska-zemya-1318m2-pomorie-s.aheloj/la34769,,"с.Ахелой, Поморие","Земеделска земя, 1318m²","Категория 3, Лозе",1,[],21100.0,EUR,16 EUR/m²,,,False, продажба,,2025-01-25 06:03:05.520694,https://www.homes.bg/api/offers??currencyId=1&filterOrderBy=0&locationId=0&typeId=LandAgro,2241,,0.0,[],земеделска земя
34768,la,https://homes.bg/offer/zemya-za-prodazhba/zemedelska-zemya-3857m2-nesebyr-s.kosharica/la34768,,"с.Кошарица, Несебър","Земеделска земя, 3857m²","Категория 3, Овощна градина",1,[],173600.0,EUR,45 EUR/m²,,,False, продажба,,2025-01-25 06:03:05.520705,https://www.homes.bg/api/offers??currencyId=1&filterOrderBy=0&locationId=0&typeId=LandAgro,2241,,0.0,[],земеделска земя
23257,la,https://homes.bg/offer/zemya-za-prodazhba/zemedelska-zemya-9500m2-veliko-tyrnovo-vilna-zona/la23257,," Вилна Зона, Велико Търново","Земеделска земя, 9500m²","Категория 3, Нива",1,"['https://homes.bg/2022-05-10_1/83594886', 'https://homes.bg/2022-07-18_2/86279544', 'https://homes.bg/2023-03-14_2/96221744']",0.0,EUR,0 EUR/m²,,,False, продажба,,2025-01-25 06:03:05.520717,https://www.homes.bg/api/offers??currencyId=1&filterOrderBy=0&locationId=0&typeId=LandAgro,2241,,3.0,[],земеделска земя
22602,la,https://homes.bg/offer/zemya-za-prodazhba/zemedelska-zemya-6000m2-veliko-tyrnovo-vilna-zona/la22602,," Вилна Зона, Велико Търново","Земеделска земя, 6000m²","Категория 3, Нива",1,"['https://homes.bg/2021-03-22_2/62028614', 'https://homes.bg/2022-07-18_2/86279543', 'https://homes.bg/2021-03-22_2/62028613']",6000.0,EUR,1 EUR/m²,,,False, продажба,,2025-01-25 06:03:05.520729,https://www.homes.bg/api/offers??currencyId=1&filterOrderBy=0&locationId=0&typeId=LandAgro,2241,,3.0,[],земеделска земя
17944,la,https://homes.bg/offer/zemya-za-prodazhba/zemedelska-zemya-5080m2-veliko-tyrnovo-vilna-zona/la17944,," Вилна Зона, Велико Търново","Земеделска земя, 5080m²","Категория 4, Нива",1,"['https://homes.bg/2024-05-24_2/109758015', 'https://homes.bg/2022-07-18_2/86279545', 'https://homes.bg/2023-03-14_2/96221745']",5000.0,EUR,0 EUR/m²,,,False, продажба,,2025-01-25 06:03:05.520742,https://www.homes.bg/api/offers??currencyId=1&filterOrderBy=0&locationId=0&typeId=LandAgro,2241,,3.0,[],земеделска земя
22601,la,https://homes.bg/offer/zemya-za-prodazhba/zemedelska-zemya-5100m2-sevlievo-gr.sevlievo/la22601,,"гр.Севлиево, Севлиево","Земеделска земя, 5100m²","Категория 4, Нива",1,"['https://homes.bg/2021-03-22_2/62028604', 'https://homes.bg/2021-03-22_2/62028588', 'https://homes.bg/2021-03-22_2/62028596', 'https://homes.bg/2022-07-18_2/86279542']",0.0,EUR,0 EUR/m²,,,False, продажба,,2025-01-25 06:03:05.520755,https://www.homes.bg/api/offers??currencyId=1&filterOrderBy=0&locationId=0&typeId=LandAgro,2241,,4.0,[],земеделска земя
34747,la,https://homes.bg/offer/zemya-za-prodazhba/zemedelska-zemya-9600m2-marica-s.yasno-pole/la34747,,"с.Ясно Поле, Марица","Земеделска земя, 9600m²","Категория 3, Нива",1,"['https://homes.bg/2025-01-14_1/112660118', 'https://homes.bg/2025-01-14_1/112660119', 'https://homes.bg/2025-01-14_1/112660120', 'https://homes.bg/2025-01-14_1/112660121']",53000.0,ЛЕВА,5 ЛЕВА/m²,,,False, продажба,,2025-01-25 06:03:05.520768,https://www.homes.bg/api/offers??currencyId=1&filterOrderBy=0&locationId=0&typeId=LandAgro,2241,,4.0,[],земеделска земя
34767,la,https://homes.bg/offer/zemya-za-prodazhba/zemedelska-zemya-1500m2-samokov-s.raduil/la34767,,"с.Радуил, Самоков","Земеделска земя, 1500m²","Категория 8, Ливада",1,[],25000.0,EUR,16 EUR/m²,,,False, продажба,,2025-01-25 06:03:05.520778,https://www.homes.bg/api/offers??currencyId=1&filterOrderBy=0&locationId=0&typeId=LandAgro,2241,,0.0,[],земеделска земя
34766,la,https://homes.bg/offer/zemya-za-prodazhba/zemedelska-zemya-3000m2-samokov-s.raduil/la34766,,"с.Радуил, Самоков","Земеделска земя, 3000m²","Категория 8, Ливада",1,[],45000.0,EUR,15 EUR/m²,,,False, продажба,,2025-01-25 06:03:05.520789,https://www.homes.bg/api/offers??currencyId=1&filterOrderBy=0&locationId=0&typeId=LandAgro,2241,,0.0,[],земеделска земя
20220,la,https://homes.bg/offer/zemya-za-prodazhba/zemedelska-zemya-40000m2-smolyan-s.smilyan/la20220,,"с.Смилян, Смолян","Земеделска земя, 40000m²",Гора,1,"['https://homes.bg/2018-08-09_2/27438967', 'https://homes.bg/2018-08-09_2/27438969', 'https://homes.bg/2018-08-09_2/27438965', 'https://homes.bg/2018-08-09_2/27438970']",480000.0,ЛЕВА,12 ЛЕВА/m²,,,False, продажба,,2025-01-25 06:03:05.520802,https://www.homes.bg/api/offers??currencyId=1&filterOrderBy=0&locationId=0&typeId=LandAgro,2241,,4.0,[],земеделска земя
22398,la,https://homes.bg/offer/zemya-za-prodazhba/zemedelska-zemya-24168m2-smolyan-s.smilyan/la22398,,"с.Смилян, Смолян","Земеделска земя, 24168m²",Ливада,1,['https://homes.bg/2020-09-25_1/54613919'],49500.0,ЛЕВА,2 ЛЕВА/m²,,,False, продажба,,2025-01-25 06:03:05.520813,https://www.homes.bg/api/offers??currencyId=1&filterOrderBy=0&locationId=0&typeId=LandAgro,2241,,1.0,[],земеделска земя
24605,la,https://homes.bg/offer/zemya-za-prodazhba/zemedelska-zemya-7020m2-plovdiv-kv.-proslav/la24605,,"кв. Прослав, Пловдив","Земеделска земя, 7020m²","Категория 4, Нива",1,['https://homes.bg/2023-03-14_2/96219764'],70200.0,EUR,10 EUR/m²,,,False, продажба,,2025-01-25 06:03:05.520824,https://www.homes.bg/api/offers??currencyId=1&filterOrderBy=0&locationId=0&typeId=LandAgro,2241,,1.0,[],земеделска земя
23357,la,https://homes.bg/offer/zemya-za-prodazhba/zemedelska-zemya-3333m2-marica-s.trud/la23357,,"с.Труд, Марица","Земеделска земя, 3333m²","Категория 6, Нива",1,['https://homes.bg/2021-12-13_2/78025610'],26900.0,EUR,8 EUR/m²,,,False, продажба,,2025-01-25 06:03:05.521869,https://www.homes.bg/api/offers??currencyId=1&filterOrderBy=0&locationId=0&typeId=LandAgro,2241,,1.0,[],земеделска земя
34765,la,https://homes.bg/offer/zemya-za-prodazhba/zemedelska-zemya-4751m2-plovdiv-s.krumovo/la34765,,"с.Крумово, Пловдив","Земеделска земя, 4751m²",Друго,1,['https://homes.bg/2025-01-23_1/112788559'],143000.0,EUR,30 EUR/m²,,,False, продажба,,2025-01-25 06:03:05.521904,https://www.homes.bg/api/offers??currencyId=1&filterOrderBy=0&locationId=0&typeId=LandAgro,2241,,1.0,[],земеделска земя
26588,la,https://homes.bg/offer/zemya-za-prodazhba/zemedelska-zemya-38822m2-burgas-burgas/la26588,,"Бургас, Бургас","Земеделска земя, 38822m²",,1,['https://homes.bg/2023-10-03_1/105136800'],1941100.0,EUR,50 EUR/m²,,,False, продажба,,2025-01-25 06:03:05.521929,https://www.homes.bg/api/offers??currencyId=1&filterOrderBy=0&locationId=0&typeId=LandAgro,2241,,1.0,[],земеделска земя
33634,la,https://homes.bg/offer/zemya-za-prodazhba/zemedelska-zemya-8163m2-burgas-s.lozenec/la33634,,"с.Лозенец, Бургас","Земеделска земя, 8163m²",,1,"['https://homes.bg/2023-12-05_1/107516971', 'https://homes.bg/2023-12-05_1/107516972']",129700.0,EUR,15 EUR/m²,,,False, продажба,,2025-01-25 06:03:05.521941,https://www.homes.bg/api/offers??currencyId=1&filterOrderBy=0&locationId=0&typeId=LandAgro,2241,,2.0,[],земеделска земя
34764,la,https://homes.bg/offer/zemya-za-prodazhba/zemedelska-zemya-3500m2-sofijska-s.hrabyrsko/la34764,,"с.Храбърско, Софийска","Земеделска земя, 3500m²",,1,"['https://homes.bg/2025-01-23_1/112787660', 'https://homes.bg/2025-01-23_1/112787661']",70000.0,EUR,20 EUR/m²,,,False, продажба,,2025-01-25 06:03:05.521953,https://www.homes.bg/api/offers??currencyId=1&filterOrderBy=0&locationId=0&typeId=LandAgro,2241,,2.0,[],земеделска земя
34548,la,https://homes.bg/offer/zemya-za-prodazhba/zemedelska-zemya-6898m2-sofijska-s.hrabyrsko/la34548,,"с.Храбърско, Софийска","Земеделска земя, 6898m²",,1,['https://homes.bg/2024-10-31_1/111852168'],138000.0,EUR,20 EUR/m²,,,False, продажба,,2025-01-25 06:03:05.521963,https://www.homes.bg/api/offers??currencyId=1&filterOrderBy=0&locationId=0&typeId=LandAgro,2241,,1.0,[],земеделска земя
24811,la,https://homes.bg/offer/zemya-za-prodazhba/zemedelska-zemya-20027m2-burgas-zhk.-izgrev/la24811,,"жк. Изгрев, Бургас","Земеделска земя, 20027m²",,1,"['https://homes.bg/2023-05-24_1/99643753', 'https://homes.bg/2023-05-24_1/99643755']",2122900.0,EUR,106 EUR/m²,,,False, продажба,,2025-01-25 06:03:05.521973,https://www.homes.bg/api/offers??currencyId=1&filterOrderBy=0&locationId=0&typeId=LandAgro,2241,,2.0,[],земеделска земя
33708,la,https://homes.bg/offer/zemya-za-prodazhba/zemedelska-zemya-3393m2-plovdiv-kv.-komatevo/la33708,,"кв. Коматево, Пловдив","Земеделска земя, 3393m²",,1,['https://homes.bg/2024-01-10_1/107838417'],136000.0,EUR,40 EUR/m²,,,False, продажба,,2025-01-25 06:03:05.521984,https://www.homes.bg/api/offers??currencyId=1&filterOrderBy=0&locationId=0&typeId=LandAgro,2241,,1.0,[],земеделска земя
33638,la,https://homes.bg/offer/zemya-za-prodazhba/zemedelska-zemya-5007m2-burgas-s.velika/la33638,,"с.Велика, Бургас","Земеделска земя, 5007m²",,1,"['https://homes.bg/2023-12-06_1/107534906', 'https://homes.bg/2023-12-06_1/107534907']",109700.0,EUR,21 EUR/m²,,,False, продажба,,2025-01-25 06:03:05.521994,https://www.homes.bg/api/offers??currencyId=1&filterOrderBy=0&locationId=0&typeId=LandAgro,2241,,2.0,[],земеделска земя
33639,la,https://homes.bg/offer/zemya-za-prodazhba/zemedelska-zemya-9005m2-burgas-s.lozenec/la33639,,"с.Лозенец, Бургас","Земеделска земя, 9005m²",,1,"['https://homes.bg/2023-12-06_1/107534908', 'https://homes.bg/2023-12-06_1/107534909']",191700.0,EUR,21 EUR/m²,,,False, продажба,,2025-01-25 06:03:05.522005,https://www.homes.bg/api/offers??currencyId=1&filterOrderBy=0&locationId=0&typeId=LandAgro,2241,,2.0,[],земеделска земя
34763,la,https://homes.bg/offer/zemya-za-prodazhba/zemedelska-zemya-20000m2-marica-s.manolsko-konare/la34763,,"с.Манолско Конаре, Марица","Земеделска земя, 20000m²","Категория 5, Друго",1,"['https://homes.bg/2025-01-22_2/112772716', 'https://homes.bg/2025-01-22_2/112772717', 'https://homes.bg/2025-01-22_2/112772718']",55000.0,ЛЕВА,2 ЛЕВА/m²,,,False, продажба,,2025-01-25 06:03:05.522015,https://www.homes.bg/api/offers??currencyId=1&filterOrderBy=0&locationId=0&typeId=LandAgro,2241,,3.0,[],земеделска земя
34762,la,https://homes.bg/offer/zemya-za-prodazhba/zemedelska-zemya-20000m2-dobrich-s.telerig/la34762,,"с.Телериг, Добрич","Земеделска земя, 20000m²","Категория 3, Овощна градина",1,"['https://homes.bg/2025-01-22_2/112776921', 'https://homes.bg/2025-01-22_2/112776923']",50000.0,ЛЕВА,2 ЛЕВА/m²,,,False, продажба,,2025-01-25 06:03:05.522026,https://www.homes.bg/api/offers??currencyId=1&filterOrderBy=0&locationId=0&typeId=LandAgro,2241,,2.0,[],земеделска земя
23375,la,https://homes.bg/offer/zemya-za-prodazhba/zemedelska-zemya-5800m2-rodopi-s.belashtica/la23375,,"с.Белащица, Родопи","Земеделска земя, 5800m²","Категория 3, Нива",1,"['https://homes.bg/2021-12-19_2/78267310', 'https://homes.bg/2021-12-19_2/78267311', 'https://homes.bg/2021-12-19_2/78267312', 'https://homes.bg/2021-12-19_2/78267313', 'https://homes.bg/2021-12-19_2/78267314']",148000.0,EUR,25 EUR/m²,,,False, продажба,,2025-01-25 06:03:05.522038,https://www.homes.bg/api/offers??currencyId=1&filterOrderBy=0&locationId=0&typeId=LandAgro,2241,,5.0,[],земеделска земя
19842,la,https://homes.bg/offer/zemya-za-prodazhba/zemedelska-zemya-4579m2-rodopi-s.belashtica/la19842,,"с.Белащица, Родопи","Земеделска земя, 4579m²",Нива,1,"['https://homes.bg/2018-04-25_1/22981311', 'https://homes.bg/2018-04-25_1/22981312', 'https://homes.bg/2021-12-14_2/78065208', 'https://homes.bg/2021-12-14_2/78065209']",205000.0,EUR,44 EUR/m²,,,False, продажба,,2025-01-25 06:03:05.522050,https://www.homes.bg/api/offers??currencyId=1&filterOrderBy=0&locationId=0&typeId=LandAgro,2241,,4.0,[],земеделска земя
23478,la,https://homes.bg/offer/zemya-za-prodazhba/zemedelska-zemya-2150m2-rodopi-s.belashtica/la23478,,"с.Белащица, Родопи","Земеделска земя, 2150m²",Нива,1,"['https://homes.bg/2022-02-09_2/80076395', 'https://homes.bg/2022-02-09_2/80076396', 'https://homes.bg/2022-02-09_2/80076397', 'https://homes.bg/2022-02-09_2/80076398', 'https://homes.bg/2022-02-09_2/80076399']",50500.0,EUR,23 EUR/m²,,,False, продажба,,2025-01-25 06:03:05.522062,https://www.homes.bg/api/offers??currencyId=1&filterOrderBy=0&locationId=0&typeId=LandAgro,2241,,5.0,[],земеделска земя
23261,la,https://homes.bg/offer/zemya-za-prodazhba/zemedelska-zemya-2750m2-rodopi-s.markovo/la23261,,"с.Марково, Родопи","Земеделска земя, 2750m²","Категория 4, Лозе",1,"['https://homes.bg/2021-11-02_1/76389309', 'https://homes.bg/2021-11-02_1/76389310', 'https://homes.bg/2021-11-02_1/76389311']",56600.0,EUR,20 EUR/m²,,,False, продажба,,2025-01-25 06:03:05.522073,https://www.homes.bg/api/offers??currencyId=1&filterOrderBy=0&locationId=0&typeId=LandAgro,2241,,3.0,[],земеделска земя
21528,la,https://homes.bg/offer/zemya-za-prodazhba/zemedelska-zemya-5000m2-plovdiv-s.markovo/la21528,,"с.Марково, Пловдив","Земеделска земя, 5000m²","Категория 4, Нива",1,"['https://homes.bg/2019-11-05_2/44529188', 'https://homes.bg/2019-11-05_2/44529189', 'https://homes.bg/2019-11-05_2/44529190']",51000.0,EUR,10 EUR/m²,,,False, продажба,,2025-01-25 06:03:05.522083,https://www.homes.bg/api/offers??currencyId=1&filterOrderBy=0&locationId=0&typeId=LandAgro,2241,,3.0,[],земеделска земя
19623,la,https://homes.bg/offer/zemya-za-prodazhba/zemedelska-zemya-681m2-plovdiv-s.markovo/la19623,,"с.Марково, Пловдив","Земеделска земя, 681m²",Нива,1,"['https://homes.bg/2018-02-16_1/21144429', 'https://homes.bg/2018-02-16_1/21144434']",17000.0,EUR,24 EUR/m²,,,False, продажба,,2025-01-25 06:03:05.522094,https://www.homes.bg/api/offers??currencyId=1&filterOrderBy=0&locationId=0&typeId=LandAgro,2241,,2.0,[],земеделска земя
21555,la,https://homes.bg/offer/zemya-za-prodazhba/zemedelska-zemya-6000m2-plovdiv-s.markovo/la21555,,"с.Марково, Пловдив","Земеделска земя, 6000m²",Нива,1,[],90000.0,EUR,15 EUR/m²,,,False, продажба,,2025-01-25 06:03:05.522103,https://www.homes.bg/api/offers??currencyId=1&filterOrderBy=0&locationId=0&typeId=LandAgro,2241,,0.0,[],земеделска земя
23512,la,https://homes.bg/offer/zemya-za-prodazhba/zemedelska-zemya-2900m2-rodopi-s.markovo/la23512,,"с.Марково, Родопи","Земеделска земя, 2900m²","Категория 4, Лозе",1,"['https://homes.bg/2022-02-17_1/80317254', 'https://homes.bg/2022-02-17_1/80317255', 'https://homes.bg/2022-02-17_1/80317256']",60000.0,EUR,20 EUR/m²,,,False, продажба,,2025-01-25 06:03:05.522114,https://www.homes.bg/api/offers??currencyId=1&filterOrderBy=0&locationId=0&typeId=LandAgro,2241,,3.0,[],земеделска земя
19493,la,https://homes.bg/offer/zemya-za-prodazhba/zemedelska-zemya-20000m2-plovdiv-industrialna-zona---iztok/la19493,," Индустриална зона - Изток, Пловдив","Земеделска земя, 20000m²","Категория 5, Нива",1,['https://homes.bg/2018-01-12_2/20119251'],300000.0,EUR,15 EUR/m²,,,False, продажба,,2025-01-25 06:03:05.522124,https://www.homes.bg/api/offers??currencyId=1&filterOrderBy=0&locationId=0&typeId=LandAgro,2241,,1.0,[],земеделска земя
20728,la,https://homes.bg/offer/zemya-za-prodazhba/zemedelska-zemya-5600m2-plovdiv-kv.-belomorski/la20728,,"кв. Беломорски, Пловдив","Земеделска земя, 5600m²",Нива,1,[],89600.0,EUR,16 EUR/m²,,,False, продажба,,2025-01-25 06:03:05.522134,https://www.homes.bg/api/offers??currencyId=1&filterOrderBy=0&locationId=0&typeId=LandAgro,2241,,0.0,[],земеделска земя
20255,la,https://homes.bg/offer/zemya-za-prodazhba/zemedelska-zemya-29000m2-plovdiv-industrialna-zona---sever/la20255,," Индустриална зона - Север, Пловдив","Земеделска земя, 29000m²","Категория 3, Овощна градина",1,[],522000.0,EUR,18 EUR/m²,,,False, продажба,,2025-01-25 06:03:05.522144,https://www.homes.bg/api/offers??currencyId=1&filterOrderBy=0&locationId=0&typeId=LandAgro,2241,,0.0,[],земеделска земя
34354,la,https://homes.bg/offer/zemya-za-prodazhba/zemedelska-zemya-930m2-stambolijski-s.joakim-gruevo/la34354,,"с.Йоаким-Груево, Стамболийски","Земеделска земя, 930m²","Категория 4, Нива",1,"['https://homes.bg/2024-07-31_1/110641028', 'https://homes.bg/2024-07-31_1/110641029']",7000.0,ЛЕВА,7 ЛЕВА/m²,,,False, продажба,,2025-01-25 06:03:05.522154,https://www.homes.bg/api/offers??currencyId=1&filterOrderBy=0&locationId=0&typeId=LandAgro,2241,,2.0,[],земеделска земя
34355,la,https://homes.bg/offer/zemya-za-prodazhba/zemedelska-zemya-1160m2-kuklen-s.ruen/la34355,,"с.Руен, Куклен","Земеделска земя, 1160m²","Категория 4, Нива",1,"['https://homes.bg/2024-07-31_2/110641475', 'https://homes.bg/2024-07-31_2/110641476', 'https://homes.bg/2024-07-31_2/110641477']",7000.0,ЛЕВА,6 ЛЕВА/m²,,,False, продажба,,2025-01-25 06:03:05.522165,https://www.homes.bg/api/offers??currencyId=1&filterOrderBy=0&locationId=0&typeId=LandAgro,2241,,3.0,[],земеделска земя
21353,la,https://homes.bg/offer/zemya-za-prodazhba/zemedelska-zemya-7800m2-plovdiv-industrialna-zona---sever/la21353,," Индустриална зона - Север, Пловдив","Земеделска земя, 7800m²",Нива,1,['https://homes.bg/2019-09-09_1/42322245'],77800.0,EUR,9 EUR/m²,,,False, продажба,,2025-01-25 06:03:05.522175,https://www.homes.bg/api/offers??currencyId=1&filterOrderBy=0&locationId=0&typeId=LandAgro,2241,,1.0,[],земеделска земя
19794,la,https://homes.bg/offer/zemya-za-prodazhba/zemedelska-zemya-2308m2-plovdiv-kv.-proslav/la19794,,"кв. Прослав, Пловдив","Земеделска земя, 2308m²","Категория 4, Нива",1,"['https://homes.bg/2018-04-09_2/22516525', 'https://homes.bg/2018-04-09_2/22516526']",159000.0,EUR,68 EUR/m²,,,False, продажба,,2025-01-25 06:03:05.522186,https://www.homes.bg/api/offers??currencyId=1&filterOrderBy=0&locationId=0&typeId=LandAgro,2241,,2.0,[],земеделска земя
23061,la,https://homes.bg/offer/zemya-za-prodazhba/zemedelska-zemya-36600m2-plovdiv-industrialna-zona---sever/la23061,," Индустриална зона - Север, Пловдив","Земеделска земя, 36600m²","Категория 4, Овощна градина",1,"['https://homes.bg/2021-07-13_2/70412548', 'https://homes.bg/2021-07-13_2/70412552', 'https://homes.bg/2021-07-13_2/70412554', 'https://homes.bg/2021-07-13_2/70412557']",1110000.0,EUR,30 EUR/m²,,,False, продажба,,2025-01-25 06:03:05.522197,https://www.homes.bg/api/offers??currencyId=1&filterOrderBy=0&locationId=0&typeId=LandAgro,2241,,4.0,[],земеделска земя
21573,la,https://homes.bg/offer/zemya-za-prodazhba/zemedelska-zemya-7500m2-plovdiv-kv.-proslav/la21573,,"кв. Прослав, Пловдив","Земеделска земя, 7500m²","Категория 4, Нива",1,"['https://homes.bg/2019-11-18_2/45039218', 'https://homes.bg/2019-11-18_2/45039221']",166000.0,EUR,22 EUR/m²,,,False, продажба,,2025-01-25 06:03:05.522208,https://www.homes.bg/api/offers??currencyId=1&filterOrderBy=0&locationId=0&typeId=LandAgro,2241,,2.0,[],земеделска земя
20225,la,https://homes.bg/offer/zemya-za-prodazhba/zemedelska-zemya-3100m2-plovdiv-industrialna-zona---jug/la20225,," Индустриална зона - Юг, Пловдив","Земеделска земя, 3100m²",Нива,1,['https://homes.bg/2018-08-12_1/27599393'],68200.0,EUR,22 EUR/m²,,,False, продажба,,2025-01-25 06:03:05.522219,https://www.homes.bg/api/offers??currencyId=1&filterOrderBy=0&locationId=0&typeId=LandAgro,2241,,1.0,[],земеделска земя
21697,la,https://homes.bg/offer/zemya-za-prodazhba/zemedelska-zemya-3000m2-plovdiv-industrialna-zona---jug/la21697,," Индустриална зона - Юг, Пловдив","Земеделска земя, 3000m²","Категория 4, Овощна градина",1,[],137000.0,EUR,45 EUR/m²,,,False, продажба,,2025-01-25 06:03:05.522228,https://www.homes.bg/api/offers??currencyId=1&filterOrderBy=0&locationId=0&typeId=LandAgro,2241,,0.0,[],земеделска земя
21572,la,https://homes.bg/offer/zemya-za-prodazhba/zemedelska-zemya-3700m2-plovdiv-kv.-proslav/la21572,,"кв. Прослав, Пловдив","Земеделска земя, 3700m²","Категория 4, Нива",1,"['https://homes.bg/2019-11-18_2/45038840', 'https://homes.bg/2019-11-18_2/45038844']",33800.0,EUR,9 EUR/m²,,,False, продажба,,2025-01-25 06:03:05.522238,https://www.homes.bg/api/offers??currencyId=1&filterOrderBy=0&locationId=0&typeId=LandAgro,2241,,2.0,[],земеделска земя
21588,la,https://homes.bg/offer/zemya-za-prodazhba/zemedelska-zemya-5000m2-plovdiv-industrialna-zona---sever/la21588,," Индустриална зона - Север, Пловдив","Земеделска земя, 5000m²","Категория 2, Нива",1,[],72000.0,EUR,14 EUR/m²,,,False, продажба,,2025-01-25 06:03:05.522247,https://www.homes.bg/api/offers??currencyId=1&filterOrderBy=0&locationId=0&typeId=LandAgro,2241,,0.0,[],земеделска земя
23370,la,https://homes.bg/offer/zemya-za-prodazhba/zemedelska-zemya-1500m2-plovdiv-zhk-juzhen/la23370,,"жк Южен, Пловдив","Земеделска земя, 1500m²","Категория 3, Нива",1,"['https://homes.bg/2021-12-16_2/78154503', 'https://homes.bg/2021-12-16_2/78154506', 'https://homes.bg/2021-12-16_2/78154508', 'https://homes.bg/2021-12-16_2/78154510', 'https://homes.bg/2021-12-16_2/78154513']",24600.0,EUR,16 EUR/m²,,,False, продажба,,2025-01-25 06:03:05.522259,https://www.homes.bg/api/offers??currencyId=1&filterOrderBy=0&locationId=0&typeId=LandAgro,2241,,5.0,[],земеделска земя
22470,la,https://homes.bg/offer/zemya-za-prodazhba/zemedelska-zemya-1500m2-plovdiv-kv.-proslav/la22470,,"кв. Прослав, Пловдив","Земеделска земя, 1500m²",Нива,1,"['https://homes.bg/2021-12-13_2/78025416', 'https://homes.bg/2021-12-13_2/78025417', 'https://homes.bg/2021-12-13_2/78025418']",37000.0,ЛЕВА,24 ЛЕВА/m²,,,False, продажба,,2025-01-25 06:03:05.522269,https://www.homes.bg/api/offers??currencyId=1&filterOrderBy=0&locationId=0&typeId=LandAgro,2241,,3.0,[],земеделска земя
19999,la,https://homes.bg/offer/zemya-za-prodazhba/zemedelska-zemya-6500m2-plovdiv-industrialna-zona---jug/la19999,," Индустриална зона - Юг, Пловдив","Земеделска земя, 6500m²","Категория 3, Нива",1,['https://homes.bg/2018-06-04_1/24382546'],130000.0,EUR,20 EUR/m²,,,False, продажба,,2025-01-25 06:03:05.522280,https://www.homes.bg/api/offers??currencyId=1&filterOrderBy=0&locationId=0&typeId=LandAgro,2241,,1.0,[],земеделска земя
23532,la,https://homes.bg/offer/zemya-za-prodazhba/zemedelska-zemya-28800m2-plovdiv-zhk.-zaharna-fabrika/la23532,,"жк. Захарна фабрика, Пловдив","Земеделска земя, 28800m²","Категория 4, Нива",1,"['https://homes.bg/2022-02-22_2/80357016', 'https://homes.bg/2022-02-22_2/80357019', 'https://homes.bg/2022-02-22_2/80357021']",730000.0,EUR,25 EUR/m²,,,False, продажба,,2025-01-25 06:03:05.522291,https://www.homes.bg/api/offers??currencyId=1&filterOrderBy=0&locationId=0&typeId=LandAgro,2241,,3.0,[],земеделска земя
22669,la,https://homes.bg/offer/zemya-za-prodazhba/zemedelska-zemya-4000m2-plovdiv-kv.-komatevo/la22669,,"кв. Коматево, Пловдив","Земеделска земя, 4000m²","Категория 4, Нива",1,"['https://homes.bg/2021-02-12_2/60024604', 'https://homes.bg/2021-02-12_2/60024607', 'https://homes.bg/2021-02-12_2/60024609']",69000.0,EUR,17 EUR/m²,,,False, продажба,,2025-01-25 06:03:05.522302,https://www.homes.bg/api/offers??currencyId=1&filterOrderBy=0&locationId=0&typeId=LandAgro,2241,,3.0,[],земеделска земя
20606,la,https://homes.bg/offer/zemya-za-prodazhba/zemedelska-zemya-28800m2-plovdiv-kv.-proslav/la20606,,"кв. Прослав, Пловдив","Земеделска земя, 28800m²","Категория 4, Нива",1,"['https://homes.bg/2018-12-13_1/32089653', 'https://homes.bg/2018-12-13_1/32089654']",725000.0,EUR,25 EUR/m²,,,False, продажба,,2025-01-25 06:03:05.522313,https://www.homes.bg/api/offers??currencyId=1&filterOrderBy=0&locationId=0&typeId=LandAgro,2241,,2.0,[],земеделска земя
21511,la,https://homes.bg/offer/zemya-za-prodazhba/zemedelska-zemya-8700m2-plovdiv-s.branipole/la21511,,"с.Браниполе, Пловдив","Земеделска земя, 8700m²","Категория 4, Овощна градина",1,['https://homes.bg/2019-11-03_2/44515477'],157400.0,EUR,18 EUR/m²,,,False, продажба,,2025-01-25 06:03:05.522323,https://www.homes.bg/api/offers??currencyId=1&filterOrderBy=0&locationId=0&typeId=LandAgro,2241,,1.0,[],земеделска земя
21519,la,https://homes.bg/offer/zemya-za-prodazhba/zemedelska-zemya-41000m2-marica-s.zhelyazno/la21519,,"с.Желязно, Марица","Земеделска земя, 41000m²","Категория 4, Нива",1,"['https://homes.bg/2019-11-04_1/44519180', 'https://homes.bg/2019-11-04_1/44519181', 'https://homes.bg/2019-11-04_1/44519182']",287000.0,EUR,7 EUR/m²,,,False, продажба,,2025-01-25 06:03:05.522333,https://www.homes.bg/api/offers??currencyId=1&filterOrderBy=0&locationId=0&typeId=LandAgro,2241,,3.0,[],земеделска земя
22689,la,https://homes.bg/offer/zemya-za-prodazhba/zemedelska-zemya-2170m2-rodopi-s.branipole/la22689,,"с.Браниполе, Родопи","Земеделска земя, 2170m²","Категория 4, Нива",1,"['https://homes.bg/2021-02-22_2/60713527', 'https://homes.bg/2021-02-22_2/60713529', 'https://homes.bg/2021-02-22_2/60713532']",44000.0,EUR,20 EUR/m²,,,False, продажба,,2025-01-25 06:03:05.522344,https://www.homes.bg/api/offers??currencyId=1&filterOrderBy=0&locationId=0&typeId=LandAgro,2241,,3.0,[],земеделска земя
21493,la,https://homes.bg/offer/zemya-za-prodazhba/zemedelska-zemya-2000m2-plovdiv-s.pyrvenec/la21493,,"с.Първенец, Пловдив","Земеделска земя, 2000m²","Категория 4, Лозе",1,"['https://homes.bg/2019-11-01_1/44503154', 'https://homes.bg/2019-11-01_1/44503155']",33000.0,EUR,16 EUR/m²,,,False, продажба,,2025-01-25 06:03:05.522354,https://www.homes.bg/api/offers??currencyId=1&filterOrderBy=0&locationId=0&typeId=LandAgro,2241,,2.0,[],земеделска земя
21565,la,https://homes.bg/offer/zemya-za-prodazhba/zemedelska-zemya-24000m2-plovdiv-s.trilistnik/la21565,,"с.Трилистник, Пловдив","Земеделска земя, 24000m²","Категория 4, Нива",1,"['https://homes.bg/2019-11-17_2/44985792', 'https://homes.bg/2019-11-17_2/44985793']",350000.0,EUR,14 EUR/m²,,,False, продажба,,2025-01-25 06:03:05.522364,https://www.homes.bg/api/offers??currencyId=1&filterOrderBy=0&locationId=0&typeId=LandAgro,2241,,2.0,[],земеделска земя
22681,la,https://homes.bg/offer/zemya-za-prodazhba/zemedelska-zemya-4700m2-rodopi-s.orizari/la22681,,"с.Оризари, Родопи","Земеделска земя, 4700m²","Категория 4, Нива",1,"['https://homes.bg/2021-02-17_2/60370144', 'https://homes.bg/2021-02-17_2/60370146', 'https://homes.bg/2021-02-17_2/60370149', 'https://homes.bg/2021-02-17_2/60370151', 'https://homes.bg/2021-02-17_2/60370155', 'https://homes.bg/2021-02-17_2/60370159']",125000.0,EUR,26 EUR/m²,,,False, продажба,,2025-01-25 06:03:05.522377,https://www.homes.bg/api/offers??currencyId=1&filterOrderBy=0&locationId=0&typeId=LandAgro,2241,,6.0,[],земеделска земя
19427,la,https://homes.bg/offer/zemya-za-prodazhba/zemedelska-zemya-2559m2-plovdiv-s.brestnik/la19427,,"с.Брестник, Пловдив","Земеделска земя, 2559m²","Категория 3, Нива",1,"['https://homes.bg/2017-12-03_2/18748813', 'https://homes.bg/2017-12-03_2/18748814']",37106.0,EUR,14 EUR/m²,,,False, продажба,,2025-01-25 06:03:05.522387,https://www.homes.bg/api/offers??currencyId=1&filterOrderBy=0&locationId=0&typeId=LandAgro,2241,,2.0,[],земеделска земя
23497,la,https://homes.bg/offer/zemya-za-prodazhba/zemedelska-zemya-8800m2-marica-s.dink/la23497,,"с.Динк, Марица","Земеделска земя, 8800m²",Нива,1,"['https://homes.bg/2022-02-13_2/80221385', 'https://homes.bg/2022-02-13_2/80221386', 'https://homes.bg/2022-02-13_2/80221387']",45200.0,EUR,5 EUR/m²,,,False, продажба,,2025-01-25 06:03:05.522410,https://www.homes.bg/api/offers??currencyId=1&filterOrderBy=0&locationId=0&typeId=LandAgro,2241,,3.0,[],земеделска земя
21178,la,https://homes.bg/offer/zemya-za-prodazhba/zemedelska-zemya-2680m2-rodopi-s.brestnik/la21178,,"с.Брестник, Родопи","Земеделска земя, 2680m²","Категория 4, Нива",1,"['https://homes.bg/2020-03-15_2/49764007', 'https://homes.bg/2020-03-15_2/49764008', 'https://homes.bg/2020-03-15_2/49764009']",54200.0,EUR,20 EUR/m²,,,False, продажба,,2025-01-25 06:03:05.522422,https://www.homes.bg/api/offers??currencyId=1&filterOrderBy=0&locationId=0&typeId=LandAgro,2241,,3.0,[],земеделска земя
21850,la,https://homes.bg/offer/zemya-za-prodazhba/zemedelska-zemya-16200m2-plovdiv-s.radinovo/la21850,,"с.Радиново, Пловдив","Земеделска земя, 16200m²",Нива,1,"['https://homes.bg/2020-02-21_1/49057969', 'https://homes.bg/2020-02-21_1/49057972']",197000.0,EUR,12 EUR/m²,,,False, продажба,,2025-01-25 06:03:05.522432,https://www.homes.bg/api/offers??currencyId=1&filterOrderBy=0&locationId=0&typeId=LandAgro,2241,,2.0,[],земеделска земя
18389,la,https://homes.bg/offer/zemya-za-prodazhba/zemedelska-zemya-1360m2-plovdiv-kv.-gaganica/la18389,,"кв. Гаганица, Пловдив","Земеделска земя, 1360m²",Нива,1,"['https://homes.bg/2017-01-01_2/8653963', 'https://homes.bg/2017-01-01_2/8653964']",27200.0,EUR,20 EUR/m²,,,False, продажба,,2025-01-25 06:03:05.522444,https://www.homes.bg/api/offers??currencyId=1&filterOrderBy=0&locationId=0&typeId=LandAgro,2241,,2.0,[],земеделска земя
22668,la,https://homes.bg/offer/zemya-za-prodazhba/zemedelska-zemya-3930m2-rodopi-s.markovo/la22668,,"с.Марково, Родопи","Земеделска земя, 3930m²","Категория 4, Нива",1,"['https://homes.bg/2021-02-12_2/60024128', 'https://homes.bg/2021-02-12_2/60024131', 'https://homes.bg/2021-02-12_2/60024133']",68000.0,EUR,17 EUR/m²,,,False, продажба,,2025-01-25 06:03:05.522455,https://www.homes.bg/api/offers??currencyId=1&filterOrderBy=0&locationId=0&typeId=LandAgro,2241,,3.0,[],земеделска земя
19413,la,https://homes.bg/offer/zemya-za-prodazhba/zemedelska-zemya-5410m2-hisarya-s.chernichevo/la19413,,"с.Черничево, Хисаря","Земеделска земя, 5410m²","Категория 4, Нива",1,"['https://homes.bg/2017-12-01_2/18710741', 'https://homes.bg/2017-12-01_2/18710742']",15500.0,EUR,2 EUR/m²,,,False, продажба,,2025-01-25 06:03:05.522466,https://www.homes.bg/api/offers??currencyId=1&filterOrderBy=0&locationId=0&typeId=LandAgro,2241,,2.0,[],земеделска земя
21521,la,https://homes.bg/offer/zemya-za-prodazhba/zemedelska-zemya-1890m2-plovdiv-s.brestnik/la21521,,"с.Брестник, Пловдив","Земеделска земя, 1890m²","Категория 1, Нива",1,"['https://homes.bg/2019-11-05_1/44528707', 'https://homes.bg/2019-11-05_1/44528708']",47850.0,EUR,25 EUR/m²,,,False, продажба,,2025-01-25 06:03:05.522476,https://www.homes.bg/api/offers??currencyId=1&filterOrderBy=0&locationId=0&typeId=LandAgro,2241,,2.0,[],земеделска земя
21520,la,https://homes.bg/offer/zemya-za-prodazhba/zemedelska-zemya-9800m2-plovdiv-s.brestnik/la21520,,"с.Брестник, Пловдив","Земеделска земя, 9800m²","Категория 3, Нива",1,"['https://homes.bg/2019-11-05_1/44528695', 'https://homes.bg/2019-11-05_1/44528696']",376000.0,EUR,38 EUR/m²,,,False, продажба,,2025-01-25 06:03:05.522486,https://www.homes.bg/api/offers??currencyId=1&filterOrderBy=0&locationId=0&typeId=LandAgro,2241,,2.0,[],земеделска земя
21620,la,https://homes.bg/offer/zemya-za-prodazhba/zemedelska-zemya-2400m2-plovdiv-s.krumovo/la21620,,"с.Крумово, Пловдив","Земеделска земя, 2400m²",Нива,1,['https://homes.bg/2019-11-27_1/45429694'],11500.0,EUR,4 EUR/m²,,,False, продажба,,2025-01-25 06:03:05.522496,https://www.homes.bg/api/offers??currencyId=1&filterOrderBy=0&locationId=0&typeId=LandAgro,2241,,1.0,[],земеделска земя
23494,la,https://homes.bg/offer/zemya-za-prodazhba/zemedelska-zemya-5000m2-marica-s.vojvodinovo/la23494,,"с.Войводиново, Марица","Земеделска земя, 5000m²","Категория 5, Нива",1,"['https://homes.bg/2022-06-15_2/85022548', 'https://homes.bg/2022-02-11_2/80139242', 'https://homes.bg/2022-06-15_2/85022550', 'https://homes.bg/2022-06-15_2/85022549']",30700.0,EUR,6 EUR/m²,,,False, продажба,,2025-01-25 06:03:05.522507,https://www.homes.bg/api/offers??currencyId=1&filterOrderBy=0&locationId=0&typeId=LandAgro,2241,,4.0,[],земеделска земя
21515,la,https://homes.bg/offer/zemya-za-prodazhba/zemedelska-zemya-5500m2-plovdiv-s.markovo/la21515,,"с.Марково, Пловдив","Земеделска земя, 5500m²","Категория 4, Нива",1,"['https://homes.bg/2019-11-04_1/44519097', 'https://homes.bg/2019-11-04_1/44519098', 'https://homes.bg/2019-11-04_1/44519099']",44100.0,EUR,8 EUR/m²,,,False, продажба,,2025-01-25 06:03:05.522518,https://www.homes.bg/api/offers??currencyId=1&filterOrderBy=0&locationId=0&typeId=LandAgro,2241,,3.0,[],земеделска земя
23828,la,https://homes.bg/offer/zemya-za-prodazhba/zemedelska-zemya-6300m2-rodopi-s.markovo/la23828,,"с.Марково, Родопи","Земеделска земя, 6300m²","Категория 6, Лозе",1,"['https://homes.bg/2022-06-10_1/84784033', 'https://homes.bg/2022-06-10_1/84784034', 'https://homes.bg/2022-06-10_1/84784036']",108000.0,EUR,17 EUR/m²,,,False, продажба,,2025-01-25 06:03:05.522529,https://www.homes.bg/api/offers??currencyId=1&filterOrderBy=0&locationId=0&typeId=LandAgro,2241,,3.0,[],земеделска земя
18435,la,https://homes.bg/offer/zemya-za-prodazhba/zemedelska-zemya-3475m2-plovdiv-s.markovo/la18435,,"с.Марково, Пловдив","Земеделска земя, 3475m²",Нива,1,"['https://homes.bg/2020-02-25_2/49250431', 'https://homes.bg/2020-02-25_2/49250435']",107000.0,EUR,30 EUR/m²,,,False, продажба,,2025-01-25 06:03:05.522539,https://www.homes.bg/api/offers??currencyId=1&filterOrderBy=0&locationId=0&typeId=LandAgro,2241,,2.0,[],земеделска земя
22396,la,https://homes.bg/offer/zemya-za-prodazhba/zemedelska-zemya-22500m2-marica-s.vojvodinovo/la22396,,"с.Войводиново, Марица","Земеделска земя, 22500m²","Категория 4, Нива",1,"['https://homes.bg/2022-01-25_2/79441467', 'https://homes.bg/2022-01-25_2/79441468', 'https://homes.bg/2022-01-25_2/79441469']",68500.0,EUR,3 EUR/m²,,,False, продажба,,2025-01-25 06:03:05.522550,https://www.homes.bg/api/offers??currencyId=1&filterOrderBy=0&locationId=0&typeId=LandAgro,2241,,3.0,[],земеделска земя
24706,la,https://homes.bg/offer/zemya-za-prodazhba/zemedelska-zemya-30000m2-perushtica-gr.perushtica/la24706,,"гр.Перущица, Перущица","Земеделска земя, 30000m²","Категория 8, Овощна градина",1,[],85000.0,ЛЕВА,2 ЛЕВА/m²,,,False, продажба,,2025-01-25 06:03:05.522559,https://www.homes.bg/api/offers??currencyId=1&filterOrderBy=0&locationId=0&typeId=LandAgro,2241,,0.0,[],земеделска земя
23575,la,https://homes.bg/offer/zemya-za-prodazhba/zemedelska-zemya-1400m2-rodopi-s.brestnik/la23575,,"с.Брестник, Родопи","Земеделска земя, 1400m²","Категория 4, Овощна градина",1,"['https://homes.bg/2022-03-08_2/80861861', 'https://homes.bg/2022-03-08_2/80861862', 'https://homes.bg/2022-03-08_2/80861863']",25600.0,EUR,18 EUR/m²,,,False, продажба,,2025-01-25 06:03:05.522569,https://www.homes.bg/api/offers??currencyId=1&filterOrderBy=0&locationId=0&typeId=LandAgro,2241,,3.0,[],земеделска земя
22679,la,https://homes.bg/offer/zemya-za-prodazhba/zemedelska-zemya-6000m2-rodopi-s.krumovo/la22679,,"с.Крумово, Родопи","Земеделска земя, 6000m²","Категория 3, Нива",1,"['https://homes.bg/2021-02-17_2/60369695', 'https://homes.bg/2021-02-17_2/60369698', 'https://homes.bg/2021-02-17_2/60369700', 'https://homes.bg/2021-02-17_2/60369703']",123000.0,EUR,20 EUR/m²,,,False, продажба,,2025-01-25 06:03:05.522580,https://www.homes.bg/api/offers??currencyId=1&filterOrderBy=0&locationId=0&typeId=LandAgro,2241,,4.0,[],земеделска земя
22606,la,https://homes.bg/offer/zemya-za-prodazhba/zemedelska-zemya-6000m2-marica-s.vojvodinovo/la22606,,"с.Войводиново, Марица","Земеделска земя, 6000m²",Нива,1,[],270000.0,EUR,45 EUR/m²,,,False, продажба,,2025-01-25 06:03:05.522590,https://www.homes.bg/api/offers??currencyId=1&filterOrderBy=0&locationId=0&typeId=LandAgro,2241,,0.0,[],земеделска земя
21503,la,https://homes.bg/offer/zemya-za-prodazhba/zemedelska-zemya-8000m2-plovdiv-s.krumovo/la21503,,"с.Крумово, Пловдив","Земеделска земя, 8000m²","Категория 4, Нива",1,['https://homes.bg/2019-11-02_2/44512174'],72000.0,EUR,9 EUR/m²,,,False, продажба,,2025-01-25 06:03:08.711050,https://www.homes.bg/api/offers??currencyId=1&filterOrderBy=0&locationId=0&typeId=LandAgro,2241,,1.0,[],земеделска земя
34103,la,https://homes.bg/offer/zemya-za-prodazhba/zemedelska-zemya-34400m2-perushtica-gr.perushtica/la34103,,"гр.Перущица, Перущица","Земеделска земя, 34400m²","Категория 4, Лозе",1,"['https://homes.bg/2024-05-02_2/109490220', 'https://homes.bg/2024-05-02_2/109490221']",62000.0,ЛЕВА,1 ЛЕВА/m²,,,False, продажба,,2025-01-25 06:03:08.711135,https://www.homes.bg/api/offers??currencyId=1&filterOrderBy=0&locationId=0&typeId=LandAgro,2241,,2.0,[],земеделска земя
23294,la,https://homes.bg/offer/zemya-za-prodazhba/zemedelska-zemya-6000m2-plovdiv-industrialna-zona---jug/la23294,," Индустриална зона - Юг, Пловдив","Земеделска земя, 6000m²",Нива,1,[],62000.0,EUR,10 EUR/m²,,,False, продажба,,2025-01-25 06:03:08.711156,https://www.homes.bg/api/offers??currencyId=1&filterOrderBy=0&locationId=0&typeId=LandAgro,2241,,0.0,[],земеделска земя
21586,la,https://homes.bg/offer/zemya-za-prodazhba/zemedelska-zemya-4700m2-plovdiv-industrialna-zona---jug/la21586,," Индустриална зона - Юг, Пловдив","Земеделска земя, 4700m²","Категория 4, Нива",1,['https://homes.bg/2019-11-20_1/45118526'],118000.0,EUR,25 EUR/m²,,,False, продажба,,2025-01-25 06:03:08.711174,https://www.homes.bg/api/offers??currencyId=1&filterOrderBy=0&locationId=0&typeId=LandAgro,2241,,1.0,[],земеделска земя
21201,la,https://homes.bg/offer/zemya-za-prodazhba/zemedelska-zemya-40000m2-plovdiv-industrialna-zona---sever/la21201,," Индустриална зона - Север, Пловдив","Земеделска земя, 40000m²","Категория 4, Нива",1,"['https://homes.bg/2019-07-09_1/39747188', 'https://homes.bg/2019-07-09_1/39747191']",1000000.0,EUR,25 EUR/m²,,,False, продажба,,2025-01-25 06:03:08.711191,https://www.homes.bg/api/offers??currencyId=1&filterOrderBy=0&locationId=0&typeId=LandAgro,2241,,2.0,[],земеделска земя
18489,la,https://homes.bg/offer/zemya-za-prodazhba/zemedelska-zemya-19000m2-plovdiv-industrialna-zona---sever/la18489,," Индустриална зона - Север, Пловдив","Земеделска земя, 19000m²","Категория 5, Нива",1,"['https://homes.bg/2021-06-21_1/68646013', 'https://homes.bg/2021-06-21_1/68646015', 'https://homes.bg/2021-06-21_1/68646018']",190000.0,EUR,10 EUR/m²,,,False, продажба,,2025-01-25 06:03:08.711209,https://www.homes.bg/api/offers??currencyId=1&filterOrderBy=0&locationId=0&typeId=LandAgro,2241,,3.0,[],земеделска земя
33874,la,https://homes.bg/offer/zemya-za-prodazhba/zemedelska-zemya-5600m2-plovdiv-kv.-proslav/la33874,,"кв. Прослав, Пловдив","Земеделска земя, 5600m²","Категория 4, Лозе",1,[],75000.0,EUR,13 EUR/m²,,,False, продажба,,2025-01-25 06:03:08.711225,https://www.homes.bg/api/offers??currencyId=1&filterOrderBy=0&locationId=0&typeId=LandAgro,2241,,0.0,[],земеделска земя
33872,la,https://homes.bg/offer/zemya-za-prodazhba/zemedelska-zemya-5000m2-plovdiv-kv.-proslav/la33872,,"кв. Прослав, Пловдив","Земеделска земя, 5000m²","Категория 4, Лозе",1,"['https://homes.bg/2024-02-18_2/108409585', 'https://homes.bg/2024-02-18_2/108409586', 'https://homes.bg/2024-02-18_2/108409587', 'https://homes.bg/2024-02-18_2/108409588', 'https://homes.bg/2024-02-18_2/108409589']",123000.0,ЛЕВА,24 ЛЕВА/m²,,,False, продажба,,2025-01-25 06:03:08.711244,https://www.homes.bg/api/offers??currencyId=1&filterOrderBy=0&locationId=0&typeId=LandAgro,2241,,5.0,[],земеделска земя
19799,la,https://homes.bg/offer/zemya-za-prodazhba/zemedelska-zemya-3260m2-plovdiv-kv.-komatevo/la19799,,"кв. Коматево, Пловдив","Земеделска земя, 3260m²",Нива,1,[],244500.0,EUR,75 EUR/m²,,,False, продажба,,2025-01-25 06:03:08.711258,https://www.homes.bg/api/offers??currencyId=1&filterOrderBy=0&locationId=0&typeId=LandAgro,2241,,0.0,[],земеделска земя
19454,la,https://homes.bg/offer/zemya-za-prodazhba/zemedelska-zemya-3700m2-plovdiv-kv.-belomorski/la19454,,"кв. Беломорски, Пловдив","Земеделска земя, 3700m²",Нива,1,[],44400.0,EUR,12 EUR/m²,,,False, продажба,,2025-01-25 06:03:08.711272,https://www.homes.bg/api/offers??currencyId=1&filterOrderBy=0&locationId=0&typeId=LandAgro,2241,,0.0,[],земеделска земя
19291,la,https://homes.bg/offer/zemya-za-prodazhba/zemedelska-zemya-5500m2-plovdiv-industrialna-zona---jug/la19291,," Индустриална зона - Юг, Пловдив","Земеделска земя, 5500m²","Категория 6, Нива",1,"['https://homes.bg/2017-10-22_1/17694735', 'https://homes.bg/2017-10-22_1/17694736', 'https://homes.bg/2017-10-22_1/17694737']",209000.0,EUR,38 EUR/m²,,,False, продажба,,2025-01-25 06:03:08.711288,https://www.homes.bg/api/offers??currencyId=1&filterOrderBy=0&locationId=0&typeId=LandAgro,2241,,3.0,[],земеделска земя
23480,la,https://homes.bg/offer/zemya-za-prodazhba/zemedelska-zemya-5000m2-plovdiv-kv.-proslav/la23480,,"кв. Прослав, Пловдив","Земеделска земя, 5000m²","Категория 5, Нива",1,"['https://homes.bg/2022-02-10_2/80085364', 'https://homes.bg/2022-02-10_2/80085368', 'https://homes.bg/2022-02-10_2/80085370']",35800.0,EUR,7 EUR/m²,,,False, продажба,,2025-01-25 06:03:08.711304,https://www.homes.bg/api/offers??currencyId=1&filterOrderBy=0&locationId=0&typeId=LandAgro,2241,,3.0,[],земеделска земя
21571,la,https://homes.bg/offer/zemya-za-prodazhba/zemedelska-zemya-10100m2-plovdiv-industrialna-zona---sever/la21571,," Индустриална зона - Север, Пловдив","Земеделска земя, 10100m²","Категория 4, Нива",1,[],150000.0,EUR,14 EUR/m²,,,False, продажба,,2025-01-25 06:03:08.711317,https://www.homes.bg/api/offers??currencyId=1&filterOrderBy=0&locationId=0&typeId=LandAgro,2241,,0.0,[],земеделска земя
19290,la,https://homes.bg/offer/zemya-za-prodazhba/zemedelska-zemya-4867m2-plovdiv-industrialna-zona---sever/la19290,," Индустриална зона - Север, Пловдив","Земеделска земя, 4867m²",Категория 5,1,[],133000.0,EUR,27 EUR/m²,,,False, продажба,,2025-01-25 06:03:08.711330,https://www.homes.bg/api/offers??currencyId=1&filterOrderBy=0&locationId=0&typeId=LandAgro,2241,,0.0,[],земеделска земя
33568,la,https://homes.bg/offer/zemya-za-prodazhba/zemedelska-zemya-5600m2-plovdiv-kv.-proslav/la33568,,"кв. Прослав, Пловдив","Земеделска земя, 5600m²","Категория 4, Лозе",1,"['https://homes.bg/2023-11-13_2/107239953', 'https://homes.bg/2023-11-13_2/107239954', 'https://homes.bg/2023-11-13_2/107239955']",143000.0,ЛЕВА,25 ЛЕВА/m²,,,False, продажба,,2025-01-25 06:03:08.711345,https://www.homes.bg/api/offers??currencyId=1&filterOrderBy=0&locationId=0&typeId=LandAgro,2241,,3.0,[],земеделска земя
20994,la,https://homes.bg/offer/zemya-za-prodazhba/zemedelska-zemya-7200m2-plovdiv-kv.-komatevo/la20994,,"кв. Коматево, Пловдив","Земеделска земя, 7200m²","Категория 4, Нива",1,['https://homes.bg/2019-05-02_2/37166303'],37000.0,EUR,5 EUR/m²,,,False, продажба,,2025-01-25 06:03:08.711359,https://www.homes.bg/api/offers??currencyId=1&filterOrderBy=0&locationId=0&typeId=LandAgro,2241,,1.0,[],земеделска земя
34582,la,https://homes.bg/offer/zemya-za-prodazhba/zemedelska-zemya-5400m2-rodopi-s.calapica/la34582,,"с.Цалапица, Родопи","Земеделска земя, 5400m²","Категория 6, Нива",1,[],25000.0,ЛЕВА,4 ЛЕВА/m²,,,False, продажба,,2025-01-25 06:03:08.711376,https://www.homes.bg/api/offers??currencyId=1&filterOrderBy=0&locationId=0&typeId=LandAgro,2241,,0.0,[],земеделска земя
34581,la,https://homes.bg/offer/zemya-za-prodazhba/zemedelska-zemya-1000m2-rodopi-s.brestovica/la34581,,"с.Брестовица, Родопи","Земеделска земя, 1000m²","Категория 5, Нива",1,['https://homes.bg/2024-11-08_2/111964782'],9500.0,ЛЕВА,9 ЛЕВА/m²,,,False, продажба,,2025-01-25 06:03:08.711391,https://www.homes.bg/api/offers??currencyId=1&filterOrderBy=0&locationId=0&typeId=LandAgro,2241,,1.0,[],земеделска земя
34580,la,https://homes.bg/offer/zemya-za-prodazhba/zemedelska-zemya-5500m2-marica-s.trud/la34580,,"с.Труд, Марица","Земеделска земя, 5500m²","Категория 5, Нива",1,"['https://homes.bg/2024-11-08_1/111964648', 'https://homes.bg/2024-11-08_1/111964649', 'https://homes.bg/2024-11-08_1/111964650', 'https://homes.bg/2024-11-08_1/111964651']",15000.0,EUR,2 EUR/m²,,,False, продажба,,2025-01-25 06:03:08.711406,https://www.homes.bg/api/offers??currencyId=1&filterOrderBy=0&locationId=0&typeId=LandAgro,2241,,4.0,[],земеделска земя
23404,la,https://homes.bg/offer/zemya-za-prodazhba/zemedelska-zemya-37000m2-hisarya-s.chernichevo/la23404,,"с.Черничево, Хисаря","Земеделска земя, 37000m²",Нива,1,[],81500.0,ЛЕВА,2 ЛЕВА/m²,,,False, продажба,,2025-01-25 06:03:08.711419,https://www.homes.bg/api/offers??currencyId=1&filterOrderBy=0&locationId=0&typeId=LandAgro,2241,,0.0,[],земеделска земя
34567,la,https://homes.bg/offer/zemya-za-prodazhba/zemedelska-zemya-1060m2-plovdiv-kv.-proslav/la34567,,"кв. Прослав, Пловдив","Земеделска земя, 1060m²","Категория 4, Лозе",1,[],11700.0,EUR,11 EUR/m²,,,False, продажба,,2025-01-25 06:03:08.711433,https://www.homes.bg/api/offers??currencyId=1&filterOrderBy=0&locationId=0&typeId=LandAgro,2241,,0.0,[],земеделска земя
34412,la,https://homes.bg/offer/zemya-za-prodazhba/zemedelska-zemya-21000m2-brezovo-s.pydarsko/la34412,,"с.Пъдарско, Брезово","Земеделска земя, 21000m²","Категория 5, Нива",1,"['https://homes.bg/2024-08-28_1/111018961', 'https://homes.bg/2024-08-28_1/111018962']",42000.0,ЛЕВА,2 ЛЕВА/m²,,,False, продажба,,2025-01-25 06:03:08.711447,https://www.homes.bg/api/offers??currencyId=1&filterOrderBy=0&locationId=0&typeId=LandAgro,2241,,2.0,[],земеделска земя
34411,la,https://homes.bg/offer/zemya-za-prodazhba/zemedelska-zemya-4500m2-rodopi-s.calapica/la34411,,"с.Цалапица, Родопи","Земеделска земя, 4500m²","Категория 4, Овощна градина",1,"['https://homes.bg/2024-08-27_2/111012544', 'https://homes.bg/2024-08-27_2/111012546', 'https://homes.bg/2024-08-27_2/111012549']",63000.0,ЛЕВА,14 ЛЕВА/m²,,,False, продажба,,2025-01-25 06:03:08.711462,https://www.homes.bg/api/offers??currencyId=1&filterOrderBy=0&locationId=0&typeId=LandAgro,2241,,3.0,[],земеделска земя
22727,la,https://homes.bg/offer/zemya-za-prodazhba/zemedelska-zemya-19200m2-rodopi-s.orizari/la22727,,"с.Оризари, Родопи","Земеделска земя, 19200m²","Категория 5, Нива",1,"['https://homes.bg/2021-03-11_1/61362938', 'https://homes.bg/2021-03-11_1/61362940', 'https://homes.bg/2021-03-11_1/61362943']",160000.0,EUR,8 EUR/m²,,,False, продажба,,2025-01-25 06:03:08.711478,https://www.homes.bg/api/offers??currencyId=1&filterOrderBy=0&locationId=0&typeId=LandAgro,2241,,3.0,[],земеделска земя
25139,la,https://homes.bg/offer/zemya-za-prodazhba/zemedelska-zemya-10000m2-marica-s.graf-ignatievo/la25139,,"с.Граф-Игнатиево, Марица","Земеделска земя, 10000m²","Категория 6, Нива",1,"['https://homes.bg/2023-08-27_2/103741182', 'https://homes.bg/2023-08-27_2/103741185', 'https://homes.bg/2023-08-27_2/103741184', 'https://homes.bg/2023-08-27_2/103741183']",78000.0,ЛЕВА,7 ЛЕВА/m²,,,False, продажба,,2025-01-25 06:03:08.711493,https://www.homes.bg/api/offers??currencyId=1&filterOrderBy=0&locationId=0&typeId=LandAgro,2241,,4.0,[],земеделска земя
33879,la,https://homes.bg/offer/zemya-za-prodazhba/zemedelska-zemya-26000m2-asenovgrad-s.kozanovo/la33879,,"с.Козаново, Асеновград","Земеделска земя, 26000m²","Категория 7, Нива",1,"['https://homes.bg/2024-02-20_2/108439197', 'https://homes.bg/2024-02-20_2/108439198', 'https://homes.bg/2024-02-20_2/108439199']",24000.0,ЛЕВА,0 ЛЕВА/m²,,,False, продажба,,2025-01-25 06:03:08.711508,https://www.homes.bg/api/offers??currencyId=1&filterOrderBy=0&locationId=0&typeId=LandAgro,2241,,3.0,[],земеделска земя
21373,la,https://homes.bg/offer/zemya-za-prodazhba/zemedelska-zemya-3000m2-plovdiv-s.zlatitrap/la21373,,"с.Златитрап, Пловдив","Земеделска земя, 3000m²","Категория 4, Овощна градина",1,"['https://homes.bg/2019-09-17_1/42640781', 'https://homes.bg/2019-09-17_1/42640786']",61400.0,ЛЕВА,20 ЛЕВА/m²,,,False, продажба,,2025-01-25 06:03:08.711523,https://www.homes.bg/api/offers??currencyId=1&filterOrderBy=0&locationId=0&typeId=LandAgro,2241,,2.0,[],земеделска земя
21532,la,https://homes.bg/offer/zemya-za-prodazhba/zemedelska-zemya-5100m2-plovdiv-s.krushevo/la21532,,"с.Крушево, Пловдив","Земеделска земя, 5100m²",Нива,1,['https://homes.bg/2019-11-06_1/44538655'],8500.0,EUR,1 EUR/m²,,,False, продажба,,2025-01-25 06:03:08.711537,https://www.homes.bg/api/offers??currencyId=1&filterOrderBy=0&locationId=0&typeId=LandAgro,2241,,1.0,[],земеделска земя
20546,la,https://homes.bg/offer/zemya-za-prodazhba/zemedelska-zemya-9000m2-rakovski-gr.rakovski/la20546,,"гр.Раковски, Раковски","Земеделска земя, 9000m²","Категория 5, Овощна градина",1,"['https://homes.bg/2018-11-15_2/31373432', 'https://homes.bg/2018-11-15_2/31373434', 'https://homes.bg/2018-11-15_2/31373436', 'https://homes.bg/2018-11-15_2/31373438']",80000.0,EUR,8 EUR/m²,,,False, продажба,,2025-01-25 06:03:08.711552,https://www.homes.bg/api/offers??currencyId=1&filterOrderBy=0&locationId=0&typeId=LandAgro,2241,,4.0,[],земеделска земя
28027,la,https://homes.bg/offer/zemya-za-prodazhba/zemedelska-zemya-5500m2-marica-s.krislovo/la28027,,"с.Крислово, Марица","Земеделска земя, 5500m²","Категория 4, Нива",1,"['https://homes.bg/2023-10-05_2/105207683', 'https://homes.bg/2023-10-05_2/105207684', 'https://homes.bg/2023-10-05_2/105207685']",13500.0,EUR,2 EUR/m²,,,False, продажба,,2025-01-25 06:03:08.711567,https://www.homes.bg/api/offers??currencyId=1&filterOrderBy=0&locationId=0&typeId=LandAgro,2241,,3.0,[],земеделска земя
21876,la,https://homes.bg/offer/zemya-za-prodazhba/zemedelska-zemya-10000m2-marica-s.benkovski/la21876,,"с.Бенковски, Марица","Земеделска земя, 10000m²","Категория 4, Нива",1,[],51500.0,EUR,5 EUR/m²,,,False, продажба,,2025-01-25 06:03:08.711580,https://www.homes.bg/api/offers??currencyId=1&filterOrderBy=0&locationId=0&typeId=LandAgro,2241,,0.0,[],земеделска земя
20153,la,https://homes.bg/offer/zemya-za-prodazhba/zemedelska-zemya-54000m2-plovdiv-s.bolyarino/la20153,,"с.Болярино, Пловдив","Земеделска земя, 54000m²","Категория 4, Нива",1,[],300000.0,EUR,5 EUR/m²,,,False, продажба,,2025-01-25 06:03:08.711594,https://www.homes.bg/api/offers??currencyId=1&filterOrderBy=0&locationId=0&typeId=LandAgro,2241,,0.0,[],земеделска земя
23134,la,https://homes.bg/offer/zemya-za-prodazhba/zemedelska-zemya-3400m2-rodopi-s.belashtica/la23134,,"с.Белащица, Родопи","Земеделска земя, 3400m²","Категория 4, Нива",1,"['https://homes.bg/2021-08-18_1/71820708', 'https://homes.bg/2021-08-18_1/71820711', 'https://homes.bg/2021-08-18_1/71820714']",136000.0,EUR,40 EUR/m²,,,False, продажба,,2025-01-25 06:03:08.711609,https://www.homes.bg/api/offers??currencyId=1&filterOrderBy=0&locationId=0&typeId=LandAgro,2241,,3.0,[],земеделска земя
21175,la,https://homes.bg/offer/zemya-za-prodazhba/zemedelska-zemya-3040m2-rodopi-s.bojkovo/la21175,,"с.Бойково, Родопи","Земеделска земя, 3040m²","Категория 4, Нива",1,"['https://homes.bg/2022-03-25_2/81579438', 'https://homes.bg/2022-03-25_2/81579439', 'https://homes.bg/2019-06-30_2/39371621', 'https://homes.bg/2019-06-30_2/39371624', 'https://homes.bg/2022-03-25_2/81579440']",21800.0,EUR,7 EUR/m²,,,False, продажба,,2025-01-25 06:03:08.711625,https://www.homes.bg/api/offers??currencyId=1&filterOrderBy=0&locationId=0&typeId=LandAgro,2241,,5.0,[],земеделска земя
21512,la,https://homes.bg/offer/zemya-za-prodazhba/zemedelska-zemya-400m2-plovdiv-s.zlatitrap/la21512,,"с.Златитрап, Пловдив","Земеделска земя, 400m²","Категория 5, Нива",1,[],50000.0,EUR,125 EUR/m²,,,False, продажба,,2025-01-25 06:03:08.711639,https://www.homes.bg/api/offers??currencyId=1&filterOrderBy=0&locationId=0&typeId=LandAgro,2241,,0.0,[],земеделска земя
19844,la,https://homes.bg/offer/zemya-za-prodazhba/zemedelska-zemya-13000m2-marica-s.vojvodinovo/la19844,,"с.Войводиново, Марица","Земеделска земя, 13000m²","Категория 4, Нива",1,"['https://homes.bg/2022-07-15_2/86143844', 'https://homes.bg/2022-07-15_2/86143845', 'https://homes.bg/2022-07-15_2/86143846']",195000.0,ЛЕВА,15 ЛЕВА/m²,,,False, продажба,,2025-01-25 06:03:08.711653,https://www.homes.bg/api/offers??currencyId=1&filterOrderBy=0&locationId=0&typeId=LandAgro,2241,,3.0,[],земеделска земя
23157,la,https://homes.bg/offer/zemya-za-prodazhba/zemedelska-zemya-2500m2-rodopi-s.bojkovo/la23157,,"с.Бойково, Родопи","Земеделска земя, 2500m²",Гора,1,"['https://homes.bg/2021-09-02_2/72960481', 'https://homes.bg/2021-09-02_2/72960483', 'https://homes.bg/2021-09-02_2/72960486']",26500.0,ЛЕВА,10 ЛЕВА/m²,,,False, продажба,,2025-01-25 06:03:08.711668,https://www.homes.bg/api/offers??currencyId=1&filterOrderBy=0&locationId=0&typeId=LandAgro,2241,,3.0,[],земеделска земя
23292,la,https://homes.bg/offer/zemya-za-prodazhba/zemedelska-zemya-3500m2-rodopi-s.bojkovo/la23292,,"с.Бойково, Родопи","Земеделска земя, 3500m²","Категория 8, Гора",1,"['https://homes.bg/2021-11-09_2/76664148', 'https://homes.bg/2021-11-09_2/76664149', 'https://homes.bg/2021-11-09_2/76664150']",66800.0,ЛЕВА,19 ЛЕВА/m²,,,False, продажба,,2025-01-25 06:03:08.711683,https://www.homes.bg/api/offers??currencyId=1&filterOrderBy=0&locationId=0&typeId=LandAgro,2241,,3.0,[],земеделска земя
23293,la,https://homes.bg/offer/zemya-za-prodazhba/zemedelska-zemya-3000m2-rodopi-s.bojkovo/la23293,,"с.Бойково, Родопи","Земеделска земя, 3000m²",Гора,1,"['https://homes.bg/2021-11-09_2/76664589', 'https://homes.bg/2021-11-09_2/76664592', 'https://homes.bg/2021-11-09_2/76664594']",31000.0,ЛЕВА,10 ЛЕВА/m²,,,False, продажба,,2025-01-25 06:03:08.711697,https://www.homes.bg/api/offers??currencyId=1&filterOrderBy=0&locationId=0&typeId=LandAgro,2241,,3.0,[],земеделска земя
25194,la,https://homes.bg/offer/zemya-za-prodazhba/zemedelska-zemya-7900m2-karlovo-gr.banya/la25194,,"гр.Баня, Карлово","Земеделска земя, 7900m²","Категория 5, Нива",1,[],33000.0,ЛЕВА,4 ЛЕВА/m²,,,False, продажба,,2025-01-25 06:03:08.711711,https://www.homes.bg/api/offers??currencyId=1&filterOrderBy=0&locationId=0&typeId=LandAgro,2241,,0.0,[],земеделска земя
21371,la,https://homes.bg/offer/zemya-za-prodazhba/zemedelska-zemya-6300m2-plovdiv-s.branipole/la21371,,"с.Браниполе, Пловдив","Земеделска земя, 6300m²","Категория 3, Лозе",1,"['https://homes.bg/2019-09-17_1/42640079', 'https://homes.bg/2019-09-17_1/42640081', 'https://homes.bg/2019-09-17_1/42640083', 'https://homes.bg/2019-09-17_1/42640086']",190000.0,EUR,30 EUR/m²,,,False, продажба,,2025-01-25 06:03:08.711727,https://www.homes.bg/api/offers??currencyId=1&filterOrderBy=0&locationId=0&typeId=LandAgro,2241,,4.0,[],земеделска земя
33565,la,https://homes.bg/offer/zemya-za-prodazhba/zemedelska-zemya-7200m2-marica-s.rogosh/la33565,,"с.Рогош, Марица","Земеделска земя, 7200m²","Категория 5, Нива",1,"['https://homes.bg/2023-11-10_2/107173423', 'https://homes.bg/2023-11-10_2/107173424', 'https://homes.bg/2023-11-10_2/107173425']",18700.0,EUR,2 EUR/m²,,,False, продажба,,2025-01-25 06:03:08.711743,https://www.homes.bg/api/offers??currencyId=1&filterOrderBy=0&locationId=0&typeId=LandAgro,2241,,3.0,[],земеделска земя
21622,la,https://homes.bg/offer/zemya-za-prodazhba/zemedelska-zemya-3700m2-rodopi-s.brestovica/la21622,,"с.Брестовица, Родопи","Земеделска земя, 3700m²","Категория 6, Нива",1,"['https://homes.bg/2019-11-27_2/45439641', 'https://homes.bg/2019-11-27_2/45439644', 'https://homes.bg/2019-11-27_2/45439648']",23600.0,EUR,6 EUR/m²,,,False, продажба,,2025-01-25 06:03:08.711758,https://www.homes.bg/api/offers??currencyId=1&filterOrderBy=0&locationId=0&typeId=LandAgro,2241,,3.0,[],земеделска земя
33584,la,https://homes.bg/offer/zemya-za-prodazhba/zemedelska-zemya-1700m2-rodopi-s.dedovo/la33584,,"с.Дедово, Родопи","Земеделска земя, 1700m²","Категория 8, Нива",1,[],9200.0,EUR,5 EUR/m²,,,False, продажба,,2025-01-25 06:03:08.711771,https://www.homes.bg/api/offers??currencyId=1&filterOrderBy=0&locationId=0&typeId=LandAgro,2241,,0.0,[],земеделска земя
33567,la,https://homes.bg/offer/zemya-za-prodazhba/zemedelska-zemya-3000m2-rodopi-s.kadievo/la33567,,"с.Кадиево, Родопи","Земеделска земя, 3000m²","Категория 4, Овощна градина",1,"['https://homes.bg/2023-11-19_1/107337294', 'https://homes.bg/2023-11-19_1/107337295', 'https://homes.bg/2023-11-19_1/107337296', 'https://homes.bg/2023-11-19_1/107337297', 'https://homes.bg/2023-11-19_1/107337298']",6300.0,EUR,2 EUR/m²,,,False, продажба,,2025-01-25 06:03:08.711787,https://www.homes.bg/api/offers??currencyId=1&filterOrderBy=0&locationId=0&typeId=LandAgro,2241,,5.0,[],земеделска земя
23499,la,https://homes.bg/offer/zemya-za-prodazhba/zemedelska-zemya-19600m2-marica-s.radinovo/la23499,,"с.Радиново, Марица","Земеделска земя, 19600m²","Категория 4, Нива",1,"['https://homes.bg/2022-02-14_2/80258131', 'https://homes.bg/2022-02-14_2/80258132', 'https://homes.bg/2022-02-14_2/80258133']",51500.0,EUR,2 EUR/m²,,,False, продажба,,2025-01-25 06:03:08.711802,https://www.homes.bg/api/offers??currencyId=1&filterOrderBy=0&locationId=0&typeId=LandAgro,2241,,3.0,[],земеделска земя
33738,la,https://homes.bg/offer/zemya-za-prodazhba/zemedelska-zemya-12000m2-marica-s.trud/la33738,,"с.Труд, Марица","Земеделска земя, 12000m²","Категория 4, Нива",1,"['https://homes.bg/2024-01-14_2/107905321', 'https://homes.bg/2024-01-14_2/107905324', 'https://homes.bg/2024-01-14_2/107905327']",69000.0,ЛЕВА,5 ЛЕВА/m²,,,False, продажба,,2025-01-25 06:03:08.711817,https://www.homes.bg/api/offers??currencyId=1&filterOrderBy=0&locationId=0&typeId=LandAgro,2241,,3.0,[],земеделска земя
33751,la,https://homes.bg/offer/zemya-za-prodazhba/zemedelska-zemya-1100m2-pyrvomaj-s.gradina/la33751,,"с.Градина, Първомай","Земеделска земя, 1100m²","Категория 3, Овощна градина",1,"['https://homes.bg/2024-01-16_2/107920434', 'https://homes.bg/2024-01-16_2/107920435']",35000.0,ЛЕВА,31 ЛЕВА/m²,,,False, продажба,,2025-01-25 06:03:08.711831,https://www.homes.bg/api/offers??currencyId=1&filterOrderBy=0&locationId=0&typeId=LandAgro,2241,,2.0,[],земеделска земя
21901,la,https://homes.bg/offer/zemya-za-prodazhba/zemedelska-zemya-523000m2-plovdiv-gr.krichim/la21901,,"гр.Кричим, Пловдив","Земеделска земя, 523000m²","Категория 4, Лозе",1,"['https://homes.bg/2020-03-02_2/49485651', 'https://homes.bg/2020-03-02_2/49485652', 'https://homes.bg/2020-03-02_2/49485653', 'https://homes.bg/2020-03-02_2/49485654']",1350000.0,EUR,2 EUR/m²,,,False, продажба,,2025-01-25 06:03:08.711846,https://www.homes.bg/api/offers??currencyId=1&filterOrderBy=0&locationId=0&typeId=LandAgro,2241,,4.0,[],земеделска земя
33583,la,https://homes.bg/offer/zemya-za-prodazhba/zemedelska-zemya-8500m2-brezovo-s.tjurkmen/la33583,,"с.Тюркмен, Брезово","Земеделска земя, 8500m²","Категория 4, Нива",1,"['https://homes.bg/2023-11-17_1/107314820', 'https://homes.bg/2023-11-17_1/107314821']",13500.0,ЛЕВА,1 ЛЕВА/m²,,,False, продажба,,2025-01-25 06:03:08.711861,https://www.homes.bg/api/offers??currencyId=1&filterOrderBy=0&locationId=0&typeId=LandAgro,2241,,2.0,[],земеделска земя
33528,la,https://homes.bg/offer/zemya-za-prodazhba/zemedelska-zemya-19600m2-syedinenie-s.dragomir/la33528,,"с.Драгомир, Съединение","Земеделска земя, 19600m²","Категория 9, Нива",1,"['https://homes.bg/2023-11-02_1/106731861', 'https://homes.bg/2023-11-02_1/106731862', 'https://homes.bg/2023-11-02_1/106731863', 'https://homes.bg/2023-11-02_1/106731864']",13800.0,EUR,0 EUR/m²,,,False, продажба,,2025-01-25 06:03:08.711877,https://www.homes.bg/api/offers??currencyId=1&filterOrderBy=0&locationId=0&typeId=LandAgro,2241,,4.0,[],земеделска земя
20514,la,https://homes.bg/offer/zemya-za-prodazhba/zemedelska-zemya-5824m2-plovdiv-s.trud/la20514,,"с.Труд, Пловдив","Земеделска земя, 5824m²","Категория 5, Нива",1,"['https://homes.bg/2018-11-05_1/31043764', 'https://homes.bg/2018-11-05_1/31043765']",116480.0,EUR,20 EUR/m²,,,False, продажба,,2025-01-25 06:03:08.711891,https://www.homes.bg/api/offers??currencyId=1&filterOrderBy=0&locationId=0&typeId=LandAgro,2241,,2.0,[],земеделска земя
34295,la,https://homes.bg/offer/zemya-za-prodazhba/zemedelska-zemya-9900m2-perushtica-gr.perushtica/la34295,,"гр.Перущица, Перущица","Земеделска земя, 9900m²","Категория 4, Лозе",1,[],28000.0,ЛЕВА,2 ЛЕВА/m²,,,False, продажба,,2025-01-25 06:03:08.711904,https://www.homes.bg/api/offers??currencyId=1&filterOrderBy=0&locationId=0&typeId=LandAgro,2241,,0.0,[],земеделска земя
33922,la,https://homes.bg/offer/zemya-za-prodazhba/zemedelska-zemya-2800m2-perushtica-gr.perushtica/la33922,,"гр.Перущица, Перущица","Земеделска земя, 2800m²","Категория 4, Лозе",1,"['https://homes.bg/2024-03-01_2/108606703', 'https://homes.bg/2024-03-01_2/108606701', 'https://homes.bg/2024-03-01_2/108606702', 'https://homes.bg/2024-03-01_2/108606705', 'https://homes.bg/2024-03-01_2/108606704']",8300.0,ЛЕВА,2 ЛЕВА/m²,,,False, продажба,,2025-01-25 06:03:08.711936,https://www.homes.bg/api/offers??currencyId=1&filterOrderBy=0&locationId=0&typeId=LandAgro,2241,,5.0,[],земеделска земя
33921,la,https://homes.bg/offer/zemya-za-prodazhba/zemedelska-zemya-2800m2-perushtica-gr.perushtica/la33921,,"гр.Перущица, Перущица","Земеделска земя, 2800m²","Категория 4, Лозе",1,"['https://homes.bg/2024-03-01_2/108606696', 'https://homes.bg/2024-03-01_2/108606697', 'https://homes.bg/2024-03-01_2/108606698', 'https://homes.bg/2024-03-01_2/108606699', 'https://homes.bg/2024-03-01_2/108606700']",8300.0,ЛЕВА,2 ЛЕВА/m²,,,False, продажба,,2025-01-25 06:03:08.711952,https://www.homes.bg/api/offers??currencyId=1&filterOrderBy=0&locationId=0&typeId=LandAgro,2241,,5.0,[],земеделска земя
34589,la,https://homes.bg/offer/zemya-za-prodazhba/zemedelska-zemya-1400m2-stambolijski-s.kurtovo-konare/la34589,,"с.Куртово Конаре, Стамболийски","Земеделска земя, 1400m²","Категория 4, Овощна градина",1,"['https://homes.bg/2024-11-12_1/112002447', 'https://homes.bg/2024-11-12_1/112002449', 'https://homes.bg/2024-11-12_1/112002452']",8500.0,ЛЕВА,6 ЛЕВА/m²,,,False, продажба,,2025-01-25 06:03:08.711968,https://www.homes.bg/api/offers??currencyId=1&filterOrderBy=0&locationId=0&typeId=LandAgro,2241,,3.0,[],земеделска земя
20591,la,https://homes.bg/offer/zemya-za-prodazhba/zemedelska-zemya-6825m2-plovdiv-industrialna-zona---sever/la20591,," Индустриална зона - Север, Пловдив","Земеделска земя, 6825m²",Нива,1,"['https://homes.bg/2025-01-21_2/112762665', 'https://homes.bg/2025-01-21_2/112762666', 'https://homes.bg/2025-01-21_2/112762667', 'https://homes.bg/2025-01-21_2/112762668']",209000.0,EUR,30 EUR/m²,,,False, продажба,,2025-01-25 06:03:08.711989,https://www.homes.bg/api/offers??currencyId=1&filterOrderBy=0&locationId=0&typeId=LandAgro,2241,,4.0,[],земеделска земя
25073,la,https://homes.bg/offer/zemya-za-prodazhba/zemedelska-zemya-12799m2-veliko-tyrnovo-s.ledenik/la25073,,"с.Леденик, Велико Търново","Земеделска земя, 12799m²","Категория 3, Нива",1,['https://homes.bg/2025-01-21_2/112766300'],21750.0,EUR,1 EUR/m²,,,False, продажба,,2025-01-25 06:03:08.712003,https://www.homes.bg/api/offers??currencyId=1&filterOrderBy=0&locationId=0&typeId=LandAgro,2241,,1.0,[],земеделска земя
25074,la,https://homes.bg/offer/zemya-za-prodazhba/zemedelska-zemya-12699m2-veliko-tyrnovo-s.ledenik/la25074,,"с.Леденик, Велико Търново","Земеделска земя, 12699m²","Категория 8, Нива",1,['https://homes.bg/2025-01-21_2/112766301'],81800.0,EUR,6 EUR/m²,,,False, продажба,,2025-01-25 06:03:08.712017,https://www.homes.bg/api/offers??currencyId=1&filterOrderBy=0&locationId=0&typeId=LandAgro,2241,,1.0,[],земеделска земя
34761,la,https://homes.bg/offer/zemya-za-prodazhba/zemedelska-zemya-19200m2-bratya-daskalovi-s.opylchenec/la34761,,"с.Опълченец, Братя Даскалови","Земеделска земя, 19200m²","Категория 5, Нива",1,"['https://homes.bg/2025-01-21_2/112752379', 'https://homes.bg/2025-01-21_2/112752380', 'https://homes.bg/2025-01-21_2/112752381']",78500.0,EUR,4 EUR/m²,,,False, продажба,,2025-01-25 06:03:08.712031,https://www.homes.bg/api/offers??currencyId=1&filterOrderBy=0&locationId=0&typeId=LandAgro,2241,,3.0,[],земеделска земя
34760,la,https://homes.bg/offer/zemya-za-prodazhba/zemedelska-zemya-23500m2-sandanski-s.lebnica/la34760,,"с.Лебница, Сандански","Земеделска земя, 23500m²","Категория 10, Нива",1,"['https://homes.bg/2025-01-21_1/112752045', 'https://homes.bg/2025-01-21_1/112752046', 'https://homes.bg/2025-01-21_1/112752047', 'https://homes.bg/2025-01-21_1/112752048', 'https://homes.bg/2025-01-21_1/112752049', 'https://homes.bg/2025-01-21_1/112752050', 'https://homes.bg/2025-01-21_1/112752051', 'https://homes.bg/2025-01-21_1/112752052', 'https://homes.bg/2025-01-21_1/112752053', 'https://homes.bg/2025-01-21_1/112752054']",120000.0,ЛЕВА,5 ЛЕВА/m²,,,False, продажба,,2025-01-25 06:03:08.712048,https://www.homes.bg/api/offers??currencyId=1&filterOrderBy=0&locationId=0&typeId=LandAgro,2241,,10.0,[],земеделска земя
34759,la,https://homes.bg/offer/zemya-za-prodazhba/zemedelska-zemya-1600m2-sofiya---grad-s.vojnegovci/la34759,,"с.Войнеговци, София - град","Земеделска земя, 1600m²",Друго,1,['https://homes.bg/2025-01-21_1/112751734'],49000.0,EUR,30 EUR/m²,,,False, продажба,,2025-01-25 06:03:08.712062,https://www.homes.bg/api/offers??currencyId=1&filterOrderBy=0&locationId=0&typeId=LandAgro,2241,,1.0,[],земеделска земя
33848,la,https://homes.bg/offer/zemya-za-prodazhba/zemedelska-zemya-3165m2-sofiya---grad-s.lozen/la33848,,"с.Лозен, София - град","Земеделска земя, 3165m²",,1,['https://homes.bg/2024-02-13_1/108326680'],379800.0,EUR,120 EUR/m²,,,False, продажба,,2025-01-25 06:03:08.712076,https://www.homes.bg/api/offers??currencyId=1&filterOrderBy=0&locationId=0&typeId=LandAgro,2241,,1.0,[],земеделска земя
34247,la,https://homes.bg/offer/zemya-za-prodazhba/zemedelska-zemya-2393m2-burgas-sarafovo/la34247,," Сарафово, Бургас","Земеделска земя, 2393m²",,1,['https://homes.bg/2024-06-20_1/110087497'],287160.0,EUR,120 EUR/m²,,,False, продажба,,2025-01-25 06:03:08.712090,https://www.homes.bg/api/offers??currencyId=1&filterOrderBy=0&locationId=0&typeId=LandAgro,2241,,1.0,[],земеделска земя
34232,la,https://homes.bg/offer/zemya-za-prodazhba/zemedelska-zemya-2756m2-varna-s.topoli/la34232,,"с.Тополи, Варна","Земеделска земя, 2756m²",,1,['https://homes.bg/2024-06-12_1/109983109'],138000.0,EUR,50 EUR/m²,,,False, продажба,,2025-01-25 06:03:08.712104,https://www.homes.bg/api/offers??currencyId=1&filterOrderBy=0&locationId=0&typeId=LandAgro,2241,,1.0,[],земеделска земя
34758,la,https://homes.bg/offer/zemya-za-prodazhba/zemedelska-zemya-607m2-sozopol-s.ravadinovo/la34758,,"с.Равадиново, Созопол","Земеделска земя, 607m²","Категория 5, Нива",1,"['https://homes.bg/2025-01-20_2/112740677', 'https://homes.bg/2025-01-20_2/112740678', 'https://homes.bg/2025-01-20_2/112740680', 'https://homes.bg/2025-01-20_2/112740679']",13000.0,EUR,21 EUR/m²,,,False, продажба,,2025-01-25 06:03:08.712119,https://www.homes.bg/api/offers??currencyId=1&filterOrderBy=0&locationId=0&typeId=LandAgro,2241,,4.0,[],земеделска земя
26420,la,https://homes.bg/offer/zemya-za-prodazhba/zemedelska-zemya-3393m2-plovdiv-kv.-komatevo/la26420,,"кв. Коматево, Пловдив","Земеделска земя, 3393m²",,1,"['https://homes.bg/2023-09-28_1/104940640', 'https://homes.bg/2023-09-28_1/104940641', 'https://homes.bg/2023-09-28_1/104940642']",136000.0,EUR,40 EUR/m²,,,False, продажба,,2025-01-25 06:03:08.712134,https://www.homes.bg/api/offers??currencyId=1&filterOrderBy=0&locationId=0&typeId=LandAgro,2241,,3.0,[],земеделска земя
34004,la,https://homes.bg/offer/zemya-za-prodazhba/zemedelska-zemya-8996m2-varna-s.bliznaci/la34004,,"с.Близнаци, Варна","Земеделска земя, 8996m²",,1,['https://homes.bg/2024-04-02_1/109066129'],40000.0,EUR,4 EUR/m²,,,False, продажба,,2025-01-25 06:03:08.712146,https://www.homes.bg/api/offers??currencyId=1&filterOrderBy=0&locationId=0&typeId=LandAgro,2241,,1.0,[],земеделска земя
34001,la,https://homes.bg/offer/zemya-za-prodazhba/zemedelska-zemya-12700m2-varna-s.bliznaci/la34001,,"с.Близнаци, Варна","Земеделска земя, 12700m²",,1,['https://homes.bg/2024-04-02_1/109066126'],40000.0,EUR,3 EUR/m²,,,False, продажба,,2025-01-25 06:03:08.712160,https://www.homes.bg/api/offers??currencyId=1&filterOrderBy=0&locationId=0&typeId=LandAgro,2241,,1.0,[],земеделска земя
34002,la,https://homes.bg/offer/zemya-za-prodazhba/zemedelska-zemya-6443m2-varna-s.bliznaci/la34002,,"с.Близнаци, Варна","Земеделска земя, 6443m²",,1,['https://homes.bg/2024-04-02_1/109066127'],15000.0,EUR,2 EUR/m²,,,False, продажба,,2025-01-25 06:03:08.712173,https://www.homes.bg/api/offers??currencyId=1&filterOrderBy=0&locationId=0&typeId=LandAgro,2241,,1.0,[],земеделска земя
34003,la,https://homes.bg/offer/zemya-za-prodazhba/zemedelska-zemya-10000m2-varna-s.priselci/la34003,,"с.Приселци, Варна","Земеделска земя, 10000m²",,1,['https://homes.bg/2024-04-02_1/109066128'],20000.0,EUR,2 EUR/m²,,,False, продажба,,2025-01-25 06:03:08.712186,https://www.homes.bg/api/offers??currencyId=1&filterOrderBy=0&locationId=0&typeId=LandAgro,2241,,1.0,[],земеделска земя
34726,la,https://homes.bg/offer/zemya-za-prodazhba/zemedelska-zemya-1000m2-blagoevgrad-s.logodazh/la34726,,"с.Логодаж, Благоевград","Земеделска земя, 1000m²",,1,[],31200.0,ЛЕВА,31 ЛЕВА/m²,,,False, продажба,,2025-01-25 06:03:08.712199,https://www.homes.bg/api/offers??currencyId=1&filterOrderBy=0&locationId=0&typeId=LandAgro,2241,,0.0,[],земеделска земя
20402,la,https://homes.bg/offer/zemya-za-prodazhba/zemedelska-zemya-2147483647m2-dobrich-s.selce/la20402,,"с.Селце, Добрич","Земеделска земя, 2147483647m²",,1,['https://homes.bg/2018-10-19_2/30491377'],20860.0,ЛЕВА,0 ЛЕВА/m²,,,False, продажба,,2025-01-25 06:03:08.712214,https://www.homes.bg/api/offers??currencyId=1&filterOrderBy=0&locationId=0&typeId=LandAgro,2241,,1.0,[],земеделска земя
33851,la,https://homes.bg/offer/zemya-za-prodazhba/zemedelska-zemya-21000m2-dobrich-s.vaklino/la33851,,"с.Ваклино, Добрич","Земеделска земя, 21000m²",,1,['https://homes.bg/2024-02-14_1/108347409'],43000.0,EUR,2 EUR/m²,,,False, продажба,,2025-01-25 06:03:08.712228,https://www.homes.bg/api/offers??currencyId=1&filterOrderBy=0&locationId=0&typeId=LandAgro,2241,,1.0,[],земеделска земя
33919,la,https://homes.bg/offer/zemya-za-prodazhba/zemedelska-zemya-58000m2-dobrich-s.kamen-bryag/la33919,,"с.Камен Бряг, Добрич","Земеделска земя, 58000m²",,1,['https://homes.bg/2024-03-01_1/108602258'],127500.0,EUR,2 EUR/m²,,,False, продажба,,2025-01-25 06:03:08.712241,https://www.homes.bg/api/offers??currencyId=1&filterOrderBy=0&locationId=0&typeId=LandAgro,2241,,1.0,[],земеделска земя
34343,la,https://homes.bg/offer/zemya-za-prodazhba/zemedelska-zemya-5881m2-varna-s.slynchevo/la34343,,"с.Слънчево, Варна","Земеделска земя, 5881m²",,1,['https://homes.bg/2024-07-25_1/110562236'],79200.0,EUR,13 EUR/m²,,,False, продажба,,2025-01-25 06:03:08.712254,https://www.homes.bg/api/offers??currencyId=1&filterOrderBy=0&locationId=0&typeId=LandAgro,2241,,1.0,[],земеделска земя
34724,la,https://homes.bg/offer/zemya-za-prodazhba/zemedelska-zemya-1031m2-blagoevgrad-s.dybrava/la34724,,"с.Дъбрава, Благоевград","Земеделска земя, 1031m²",,1,[],17000.0,ЛЕВА,16 ЛЕВА/m²,,,False, продажба,,2025-01-25 06:03:08.712267,https://www.homes.bg/api/offers??currencyId=1&filterOrderBy=0&locationId=0&typeId=LandAgro,2241,,0.0,[],земеделска земя
33917,la,https://homes.bg/offer/zemya-za-prodazhba/zemedelska-zemya-30000m2-dobrich-s.granichar/la33917,,"с.Граничар, Добрич","Земеделска земя, 30000m²",,1,['https://homes.bg/2024-03-01_1/108602252'],59800.0,EUR,1 EUR/m²,,,False, продажба,,2025-01-25 06:03:08.712283,https://www.homes.bg/api/offers??currencyId=1&filterOrderBy=0&locationId=0&typeId=LandAgro,2241,,1.0,[],земеделска земя
33918,la,https://homes.bg/offer/zemya-za-prodazhba/zemedelska-zemya-50000m2-dobrich-s.vranino/la33918,,"с.Вранино, Добрич","Земеделска земя, 50000m²",,1,['https://homes.bg/2024-03-01_1/108602253'],115000.0,EUR,2 EUR/m²,,,False, продажба,,2025-01-25 06:03:08.712296,https://www.homes.bg/api/offers??currencyId=1&filterOrderBy=0&locationId=0&typeId=LandAgro,2241,,1.0,[],земеделска земя
33920,la,https://homes.bg/offer/zemya-za-prodazhba/zemedelska-zemya-16000m2-dobrich-s.vidno/la33920,,"с.Видно, Добрич","Земеделска земя, 16000m²",,1,['https://homes.bg/2024-03-01_1/108602263'],29500.0,EUR,1 EUR/m²,,,False, продажба,,2025-01-25 06:03:08.712309,https://www.homes.bg/api/offers??currencyId=1&filterOrderBy=0&locationId=0&typeId=LandAgro,2241,,1.0,[],земеделска земя
34723,la,https://homes.bg/offer/zemya-za-prodazhba/zemedelska-zemya-2098m2-blagoevgrad-s.dybrava/la34723,,"с.Дъбрава, Благоевград","Земеделска земя, 2098m²",,1,[],33000.0,ЛЕВА,15 ЛЕВА/m²,,,False, продажба,,2025-01-25 06:03:08.712323,https://www.homes.bg/api/offers??currencyId=1&filterOrderBy=0&locationId=0&typeId=LandAgro,2241,,0.0,[],земеделска земя
33496,la,https://homes.bg/offer/zemya-za-prodazhba/zemedelska-zemya-20000m2-dobrich-s.septemvrijci/la33496,,"с.Септемврийци, Добрич","Земеделска земя, 20000m²",,1,['https://homes.bg/2023-10-22_1/106138181'],42950.0,EUR,2 EUR/m²,,,False, продажба,,2025-01-25 06:03:08.712336,https://www.homes.bg/api/offers??currencyId=1&filterOrderBy=0&locationId=0&typeId=LandAgro,2241,,1.0,[],земеделска земя
33948,la,https://homes.bg/offer/zemya-za-prodazhba/zemedelska-zemya-49000m2-dobrich-gr.kavarna/la33948,,"гр.Каварна, Добрич","Земеделска земя, 49000m²",,1,['https://homes.bg/2024-03-13_1/108762695'],110000.0,EUR,2 EUR/m²,,,False, продажба,,2025-01-25 06:03:08.712350,https://www.homes.bg/api/offers??currencyId=1&filterOrderBy=0&locationId=0&typeId=LandAgro,2241,,1.0,[],земеделска земя
33968,la,https://homes.bg/offer/zemya-za-prodazhba/zemedelska-zemya-25000m2-dobrich-s.septemvrijci/la33968,,"с.Септемврийци, Добрич","Земеделска земя, 25000m²",,1,['https://homes.bg/2024-03-21_1/108888696'],55000.0,EUR,2 EUR/m²,,,False, продажба,,2025-01-25 06:03:08.712364,https://www.homes.bg/api/offers??currencyId=1&filterOrderBy=0&locationId=0&typeId=LandAgro,2241,,1.0,[],земеделска земя
34725,la,https://homes.bg/offer/zemya-za-prodazhba/zemedelska-zemya-1000m2-blagoevgrad-s.logodazh/la34725,,"с.Логодаж, Благоевград","Земеделска земя, 1000m²",,1,[],31200.0,ЛЕВА,31 ЛЕВА/m²,,,False, продажба,,2025-01-25 06:03:08.712377,https://www.homes.bg/api/offers??currencyId=1&filterOrderBy=0&locationId=0&typeId=LandAgro,2241,,0.0,[],земеделска земя
22356,la,https://homes.bg/offer/zemya-za-prodazhba/zemedelska-zemya-10000m2-lyaskovec-gr.lyaskovec/la22356,,"гр.Лясковец, Лясковец","Земеделска земя, 10000m²","Категория 3, Нива",1,"['https://homes.bg/2020-09-06_1/54185077', 'https://homes.bg/2020-09-06_1/54185076']",85000.0,EUR,8 EUR/m²,,,False, продажба,,2025-01-25 06:03:08.712391,https://www.homes.bg/api/offers??currencyId=1&filterOrderBy=0&locationId=0&typeId=LandAgro,2241,,2.0,[],земеделска земя
34712,la,https://homes.bg/offer/zemya-za-prodazhba/zemedelska-zemya-1502m2-blagoevgrad-s.logodazh/la34712,,"с.Логодаж, Благоевград","Земеделска земя, 1502m²",,1,['https://homes.bg/2024-12-20_1/112502537'],24000.0,ЛЕВА,15 ЛЕВА/m²,,,False, продажба,,2025-01-25 06:03:08.712406,https://www.homes.bg/api/offers??currencyId=1&filterOrderBy=0&locationId=0&typeId=LandAgro,2241,,1.0,[],земеделска земя
22810,la,https://homes.bg/offer/zemya-za-prodazhba/zemedelska-zemya-37235m2-burgas-kv.-dolno-ezerovo/la22810,,"кв. Долно Езерово, Бургас","Земеделска земя, 37235m²",,1,"['https://homes.bg/2021-04-01_1/62522330', 'https://homes.bg/2021-04-01_1/62522332']",819170.0,EUR,22 EUR/m²,,,False, продажба,,2025-01-25 06:03:08.712420,https://www.homes.bg/api/offers??currencyId=1&filterOrderBy=0&locationId=0&typeId=LandAgro,2241,,2.0,[],земеделска земя
34721,la,https://homes.bg/offer/zemya-za-prodazhba/zemedelska-zemya-3005m2-blagoevgrad-s.logodazh/la34721,,"с.Логодаж, Благоевград","Земеделска земя, 3005m²",,1,[],67000.0,ЛЕВА,22 ЛЕВА/m²,,,False, продажба,,2025-01-25 06:03:08.712433,https://www.homes.bg/api/offers??currencyId=1&filterOrderBy=0&locationId=0&typeId=LandAgro,2241,,0.0,[],земеделска земя
34722,la,https://homes.bg/offer/zemya-za-prodazhba/zemedelska-zemya-445m2-blagoevgrad-vtora-promishlena-zona/la34722,," Втора Промишлена Зона, Благоевград","Земеделска земя, 445m²",,1,[],17100.0,ЛЕВА,38 ЛЕВА/m²,,,False, продажба,,2025-01-25 06:03:08.712446,https://www.homes.bg/api/offers??currencyId=1&filterOrderBy=0&locationId=0&typeId=LandAgro,2241,,0.0,[],земеделска земя
34757,la,https://homes.bg/offer/zemya-za-prodazhba/zemedelska-zemya-13568m2-svoge-s.zimevica/la34757,,"с.Зимевица, Своге","Земеделска земя, 13568m²","Категория 8, Нива",1,['https://homes.bg/2025-01-17_2/112709802'],271360.0,EUR,20 EUR/m²,,,False, продажба,,2025-01-25 06:03:08.712459,https://www.homes.bg/api/offers??currencyId=1&filterOrderBy=0&locationId=0&typeId=LandAgro,2241,,1.0,[],земеделска земя
34034,la,https://homes.bg/offer/zemya-za-prodazhba/zemedelska-zemya-5001m2-dobrich-s.rakovski/la34034,,"с.Раковски, Добрич","Земеделска земя, 5001m²",,1,['https://homes.bg/2024-04-13_1/109243312'],20004.0,ЛЕВА,4 ЛЕВА/m²,,,False, продажба,,2025-01-25 06:03:08.712472,https://www.homes.bg/api/offers??currencyId=1&filterOrderBy=0&locationId=0&typeId=LandAgro,2241,,1.0,[],земеделска земя
34033,la,https://homes.bg/offer/zemya-za-prodazhba/zemedelska-zemya-6739m2-dobrich-s.hadzhi-dimityr/la34033,,"с.Хаджи Димитър, Добрич","Земеделска земя, 6739m²",,1,['https://homes.bg/2024-04-13_1/109243311'],26956.0,ЛЕВА,4 ЛЕВА/m²,,,False, продажба,,2025-01-25 06:03:08.712486,https://www.homes.bg/api/offers??currencyId=1&filterOrderBy=0&locationId=0&typeId=LandAgro,2241,,1.0,[],земеделска земя
34755,la,https://homes.bg/offer/zemya-za-prodazhba/zemedelska-zemya-5000m2-varna-gr.dolni-chiflik/la34755,,"гр.Долни Чифлик, Варна","Земеделска земя, 5000m²",Нива,1,"['https://homes.bg/2025-01-16_2/112701202', 'https://homes.bg/2025-01-16_2/112701203']",12000.0,ЛЕВА,2 ЛЕВА/m²,,,False, продажба,,2025-01-25 06:03:08.712501,https://www.homes.bg/api/offers??currencyId=1&filterOrderBy=0&locationId=0&typeId=LandAgro,2241,,2.0,[],земеделска земя
34748,la,https://homes.bg/offer/zemya-za-prodazhba/zemedelska-zemya-1500m2-plovdiv-s.belashtica/la34748,,"с.Белащица, Пловдив","Земеделска земя, 1500m²",Нива,1,['https://homes.bg/2025-01-16_2/112705176'],45000.0,EUR,30 EUR/m²,,,False, продажба,,2025-01-25 06:03:08.712514,https://www.homes.bg/api/offers??currencyId=1&filterOrderBy=0&locationId=0&typeId=LandAgro,2241,,1.0,[],земеделска земя
22156,la,https://homes.bg/offer/zemya-za-prodazhba/zemedelska-zemya-3154m2-kocherinovo-s.stob/la22156,,"с.Стоб, Koчериново","Земеделска земя, 3154m²","Категория 7, Нива",1,"['https://homes.bg/2020-06-19_2/52031129', 'https://homes.bg/2020-06-19_2/52031130']",63080.0,EUR,20 EUR/m²,,,False, продажба,,2025-01-25 06:03:08.712531,https://www.homes.bg/api/offers??currencyId=1&filterOrderBy=0&locationId=0&typeId=LandAgro,2241,,2.0,[],земеделска земя
23558,la,https://homes.bg/offer/zemya-za-prodazhba/zemedelska-zemya-1009m2-simitli-s.cherniche/la23558,,"с.Черниче, Симитли","Земеделска земя, 1009m²","Категория 6, Ливада",1,"['https://homes.bg/2022-03-04_2/80708223', 'https://homes.bg/2022-03-04_2/80708224', 'https://homes.bg/2022-03-04_2/80708225', 'https://homes.bg/2022-03-04_2/80708229', 'https://homes.bg/2022-03-04_2/80708237', 'https://homes.bg/2022-03-04_2/80708238', 'https://homes.bg/2022-03-04_2/80708246']",8000.0,ЛЕВА,7 ЛЕВА/m²,,,False, продажба,,2025-01-25 06:03:08.712551,https://www.homes.bg/api/offers??currencyId=1&filterOrderBy=0&locationId=0&typeId=LandAgro,2241,,7.0,[],земеделска земя
21195,la,https://homes.bg/offer/zemya-za-prodazhba/zemedelska-zemya-3940m2-kocherinovo-s.barakovo/la21195,,"с.Бараково, Koчериново","Земеделска земя, 3940m²","Категория 5, Нива",1,"['https://homes.bg/2019-07-08_2/39712900', 'https://homes.bg/2019-07-08_2/39712909', 'https://homes.bg/2019-07-08_2/39712914', 'https://homes.bg/2019-07-08_2/39712920', 'https://homes.bg/2019-07-08_2/39712925']",120000.0,EUR,30 EUR/m²,,,False, продажба,,2025-01-25 06:03:08.712568,https://www.homes.bg/api/offers??currencyId=1&filterOrderBy=0&locationId=0&typeId=LandAgro,2241,,5.0,[],земеделска земя
21920,la,https://homes.bg/offer/zemya-za-prodazhba/zemedelska-zemya-4231m2-simitli-s.zheleznica/la21920,,"с.Железница, Симитли","Земеделска земя, 4231m²","Категория 9, Лозе",1,['https://homes.bg/2020-03-09_2/49641559'],17000.0,ЛЕВА,4 ЛЕВА/m²,,,False, продажба,,2025-01-25 06:03:08.712582,https://www.homes.bg/api/offers??currencyId=1&filterOrderBy=0&locationId=0&typeId=LandAgro,2241,,1.0,[],земеделска земя
24268,la,https://homes.bg/offer/zemya-za-prodazhba/zemedelska-zemya-1999m2-blagoevgrad-s.bistrica/la24268,,"с.Бистрица, Благоевград","Земеделска земя, 1999m²","Категория 9, Нива",1,['https://homes.bg/2022-11-28_2/91926286'],18000.0,ЛЕВА,9 ЛЕВА/m²,,,False, продажба,,2025-01-25 06:03:08.712595,https://www.homes.bg/api/offers??currencyId=1&filterOrderBy=0&locationId=0&typeId=LandAgro,2241,,1.0,[],земеделска земя
23563,la,https://homes.bg/offer/zemya-za-prodazhba/zemedelska-zemya-9334m2-simitli-s.cherniche/la23563,,"с.Черниче, Симитли","Земеделска земя, 9334m²","Категория 6, Нива",1,"['https://homes.bg/2022-03-07_2/80816898', 'https://homes.bg/2022-03-07_2/80816899', 'https://homes.bg/2022-03-07_2/80816900', 'https://homes.bg/2022-03-07_2/80816901', 'https://homes.bg/2022-03-07_2/80816903', 'https://homes.bg/2022-03-07_2/80816906']",65000.0,ЛЕВА,6 ЛЕВА/m²,,,False, продажба,,2025-01-25 06:03:11.540382,https://www.homes.bg/api/offers??currencyId=1&filterOrderBy=0&locationId=0&typeId=LandAgro,2241,,6.0,[],земеделска земя
20678,la,https://homes.bg/offer/zemya-za-prodazhba/zemedelska-zemya-670m2-blagoevgrad-shirok-centyr/la20678,," Широк Център, Благоевград","Земеделска земя, 670m²","Категория 5, Друго",1,['https://homes.bg/2019-01-11_2/33037156'],23500.0,EUR,35 EUR/m²,,,False, продажба,,2025-01-25 06:03:11.540463,https://www.homes.bg/api/offers??currencyId=1&filterOrderBy=0&locationId=0&typeId=LandAgro,2241,,1.0,[],земеделска земя
22628,la,https://homes.bg/offer/zemya-za-prodazhba/zemedelska-zemya-2565m2-rila-s.pastra/la22628,,"с.Пастра, Рила","Земеделска земя, 2565m²","Категория 5, Ливада",1,[],6500.0,ЛЕВА,2 ЛЕВА/m²,,,False, продажба,,2025-01-25 06:03:11.540485,https://www.homes.bg/api/offers??currencyId=1&filterOrderBy=0&locationId=0&typeId=LandAgro,2241,,0.0,[],земеделска земя
22848,la,https://homes.bg/offer/zemya-za-prodazhba/zemedelska-zemya-3198m2-blagoevgrad-vtora-promishlena-zona/la22848,," Втора Промишлена Зона, Благоевград","Земеделска земя, 3198m²","Категория 5, Нива",1,['https://homes.bg/2021-04-14_2/63585813'],41500.0,EUR,12 EUR/m²,,,False, продажба,,2025-01-25 06:03:11.540504,https://www.homes.bg/api/offers??currencyId=1&filterOrderBy=0&locationId=0&typeId=LandAgro,2241,,1.0,[],земеделска земя
22152,la,https://homes.bg/offer/zemya-za-prodazhba/zemedelska-zemya-1361m2-blagoevgrad-zhk.-elenovo/la22152,,"жк. Еленово, Благоевград","Земеделска земя, 1361m²","Категория 7, Нива",1,['https://homes.bg/2020-06-19_2/52025467'],33000.0,ЛЕВА,24 ЛЕВА/m²,,,False, продажба,,2025-01-25 06:03:11.540520,https://www.homes.bg/api/offers??currencyId=1&filterOrderBy=0&locationId=0&typeId=LandAgro,2241,,1.0,[],земеделска земя
34175,la,https://homes.bg/offer/zemya-za-prodazhba/zemedelska-zemya-1004m2-blagoevgrad-s.logodazh/la34175,,"с.Логодаж, Благоевград","Земеделска земя, 1004m²","Категория 4, Ливада",1,"['https://homes.bg/2024-06-04_1/109875317', 'https://homes.bg/2024-06-04_1/109875318']",40000.0,ЛЕВА,39 ЛЕВА/m²,,,False, продажба,,2025-01-25 06:03:11.540535,https://www.homes.bg/api/offers??currencyId=1&filterOrderBy=0&locationId=0&typeId=LandAgro,2241,,2.0,[],земеделска земя
23004,la,https://homes.bg/offer/zemya-za-prodazhba/zemedelska-zemya-2500m2-blagoevgrad-s.pokrovnik/la23004,,"с.Покровник, Благоевград","Земеделска земя, 2500m²","Категория 4, Нива",1,['https://homes.bg/2021-06-21_2/68665802'],90000.0,ЛЕВА,36 ЛЕВА/m²,,,False, продажба,,2025-01-25 06:03:11.540549,https://www.homes.bg/api/offers??currencyId=1&filterOrderBy=0&locationId=0&typeId=LandAgro,2241,,1.0,[],земеделска земя
23689,la,https://homes.bg/offer/zemya-za-prodazhba/zemedelska-zemya-2417m2-sandanski-s.hyrsovo/la23689,,"с.Хърсово, Сандански","Земеделска земя, 2417m²","Категория 9, Нива",1,['https://homes.bg/2022-04-21_2/82765685'],20500.0,ЛЕВА,8 ЛЕВА/m²,,,False, продажба,,2025-01-25 06:03:11.540564,https://www.homes.bg/api/offers??currencyId=1&filterOrderBy=0&locationId=0&typeId=LandAgro,2241,,1.0,[],земеделска земя
23692,la,https://homes.bg/offer/zemya-za-prodazhba/zemedelska-zemya-3338m2-sandanski-s.hyrsovo/la23692,,"с.Хърсово, Сандански","Земеделска земя, 3338m²","Категория 9, Нива",1,"['https://homes.bg/2022-04-22_1/82783050', 'https://homes.bg/2022-04-22_1/82783061', 'https://homes.bg/2022-04-22_1/82783085', 'https://homes.bg/2022-04-22_1/82783099', 'https://homes.bg/2022-04-22_1/82783110', 'https://homes.bg/2022-04-22_1/82783119', 'https://homes.bg/2022-04-22_1/82783131', 'https://homes.bg/2022-04-22_1/82783152', 'https://homes.bg/2022-04-22_1/82783174']",21000.0,ЛЕВА,6 ЛЕВА/m²,,,False, продажба,,2025-01-25 06:03:11.540583,https://www.homes.bg/api/offers??currencyId=1&filterOrderBy=0&locationId=0&typeId=LandAgro,2241,,9.0,[],земеделска земя
24611,la,https://homes.bg/offer/zemya-za-prodazhba/zemedelska-zemya-1004m2-blagoevgrad-s.logodazh/la24611,,"с.Логодаж, Благоевград","Земеделска земя, 1004m²","Категория 4, Ливада",1,"['https://homes.bg/2023-03-15_2/96269750', 'https://homes.bg/2023-03-15_2/96269751']",36000.0,ЛЕВА,35 ЛЕВА/m²,,,False, продажба,,2025-01-25 06:03:11.540598,https://www.homes.bg/api/offers??currencyId=1&filterOrderBy=0&locationId=0&typeId=LandAgro,2241,,2.0,[],земеделска земя
34570,la,https://homes.bg/offer/zemya-za-prodazhba/zemedelska-zemya-2905m2-blagoevgrad-s.logodazh/la34570,,"с.Логодаж, Благоевград","Земеделска земя, 2905m²","Категория 6, Нива",1,"['https://homes.bg/2024-11-06_2/111934901', 'https://homes.bg/2024-11-06_2/111934902', 'https://homes.bg/2024-11-06_2/111934903', 'https://homes.bg/2024-11-06_2/111934904']",43600.0,ЛЕВА,15 ЛЕВА/m²,,,False, продажба,,2025-01-25 06:03:11.540614,https://www.homes.bg/api/offers??currencyId=1&filterOrderBy=0&locationId=0&typeId=LandAgro,2241,,4.0,[],земеделска земя
24199,la,https://homes.bg/offer/zemya-za-prodazhba/zemedelska-zemya-1000m2-blagoevgrad-s.buchino/la24199,,"с.Бучино, Благоевград","Земеделска земя, 1000m²","Категория 5, Нива",1,"['https://homes.bg/2022-11-10_2/91078332', 'https://homes.bg/2022-11-10_2/91078334', 'https://homes.bg/2022-11-10_2/91078333', 'https://homes.bg/2022-11-10_2/91078329', 'https://homes.bg/2022-11-10_2/91078330', 'https://homes.bg/2022-11-10_2/91078331']",31500.0,ЛЕВА,31 ЛЕВА/m²,,,False, продажба,,2025-01-25 06:03:11.540632,https://www.homes.bg/api/offers??currencyId=1&filterOrderBy=0&locationId=0&typeId=LandAgro,2241,,6.0,[],земеделска земя
34257,la,https://homes.bg/offer/zemya-za-prodazhba/zemedelska-zemya-1041m2-blagoevgrad-pyrva-promishlena-zona/la34257,," Първа Промишлена Зона, Благоевград","Земеделска земя, 1041m²","Категория 3, Нива",1,[],34500.0,EUR,33 EUR/m²,,,False, продажба,,2025-01-25 06:03:11.540646,https://www.homes.bg/api/offers??currencyId=1&filterOrderBy=0&locationId=0&typeId=LandAgro,2241,,0.0,[],земеделска земя
23422,la,https://homes.bg/offer/zemya-za-prodazhba/zemedelska-zemya-960m2-blagoevgrad-s.buchino/la23422,,"с.Бучино, Благоевград","Земеделска земя, 960m²","Категория 10, Нива",1,"['https://homes.bg/2023-09-14_2/104429535', 'https://homes.bg/2023-09-14_2/104429536', 'https://homes.bg/2023-09-14_2/104429537', 'https://homes.bg/2023-09-14_2/104429538', 'https://homes.bg/2023-09-14_2/104429549']",21200.0,ЛЕВА,22 ЛЕВА/m²,,,False, продажба,,2025-01-25 06:03:11.540663,https://www.homes.bg/api/offers??currencyId=1&filterOrderBy=0&locationId=0&typeId=LandAgro,2241,,5.0,[],земеделска земя
34281,la,https://homes.bg/offer/zemya-za-prodazhba/zemedelska-zemya-1006m2-blagoevgrad-s.logodazh/la34281,,"с.Логодаж, Благоевград","Земеделска земя, 1006m²","Категория 7, Нива",1,['https://homes.bg/2024-07-02_2/110249449'],17500.0,ЛЕВА,17 ЛЕВА/m²,,,False, продажба,,2025-01-25 06:03:11.540677,https://www.homes.bg/api/offers??currencyId=1&filterOrderBy=0&locationId=0&typeId=LandAgro,2241,,1.0,[],земеделска земя
34756,la,https://homes.bg/offer/zemya-za-prodazhba/zemedelska-zemya-2538m2-sofiya-dolni-pasarel/la34756,," Долни Пасарел, София","Земеделска земя, 2538m²","Категория 9, Ливада",1,"['https://homes.bg/2025-01-16_1/112694662', 'https://homes.bg/2025-01-16_1/112694661']",254000.0,EUR,100 EUR/m²,,,False, продажба,,2025-01-25 06:03:11.540692,https://www.homes.bg/api/offers??currencyId=1&filterOrderBy=0&locationId=0&typeId=LandAgro,2241,,2.0,[],земеделска земя
34717,la,https://homes.bg/offer/zemya-za-prodazhba/zemedelska-zemya-595m2-blagoevgrad-s.logodazh/la34717,,"с.Логодаж, Благоевград","Земеделска земя, 595m²",,1,['https://homes.bg/2024-12-21_1/112512627'],13100.0,ЛЕВА,22 ЛЕВА/m²,,,False, продажба,,2025-01-25 06:03:11.540706,https://www.homes.bg/api/offers??currencyId=1&filterOrderBy=0&locationId=0&typeId=LandAgro,2241,,1.0,[],земеделска земя
34718,la,https://homes.bg/offer/zemya-za-prodazhba/zemedelska-zemya-1311m2-blagoevgrad-s.logodazh/la34718,,"с.Логодаж, Благоевград","Земеделска земя, 1311m²",,1,['https://homes.bg/2024-12-21_1/112512628'],20800.0,ЛЕВА,15 ЛЕВА/m²,,,False, продажба,,2025-01-25 06:03:11.540719,https://www.homes.bg/api/offers??currencyId=1&filterOrderBy=0&locationId=0&typeId=LandAgro,2241,,1.0,[],земеделска земя
34719,la,https://homes.bg/offer/zemya-za-prodazhba/zemedelska-zemya-990m2-blagoevgrad-s.logodazh/la34719,,"с.Логодаж, Благоевград","Земеделска земя, 990m²",,1,['https://homes.bg/2024-12-21_1/112512629'],21000.0,ЛЕВА,21 ЛЕВА/m²,,,False, продажба,,2025-01-25 06:03:11.540733,https://www.homes.bg/api/offers??currencyId=1&filterOrderBy=0&locationId=0&typeId=LandAgro,2241,,1.0,[],земеделска земя
34720,la,https://homes.bg/offer/zemya-za-prodazhba/zemedelska-zemya-908m2-blagoevgrad-s.logodazh/la34720,,"с.Логодаж, Благоевград","Земеделска земя, 908m²",,1,['https://homes.bg/2024-12-21_1/112512630'],15000.0,ЛЕВА,16 ЛЕВА/m²,,,False, продажба,,2025-01-25 06:03:11.540747,https://www.homes.bg/api/offers??currencyId=1&filterOrderBy=0&locationId=0&typeId=LandAgro,2241,,1.0,[],земеделска земя
34754,la,https://homes.bg/offer/zemya-za-prodazhba/zemedelska-zemya-11898m2-bankya-gr.bankya/la34754,,"гр.Банкя, Банкя","Земеделска земя, 11898m²","Категория 5, Нива",1,"['https://homes.bg/2025-01-15_2/112678294', 'https://homes.bg/2025-01-15_2/112678296', 'https://homes.bg/2025-01-15_2/112678295']",200000.0,EUR,16 EUR/m²,,,False, продажба,,2025-01-25 06:03:11.540771,https://www.homes.bg/api/offers??currencyId=1&filterOrderBy=0&locationId=0&typeId=LandAgro,2241,,3.0,[],земеделска земя
33903,la,https://homes.bg/offer/zemya-za-prodazhba/zemedelska-zemya-1100m2-sandanski-s.hyrsovo/la33903,,"с.Хърсово, Сандански","Земеделска земя, 1100m²",Нива,1,"['https://homes.bg/2024-09-10_2/111166095', 'https://homes.bg/2024-09-10_2/111166096', 'https://homes.bg/2024-09-10_2/111166098', 'https://homes.bg/2024-09-10_2/111166101', 'https://homes.bg/2024-09-10_2/111166100', 'https://homes.bg/2024-09-10_2/111166099', 'https://homes.bg/2024-09-10_2/111166097']",25500.0,ЛЕВА,23 ЛЕВА/m²,,,False, продажба,,2025-01-25 06:03:11.540791,https://www.homes.bg/api/offers??currencyId=1&filterOrderBy=0&locationId=0&typeId=LandAgro,2241,,7.0,[],земеделска земя
34744,la,https://homes.bg/offer/zemya-za-prodazhba/zemedelska-zemya-3316m2-plovdiv-s.markovo/la34744,,"с.Марково, Пловдив","Земеделска земя, 3316m²","Категория 4, Лозе",1,['https://homes.bg/2025-01-14_2/112674375'],99000.0,EUR,29 EUR/m²,,,False, продажба,,2025-01-25 06:03:11.540809,https://www.homes.bg/api/offers??currencyId=1&filterOrderBy=0&locationId=0&typeId=LandAgro,2241,,1.0,[],земеделска земя
34745,la,https://homes.bg/offer/zemya-za-prodazhba/zemedelska-zemya-7020m2-plovdiv-s.zlatitrap/la34745,,"с.Златитрап, Пловдив","Земеделска земя, 7020m²",Нива,1,"['https://homes.bg/2025-01-14_2/112674424', 'https://homes.bg/2025-01-14_2/112674425']",83000.0,EUR,11 EUR/m²,,,False, продажба,,2025-01-25 06:03:11.540825,https://www.homes.bg/api/offers??currencyId=1&filterOrderBy=0&locationId=0&typeId=LandAgro,2241,,2.0,[],земеделска земя
34429,la,https://homes.bg/offer/zemya-za-prodazhba/zemedelska-zemya-7499m2-sofijska-s.hrabyrsko/la34429,,"с.Храбърско, Софийска","Земеделска земя, 7499m²",Нива,1,"['https://homes.bg/2025-01-15_1/112675606', 'https://homes.bg/2025-01-15_1/112675607']",26000.0,EUR,3 EUR/m²,,,False, продажба,,2025-01-25 06:03:11.540841,https://www.homes.bg/api/offers??currencyId=1&filterOrderBy=0&locationId=0&typeId=LandAgro,2241,,2.0,[],земеделска земя
34376,la,https://homes.bg/offer/zemya-za-prodazhba/zemedelska-zemya-2517m2-sofiya---grad-s.myrchaevo/la34376,,"с.Мърчаево, София - град","Земеделска земя, 2517m²",Друго,1,[],299900.0,EUR,119 EUR/m²,,,False, продажба,,2025-01-25 06:03:11.540855,https://www.homes.bg/api/offers??currencyId=1&filterOrderBy=0&locationId=0&typeId=LandAgro,2241,,0.0,[],земеделска земя
21507,la,https://homes.bg/offer/zemya-za-prodazhba/zemedelska-zemya-78000m2-marica-s.manole/la21507,,"с.Маноле, Марица","Земеделска земя, 78000m²","Категория 7, Овощна градина",1,"['https://homes.bg/2019-11-02_2/44512182', 'https://homes.bg/2019-11-02_2/44512183']",275000.0,ЛЕВА,3 ЛЕВА/m²,,,False, продажба,,2025-01-25 06:03:11.540869,https://www.homes.bg/api/offers??currencyId=1&filterOrderBy=0&locationId=0&typeId=LandAgro,2241,,2.0,[],земеделска земя
34753,la,https://homes.bg/offer/zemya-za-prodazhba/zemedelska-zemya-56000m2-dobrich-s.staevci/la34753,,"с.Стаевци, Добрич","Земеделска земя, 56000m²",Друго,1,"['https://homes.bg/2025-01-15_1/112676849', 'https://homes.bg/2025-01-15_1/112676850']",110000.0,EUR,1 EUR/m²,,,False, продажба,,2025-01-25 06:03:11.540883,https://www.homes.bg/api/offers??currencyId=1&filterOrderBy=0&locationId=0&typeId=LandAgro,2241,,2.0,[],земеделска земя
34733,la,https://homes.bg/offer/zemya-za-prodazhba/zemedelska-zemya-10000m2-dobrich-s.obrochishte/la34733,,"с.Оброчище, Добрич","Земеделска земя, 10000m²",Друго,1,['https://homes.bg/2025-01-07_1/112603899'],220000.0,EUR,22 EUR/m²,,,False, продажба,,2025-01-25 06:03:11.540897,https://www.homes.bg/api/offers??currencyId=1&filterOrderBy=0&locationId=0&typeId=LandAgro,2241,,1.0,[],земеделска земя
25108,la,https://homes.bg/offer/zemya-za-prodazhba/zemedelska-zemya-1154m2-pernik-s.rudarci/la25108,,"с.Рударци, Перник","Земеделска земя, 1154m²",,1,"['https://homes.bg/2023-08-10_1/103047946', 'https://homes.bg/2023-08-10_1/103047948', 'https://homes.bg/2023-08-10_1/103047950']",66000.0,EUR,57 EUR/m²,,,False, продажба,,2025-01-25 06:03:11.540937,https://www.homes.bg/api/offers??currencyId=1&filterOrderBy=0&locationId=0&typeId=LandAgro,2241,,3.0,[],земеделска земя
24961,la,https://homes.bg/offer/zemya-za-prodazhba/zemedelska-zemya-1048m2-pernik-s.rudarci/la24961,,"с.Рударци, Перник","Земеделска земя, 1048m²",,1,"['https://homes.bg/2023-06-23_1/101119525', 'https://homes.bg/2023-06-23_1/101119527', 'https://homes.bg/2023-06-23_1/101119529']",65000.0,EUR,62 EUR/m²,,,False, продажба,,2025-01-25 06:03:11.540956,https://www.homes.bg/api/offers??currencyId=1&filterOrderBy=0&locationId=0&typeId=LandAgro,2241,,3.0,[],земеделска земя
24001,la,https://homes.bg/offer/zemya-za-prodazhba/zemedelska-zemya-6287m2-burgas-burgas/la24001,,"Бургас, Бургас","Земеделска земя, 6287m²",,1,[],127500.0,EUR,20 EUR/m²,,,False, продажба,,2025-01-25 06:03:11.540969,https://www.homes.bg/api/offers??currencyId=1&filterOrderBy=0&locationId=0&typeId=LandAgro,2241,,0.0,[],земеделска земя
24661,la,https://homes.bg/offer/zemya-za-prodazhba/zemedelska-zemya-5200m2-plovdiv-industrialna-zona---jug/la24661,," Индустриална зона - Юг, Пловдив","Земеделска земя, 5200m²",Друго,1,['https://homes.bg/2023-03-31_1/97046407'],0.0,EUR,0 EUR/m²,,,False, продажба,,2025-01-25 06:03:11.540983,https://www.homes.bg/api/offers??currencyId=1&filterOrderBy=0&locationId=0&typeId=LandAgro,2241,,1.0,[],земеделска земя
22072,la,https://homes.bg/offer/zemya-za-prodazhba/zemedelska-zemya-6000m2-petrich-s.novo-konomladi/la22072,,"с.Ново Кономлади, Петрич","Земеделска земя, 6000m²","Категория 5, Лозе",1,"['https://homes.bg/2020-06-02_2/51563822', 'https://homes.bg/2020-06-02_2/51563784', 'https://homes.bg/2020-06-02_2/51563790', 'https://homes.bg/2020-06-02_2/51563798', 'https://homes.bg/2020-06-02_2/51563803', 'https://homes.bg/2020-05-22_1/51234482', 'https://homes.bg/2020-06-02_2/51563810', 'https://homes.bg/2020-06-02_2/51563816']",9500.0,ЛЕВА,1 ЛЕВА/m²,,,False, продажба,,2025-01-25 06:03:11.541003,https://www.homes.bg/api/offers??currencyId=1&filterOrderBy=0&locationId=0&typeId=LandAgro,2241,,8.0,[],земеделска земя
24560,la,https://homes.bg/offer/zemya-za-prodazhba/zemedelska-zemya-1501m2-samokov-s.reljovo/la24560,,"с.Рельово, Самоков","Земеделска земя, 1501m²","Категория 8, Нива",1,[],45000.0,EUR,29 EUR/m²,,,False, продажба,,2025-01-25 06:03:11.541017,https://www.homes.bg/api/offers??currencyId=1&filterOrderBy=0&locationId=0&typeId=LandAgro,2241,,0.0,[],земеделска земя
34324,la,https://homes.bg/offer/zemya-za-prodazhba/zemedelska-zemya-4739m2-sofiya---grad-s.chepinci/la34324,,"с.Чепинци, София - град","Земеделска земя, 4739m²",Друго,1,"['https://homes.bg/2024-07-18_1/110469110', 'https://homes.bg/2024-07-18_1/110469111', 'https://homes.bg/2024-07-18_1/110469112', 'https://homes.bg/2024-07-18_1/110469113']",94700.0,EUR,19 EUR/m²,,,False, продажба,,2025-01-25 06:03:11.541039,https://www.homes.bg/api/offers??currencyId=1&filterOrderBy=0&locationId=0&typeId=LandAgro,2241,,4.0,[],земеделска земя
34738,la,https://homes.bg/offer/zemya-za-prodazhba/zemedelska-zemya-3001m2-smolyan-k.k.pamporovo/la34738,,"к.к.Пампорово, Смолян","Земеделска земя, 3001m²",Гора,1,"['https://homes.bg/2025-01-09_1/112626509', 'https://homes.bg/2025-01-09_1/112626510']",85000.0,EUR,28 EUR/m²,,,False, продажба,,2025-01-25 06:03:11.541054,https://www.homes.bg/api/offers??currencyId=1&filterOrderBy=0&locationId=0&typeId=LandAgro,2241,,2.0,[],земеделска земя
34741,la,https://homes.bg/offer/zemya-za-prodazhba/zemedelska-zemya-135000m2-vidin-gr.dimovo/la34741,,"гр.Димово, Видин","Земеделска земя, 135000m²",Друго,1,"['https://homes.bg/2025-01-11_1/112647095', 'https://homes.bg/2025-01-11_1/112647096', 'https://homes.bg/2025-01-11_1/112647097', 'https://homes.bg/2025-01-11_1/112647098', 'https://homes.bg/2025-01-11_1/112647099']",176000.0,EUR,1 EUR/m²,,,False, продажба,,2025-01-25 06:03:11.541071,https://www.homes.bg/api/offers??currencyId=1&filterOrderBy=0&locationId=0&typeId=LandAgro,2241,,5.0,[],земеделска земя
34746,la,https://homes.bg/offer/zemya-za-prodazhba/zemedelska-zemya-500m2-burgas-s.varvara/la34746,,"с.Варвара, Бургас","Земеделска земя, 500m²",Друго,1,"['https://homes.bg/2025-01-14_1/112659822', 'https://homes.bg/2025-01-14_1/112659823', 'https://homes.bg/2025-01-14_1/112659824', 'https://homes.bg/2025-01-14_1/112659825', 'https://homes.bg/2025-01-14_1/112659826']",31500.0,EUR,63 EUR/m²,,,False, продажба,,2025-01-25 06:03:11.541087,https://www.homes.bg/api/offers??currencyId=1&filterOrderBy=0&locationId=0&typeId=LandAgro,2241,,5.0,[],земеделска земя
34682,la,https://homes.bg/offer/zemya-za-prodazhba/zemedelska-zemya-2261m2-sofiya---grad-s.ivanyane/la34682,,"с.Иваняне, София - град","Земеделска земя, 2261m²",Друго,1,"['https://homes.bg/2024-12-06_1/112341033', 'https://homes.bg/2024-12-06_1/112341034']",105399.0,EUR,46 EUR/m²,,,False, продажба,,2025-01-25 06:03:11.541102,https://www.homes.bg/api/offers??currencyId=1&filterOrderBy=0&locationId=0&typeId=LandAgro,2241,,2.0,[],земеделска земя
34456,la,https://homes.bg/offer/zemya-za-prodazhba/zemedelska-zemya-10238m2-sofiya---grad-s.zheleznica/la34456,,"с.Железница, София - град","Земеделска земя, 10238m²",Друго,1,['https://homes.bg/2024-09-17_1/111263964'],296902.0,EUR,29 EUR/m²,,,False, продажба,,2025-01-25 06:03:11.541120,https://www.homes.bg/api/offers??currencyId=1&filterOrderBy=0&locationId=0&typeId=LandAgro,2241,,1.0,[],земеделска земя
34041,la,https://homes.bg/offer/zemya-za-prodazhba/zemedelska-zemya-1500m2-sofiya---grad-s.bistrica/la34041,,"с.Бистрица, София - град","Земеделска земя, 1500m²",Друго,1,['https://homes.bg/2024-04-13_1/109243893'],118500.0,EUR,79 EUR/m²,,,False, продажба,,2025-01-25 06:03:11.541139,https://www.homes.bg/api/offers??currencyId=1&filterOrderBy=0&locationId=0&typeId=LandAgro,2241,,1.0,[],земеделска земя
34040,la,https://homes.bg/offer/zemya-za-prodazhba/zemedelska-zemya-3001m2-sofiya---grad-s.bistrica/la34040,,"с.Бистрица, София - град","Земеделска земя, 3001m²",Друго,1,['https://homes.bg/2024-04-13_1/109243892'],237079.0,EUR,79 EUR/m²,,,False, продажба,,2025-01-25 06:03:11.541154,https://www.homes.bg/api/offers??currencyId=1&filterOrderBy=0&locationId=0&typeId=LandAgro,2241,,1.0,[],земеделска земя
34458,la,https://homes.bg/offer/zemya-za-prodazhba/zemedelska-zemya-1941m2-sofiya---grad-s.zheleznica/la34458,,"с.Железница, София - град","Земеделска земя, 1941m²",Друго,1,['https://homes.bg/2024-09-17_1/111263966'],155280.0,EUR,80 EUR/m²,,,False, продажба,,2025-01-25 06:03:11.541167,https://www.homes.bg/api/offers??currencyId=1&filterOrderBy=0&locationId=0&typeId=LandAgro,2241,,1.0,[],земеделска земя
34149,la,https://homes.bg/offer/zemya-za-prodazhba/zemedelska-zemya-8822m2-varna-s.slynchevo/la34149,,"с.Слънчево, Варна","Земеделска земя, 8822m²",,1,['https://homes.bg/2024-05-21_1/109710473'],114690.0,EUR,13 EUR/m²,,,False, продажба,,2025-01-25 06:03:11.541181,https://www.homes.bg/api/offers??currencyId=1&filterOrderBy=0&locationId=0&typeId=LandAgro,2241,,1.0,[],земеделска земя
33465,la,https://homes.bg/offer/zemya-za-prodazhba/zemedelska-zemya-3907m2-plovdiv-s.brestnik/la33465,,"с.Брестник, Пловдив","Земеделска земя, 3907m²",,1,"['https://homes.bg/2023-10-18_1/105916817', 'https://homes.bg/2023-10-18_1/105916819']",175680.0,EUR,44 EUR/m²,,,False, продажба,,2025-01-25 06:03:11.541196,https://www.homes.bg/api/offers??currencyId=1&filterOrderBy=0&locationId=0&typeId=LandAgro,2241,,2.0,[],земеделска земя
23880,la,https://homes.bg/offer/zemya-za-prodazhba/zemedelska-zemya-43000m2-sofijska-s.gorno-kamarci/la23880,,"с.Горно Камарци, Софийска","Земеделска земя, 43000m²",,1,"['https://homes.bg/2022-07-01_1/85649356', 'https://homes.bg/2022-07-01_1/85649358', 'https://homes.bg/2022-07-01_1/85649359', 'https://homes.bg/2022-07-01_1/85649362']",189200.0,EUR,4 EUR/m²,,,False, продажба,,2025-01-25 06:03:11.541212,https://www.homes.bg/api/offers??currencyId=1&filterOrderBy=0&locationId=0&typeId=LandAgro,2241,,4.0,[],земеделска земя
34743,la,https://homes.bg/offer/zemya-za-prodazhba/zemedelska-zemya-16000m2-vylchi-dol-s.vojvodino/la34743,,"с.Войводино, Вълчи Дол","Земеделска земя, 16000m²","Категория 3, Друго",1,"['https://homes.bg/2025-01-12_2/112648097', 'https://homes.bg/2025-01-12_2/112648098']",480000.0,EUR,30 EUR/m²,,,False, продажба,,2025-01-25 06:03:11.541227,https://www.homes.bg/api/offers??currencyId=1&filterOrderBy=0&locationId=0&typeId=LandAgro,2241,,2.0,[],земеделска земя
34162,la,https://homes.bg/offer/zemya-za-prodazhba/zemedelska-zemya-400m2-veliko-tyrnovo-gr.kilifarevo/la34162,,"гр.Килифарево, Велико Търново","Земеделска земя, 400m²","Категория 3, Нива",1,"['https://homes.bg/2025-01-11_2/112647372', 'https://homes.bg/2025-01-11_2/112647368', 'https://homes.bg/2025-01-11_2/112647369', 'https://homes.bg/2025-01-11_2/112647370', 'https://homes.bg/2025-01-11_2/112647371', 'https://homes.bg/2025-01-11_2/112647373']",3100.0,EUR,7 EUR/m²,,,False, продажба,,2025-01-25 06:03:11.541244,https://www.homes.bg/api/offers??currencyId=1&filterOrderBy=0&locationId=0&typeId=LandAgro,2241,,6.0,[],земеделска земя
34697,la,https://homes.bg/offer/zemya-za-prodazhba/zemedelska-zemya-993m2-blagoevgrad-s.logodazh/la34697,,"с.Логодаж, Благоевград","Земеделска земя, 993m²",,1,['https://homes.bg/2024-12-12_1/112412605'],5200.0,ЛЕВА,5 ЛЕВА/m²,,,False, продажба,,2025-01-25 06:03:11.541258,https://www.homes.bg/api/offers??currencyId=1&filterOrderBy=0&locationId=0&typeId=LandAgro,2241,,1.0,[],земеделска земя
34698,la,https://homes.bg/offer/zemya-za-prodazhba/zemedelska-zemya-695m2-blagoevgrad-s.logodazh/la34698,,"с.Логодаж, Благоевград","Земеделска земя, 695m²",,1,['https://homes.bg/2024-12-12_1/112412634'],4200.0,ЛЕВА,6 ЛЕВА/m²,,,False, продажба,,2025-01-25 06:03:11.541273,https://www.homes.bg/api/offers??currencyId=1&filterOrderBy=0&locationId=0&typeId=LandAgro,2241,,1.0,[],земеделска земя
34694,la,https://homes.bg/offer/zemya-za-prodazhba/zemedelska-zemya-7121m2-plovdiv-s.pyrvenec/la34694,,"с.Първенец, Пловдив","Земеделска земя, 7121m²",,1,['https://homes.bg/2024-12-11_1/112396703'],358000.0,EUR,50 EUR/m²,,,False, продажба,,2025-01-25 06:03:11.541287,https://www.homes.bg/api/offers??currencyId=1&filterOrderBy=0&locationId=0&typeId=LandAgro,2241,,1.0,[],земеделска земя
34678,la,https://homes.bg/offer/zemya-za-prodazhba/zemedelska-zemya-6000m2-blagoevgrad-s.rilci/la34678,,"с.Рилци, Благоевград","Земеделска земя, 6000m²",,1,['https://homes.bg/2024-12-05_1/112325068'],186000.0,ЛЕВА,31 ЛЕВА/m²,,,False, продажба,,2025-01-25 06:03:11.541301,https://www.homes.bg/api/offers??currencyId=1&filterOrderBy=0&locationId=0&typeId=LandAgro,2241,,1.0,[],земеделска земя
34245,la,https://homes.bg/offer/zemya-za-prodazhba/zemedelska-zemya-3000m2-plovdiv-kv.-proslav/la34245,,"кв. Прослав, Пловдив","Земеделска земя, 3000m²",,1,"['https://homes.bg/2024-06-20_1/110086960', 'https://homes.bg/2024-06-20_1/110086961']",150000.0,EUR,50 EUR/m²,,,False, продажба,,2025-01-25 06:03:11.541316,https://www.homes.bg/api/offers??currencyId=1&filterOrderBy=0&locationId=0&typeId=LandAgro,2241,,2.0,[],земеделска земя
34681,la,https://homes.bg/offer/zemya-za-prodazhba/zemedelska-zemya-5563m2-smolyan-k.k.pamporovo/la34681,,"к.к.Пампорово, Смолян","Земеделска земя, 5563m²",,1,['https://homes.bg/2024-12-06_1/112340434'],222520.0,ЛЕВА,40 ЛЕВА/m²,,,False, продажба,,2025-01-25 06:03:11.541329,https://www.homes.bg/api/offers??currencyId=1&filterOrderBy=0&locationId=0&typeId=LandAgro,2241,,1.0,[],земеделска земя
34699,la,https://homes.bg/offer/zemya-za-prodazhba/zemedelska-zemya-860m2-blagoevgrad-s.logodazh/la34699,,"с.Логодаж, Благоевград","Земеделска земя, 860m²",,1,['https://homes.bg/2024-12-12_1/112412645'],5000.0,ЛЕВА,5 ЛЕВА/m²,,,False, продажба,,2025-01-25 06:03:11.541343,https://www.homes.bg/api/offers??currencyId=1&filterOrderBy=0&locationId=0&typeId=LandAgro,2241,,1.0,[],земеделска земя
24839,la,https://homes.bg/offer/zemya-za-prodazhba/zemedelska-zemya-6599m2-plovdiv-s.calapica/la24839,,"с.Цалапица, Пловдив","Земеделска земя, 6599m²",,1,['https://homes.bg/2023-05-30_1/99944598'],84990.0,EUR,12 EUR/m²,,,False, продажба,,2025-01-25 06:03:11.541356,https://www.homes.bg/api/offers??currencyId=1&filterOrderBy=0&locationId=0&typeId=LandAgro,2241,,1.0,[],земеделска земя
33809,la,https://homes.bg/offer/zemya-za-prodazhba/zemedelska-zemya-3412m2-yambol-promishlena-zona/la33809,," Промишлена Зона , Ямбол","Земеделска земя, 3412m²",,1,['https://homes.bg/2024-01-31_1/108145203'],31000.0,ЛЕВА,9 ЛЕВА/m²,,,False, продажба,,2025-01-25 06:03:11.541374,https://www.homes.bg/api/offers??currencyId=1&filterOrderBy=0&locationId=0&typeId=LandAgro,2241,,1.0,[],земеделска земя
34740,la,https://homes.bg/offer/zemya-za-prodazhba/zemedelska-zemya-5273m2-plovdiv-s.markovo/la34740,,"с.Марково, Пловдив","Земеделска земя, 5273m²",Нива,1,['https://homes.bg/2025-01-10_2/112644516'],274196.0,EUR,52 EUR/m²,,,False, продажба,,2025-01-25 06:03:11.541388,https://www.homes.bg/api/offers??currencyId=1&filterOrderBy=0&locationId=0&typeId=LandAgro,2241,,1.0,[],земеделска земя
34739,la,https://homes.bg/offer/zemya-za-prodazhba/zemedelska-zemya-2000m2-dobrich-dobrich/la34739,,"Добрич, Добрич","Земеделска земя, 2000m²",Нива,1,['https://homes.bg/2025-01-10_2/112640167'],92700.0,ЛЕВА,46 ЛЕВА/m²,,,False, продажба,,2025-01-25 06:03:11.541402,https://www.homes.bg/api/offers??currencyId=1&filterOrderBy=0&locationId=0&typeId=LandAgro,2241,,1.0,[],земеделска земя
24800,la,https://homes.bg/offer/zemya-za-prodazhba/zemedelska-zemya-6000m2-dupnica-s.dzherman/la24800,,"с.Джерман, Дупница","Земеделска земя, 6000m²","Категория 4, Нива",1,"['https://homes.bg/2023-05-19_2/99396852', 'https://homes.bg/2023-05-19_2/99396853', 'https://homes.bg/2023-05-19_2/99396854', 'https://homes.bg/2023-05-19_2/99396855', 'https://homes.bg/2023-05-19_2/99396856', 'https://homes.bg/2023-05-19_2/99396857', 'https://homes.bg/2023-05-19_2/99396858', 'https://homes.bg/2023-05-19_2/99396859']",72000.0,ЛЕВА,12 ЛЕВА/m²,,,False, продажба,,2025-01-25 06:03:11.541422,https://www.homes.bg/api/offers??currencyId=1&filterOrderBy=0&locationId=0&typeId=LandAgro,2241,,8.0,[],земеделска земя
18975,la,https://homes.bg/offer/zemya-za-prodazhba/zemedelska-zemya-2195m2-sozopol-s.atiya/la18975,,"с.Атия, Созопол","Земеделска земя, 2195m²",Нива,1,"['https://homes.bg/2017-07-06_2/14594514', 'https://homes.bg/2017-07-06_2/14594515', 'https://homes.bg/2017-07-06_2/14594516', 'https://homes.bg/2017-07-06_2/14594519']",33000.0,EUR,15 EUR/m²,,,False, продажба,,2025-01-25 06:03:11.541437,https://www.homes.bg/api/offers??currencyId=1&filterOrderBy=0&locationId=0&typeId=LandAgro,2241,,4.0,[],земеделска земя
22713,la,https://homes.bg/offer/zemya-za-prodazhba/zemedelska-zemya-3841m2-burgas-severna-promishlena-zona/la22713,," Северна Промишлена Зона, Бургас","Земеделска земя, 3841m²","Категория 4, Нива",1,['https://homes.bg/2021-03-02_2/61081524'],115230.0,EUR,30 EUR/m²,,,False, продажба,,2025-01-25 06:03:11.541450,https://www.homes.bg/api/offers??currencyId=1&filterOrderBy=0&locationId=0&typeId=LandAgro,2241,,1.0,[],земеделска земя
21393,la,https://homes.bg/offer/zemya-za-prodazhba/zemedelska-zemya-14136m2-kameno-s.krystina/la21393,,"с.Кръстина, Камено","Земеделска земя, 14136m²","Категория 4, Нива",1,"['https://homes.bg/2019-09-26_2/43014370', 'https://homes.bg/2019-09-26_2/43014371', 'https://homes.bg/2019-09-26_2/43014374', 'https://homes.bg/2019-09-26_2/43014377']",56000.0,EUR,3 EUR/m²,,,False, продажба,,2025-01-25 06:03:11.541463,https://www.homes.bg/api/offers??currencyId=1&filterOrderBy=0&locationId=0&typeId=LandAgro,2241,,4.0,[],земеделска земя
24308,la,https://homes.bg/offer/zemya-za-prodazhba/zemedelska-zemya-3124m2-slivnica-s.aldomirovci/la24308,,"с.Алдомировци, Сливница","Земеделска земя, 3124m²","Категория 4, Нива",1,['https://homes.bg/2022-12-10_2/92442923'],39900.0,EUR,12 EUR/m²,,,False, продажба,,2025-01-25 06:03:11.541473,https://www.homes.bg/api/offers??currencyId=1&filterOrderBy=0&locationId=0&typeId=LandAgro,2241,,1.0,[],земеделска земя
34529,la,https://homes.bg/offer/zemya-za-prodazhba/zemedelska-zemya-8048m2-varna-s.bliznaci/la34529,,"с.Близнаци, Варна","Земеделска земя, 8048m²","Категория 4, Нива",1,"['https://homes.bg/2025-01-10_2/112639943', 'https://homes.bg/2025-01-10_2/112639944', 'https://homes.bg/2025-01-10_2/112639945', 'https://homes.bg/2025-01-10_2/112639946', 'https://homes.bg/2025-01-10_2/112639947', 'https://homes.bg/2025-01-10_2/112639948', 'https://homes.bg/2025-01-10_2/112639949', 'https://homes.bg/2025-01-10_2/112639950', 'https://homes.bg/2025-01-10_2/112639951']",161000.0,EUR,20 EUR/m²,,,False, продажба,,2025-01-25 06:03:11.541487,https://www.homes.bg/api/offers??currencyId=1&filterOrderBy=0&locationId=0&typeId=LandAgro,2241,,9.0,[],земеделска земя
23916,la,https://homes.bg/offer/zemya-za-prodazhba/zemedelska-zemya-1500m2-plovdiv-s.graf-ignatievo/la23916,,"с.Граф-Игнатиево, Пловдив","Земеделска земя, 1500m²",Нива,1,"['https://homes.bg/2025-01-10_2/112640431', 'https://homes.bg/2025-01-10_2/112640432', 'https://homes.bg/2025-01-10_2/112640433', 'https://homes.bg/2025-01-10_2/112640434', 'https://homes.bg/2025-01-10_2/112640435', 'https://homes.bg/2025-01-10_2/112640436', 'https://homes.bg/2025-01-10_2/112640437', 'https://homes.bg/2025-01-10_2/112640438', 'https://homes.bg/2025-01-10_2/112640439']",36000.0,EUR,24 EUR/m²,,,False, продажба,,2025-01-25 06:03:11.541503,https://www.homes.bg/api/offers??currencyId=1&filterOrderBy=0&locationId=0&typeId=LandAgro,2241,,9.0,[],земеделска земя
34470,la,https://homes.bg/offer/zemya-za-prodazhba/zemedelska-zemya-3077m2-plovdiv-s.markovo/la34470,,"с.Марково, Пловдив","Земеделска земя, 3077m²",Нива,1,['https://homes.bg/2025-01-10_2/112641025'],150000.0,EUR,48 EUR/m²,,,False, продажба,,2025-01-25 06:03:11.541514,https://www.homes.bg/api/offers??currencyId=1&filterOrderBy=0&locationId=0&typeId=LandAgro,2241,,1.0,[],земеделска земя
24288,la,https://homes.bg/offer/zemya-za-prodazhba/zemedelska-zemya-34000m2-slivo-pole-s.slivo-pole/la24288,,"с.Сливо Поле, Сливо Поле","Земеделска земя, 34000m²","Категория 4, Нива",1,"['https://homes.bg/2022-12-05_2/92223331', 'https://homes.bg/2022-12-05_2/92223330', 'https://homes.bg/2022-12-05_2/92223333', 'https://homes.bg/2022-12-05_2/92223332']",156400.0,ЛЕВА,4 ЛЕВА/m²,,,False, продажба,,2025-01-25 06:03:11.541526,https://www.homes.bg/api/offers??currencyId=1&filterOrderBy=0&locationId=0&typeId=LandAgro,2241,,4.0,[],земеделска земя
34473,la,https://homes.bg/offer/zemya-za-prodazhba/zemedelska-zemya-996m2-blagoevgrad-s.dybrava/la34473,,"с.Дъбрава, Благоевград","Земеделска земя, 996m²","Категория 7, Нива",1,"['https://homes.bg/2024-09-24_1/111354549', 'https://homes.bg/2024-09-24_1/111354550']",21000.0,EUR,21 EUR/m²,,,False, продажба,,2025-01-25 06:03:11.541537,https://www.homes.bg/api/offers??currencyId=1&filterOrderBy=0&locationId=0&typeId=LandAgro,2241,,2.0,[],земеделска земя
34465,la,https://homes.bg/offer/zemya-za-prodazhba/zemedelska-zemya-1000m2-blagoevgrad-s.dybrava/la34465,,"с.Дъбрава, Благоевград","Земеделска земя, 1000m²","Категория 7, Нива",1,"['https://homes.bg/2024-09-18_2/111282422', 'https://homes.bg/2024-09-18_2/111282423', 'https://homes.bg/2024-09-19_2/111300350']",15000.0,EUR,15 EUR/m²,,,False, продажба,,2025-01-25 06:03:11.541549,https://www.homes.bg/api/offers??currencyId=1&filterOrderBy=0&locationId=0&typeId=LandAgro,2241,,3.0,[],земеделска земя
34737,la,https://homes.bg/offer/zemya-za-prodazhba/zemedelska-zemya-3000m2-burgas-gr.pomorie/la34737,,"гр.Поморие, Бургас","Земеделска земя, 3000m²","Категория 3, Нива",1,['https://homes.bg/2025-01-09_2/112627685'],81300.0,EUR,27 EUR/m²,,,False, продажба,,2025-01-25 06:03:11.541560,https://www.homes.bg/api/offers??currencyId=1&filterOrderBy=0&locationId=0&typeId=LandAgro,2241,,1.0,[],земеделска земя
34640,la,https://homes.bg/offer/zemya-za-prodazhba/zemedelska-zemya-2500m2-burgas-gr.pomorie/la34640,,"гр.Поморие, Бургас","Земеделска земя, 2500m²","Категория 3, Нива",1,['https://homes.bg/2025-01-09_2/112627686'],28200.0,EUR,11 EUR/m²,,,False, продажба,,2025-01-25 06:03:11.541572,https://www.homes.bg/api/offers??currencyId=1&filterOrderBy=0&locationId=0&typeId=LandAgro,2241,,1.0,[],земеделска земя
34252,la,https://homes.bg/offer/zemya-za-prodazhba/zemedelska-zemya-7367m2-blagoevgrad-s.logodazh/la34252,,"с.Логодаж, Благоевград","Земеделска земя, 7367m²",Друго,1,"['https://homes.bg/2024-06-20_1/110088478', 'https://homes.bg/2024-06-20_1/110088479', 'https://homes.bg/2024-06-20_1/110088480', 'https://homes.bg/2024-06-20_1/110088481']",50650.0,EUR,6 EUR/m²,,,False, продажба,,2025-01-25 06:03:11.541584,https://www.homes.bg/api/offers??currencyId=1&filterOrderBy=0&locationId=0&typeId=LandAgro,2241,,4.0,[],земеделска земя
33614,la,https://homes.bg/offer/zemya-za-prodazhba/zemedelska-zemya-5000m2-plovdiv-industrialna-zona---iztok/la33614,," Индустриална зона - Изток, Пловдив","Земеделска земя, 5000m²","Категория 4, Нива",1,[],160000.0,EUR,32 EUR/m²,,,False, продажба,,2025-01-25 06:03:11.541595,https://www.homes.bg/api/offers??currencyId=1&filterOrderBy=0&locationId=0&typeId=LandAgro,2241,,0.0,[],земеделска земя
34716,la,https://homes.bg/offer/zemya-za-prodazhba/zemedelska-zemya-4500m2-plovdiv-s.calapica/la34716,,"с.Цалапица, Пловдив","Земеделска земя, 4500m²",Нива,1,"['https://homes.bg/2025-01-08_2/112624516', 'https://homes.bg/2025-01-08_2/112624517', 'https://homes.bg/2025-01-08_2/112624518']",103500.0,EUR,23 EUR/m²,,,False, продажба,,2025-01-25 06:03:11.541606,https://www.homes.bg/api/offers??currencyId=1&filterOrderBy=0&locationId=0&typeId=LandAgro,2241,,3.0,[],земеделска земя
33662,la,https://homes.bg/offer/zemya-za-prodazhba/zemedelska-zemya-5997m2-blagoevgrad-zhk.-balarbashi/la33662,,"жк. Баларбаши, Благоевград","Земеделска земя, 5997m²",Друго,1,"['https://homes.bg/2023-12-19_1/107669202', 'https://homes.bg/2023-12-19_1/107669203']",96000.0,EUR,16 EUR/m²,,,False, продажба,,2025-01-25 06:03:11.541618,https://www.homes.bg/api/offers??currencyId=1&filterOrderBy=0&locationId=0&typeId=LandAgro,2241,,2.0,[],земеделска земя
34161,la,https://homes.bg/offer/zemya-za-prodazhba/zemedelska-zemya-7164m2-blagoevgrad-gr.simitli/la34161,,"гр.Симитли, Благоевград","Земеделска земя, 7164m²",Друго,1,"['https://homes.bg/2024-05-28_1/109789135', 'https://homes.bg/2024-05-28_1/109789136']",110000.0,EUR,15 EUR/m²,,,False, продажба,,2025-01-25 06:03:11.541630,https://www.homes.bg/api/offers??currencyId=1&filterOrderBy=0&locationId=0&typeId=LandAgro,2241,,2.0,[],земеделска земя
34280,la,https://homes.bg/offer/zemya-za-prodazhba/zemedelska-zemya-53000m2-shumen-s.sushina/la34280,,"с.Сушина, Шумен","Земеделска земя, 53000m²",Гора,1,['https://homes.bg/2024-07-02_1/110248744'],265000.0,EUR,5 EUR/m²,,,False, продажба,,2025-01-25 06:03:11.541641,https://www.homes.bg/api/offers??currencyId=1&filterOrderBy=0&locationId=0&typeId=LandAgro,2241,,1.0,[],земеделска земя
34518,la,https://homes.bg/offer/zemya-za-prodazhba/zemedelska-zemya-854m2-dobrich-zhk.-druzhba-1/la34518,,"жк. Дружба 1, Добрич","Земеделска земя, 854m²",Друго,1,['https://homes.bg/2024-10-15_1/111635978'],11000.0,EUR,12 EUR/m²,,,False, продажба,,2025-01-25 06:03:11.541652,https://www.homes.bg/api/offers??currencyId=1&filterOrderBy=0&locationId=0&typeId=LandAgro,2241,,1.0,[],земеделска земя
24969,la,https://homes.bg/offer/zemya-za-prodazhba/zemedelska-zemya-2668m2-varna-varna/la24969,,"Варна, Варна","Земеделска земя, 2668m²",Друго,1,"['https://homes.bg/2023-06-24_1/101181414', 'https://homes.bg/2023-06-24_1/101181416']",75000.0,EUR,28 EUR/m²,,,False, продажба,,2025-01-25 06:03:11.541664,https://www.homes.bg/api/offers??currencyId=1&filterOrderBy=0&locationId=0&typeId=LandAgro,2241,,2.0,[],земеделска земя
24970,la,https://homes.bg/offer/zemya-za-prodazhba/zemedelska-zemya-5336m2-varna-varna/la24970,,"Варна, Варна","Земеделска земя, 5336m²",Друго,1,"['https://homes.bg/2023-06-24_1/101181418', 'https://homes.bg/2023-06-24_1/101181420']",150000.0,EUR,28 EUR/m²,,,False, продажба,,2025-01-25 06:03:11.541676,https://www.homes.bg/api/offers??currencyId=1&filterOrderBy=0&locationId=0&typeId=LandAgro,2241,,2.0,[],земеделска земя
33806,la,https://homes.bg/offer/zemya-za-prodazhba/zemedelska-zemya-1800m2-stambolijski-gr.stambolijski/la33806,,"гр.Стамболийски, Стамболийски","Земеделска земя, 1800m²","Категория 4, Овощна градина",1,"['https://homes.bg/2024-01-30_2/108128875', 'https://homes.bg/2024-01-30_2/108128877', 'https://homes.bg/2024-01-30_2/108128880', 'https://homes.bg/2024-01-30_2/108128882', 'https://homes.bg/2024-01-30_2/108128885']",43000.0,ЛЕВА,23 ЛЕВА/m²,,,False, продажба,,2025-01-25 06:03:11.541690,https://www.homes.bg/api/offers??currencyId=1&filterOrderBy=0&locationId=0&typeId=LandAgro,2241,,5.0,[],земеделска земя
34586,la,https://homes.bg/offer/zemya-za-prodazhba/zemedelska-zemya-5000m2-burgas-s.izgrev/la34586,,"с.Изгрев, Бургас","Земеделска земя, 5000m²",Друго,1,"['https://homes.bg/2024-11-09_1/111977465', 'https://homes.bg/2024-11-09_1/111977466', 'https://homes.bg/2024-11-09_1/111977467']",27000.0,EUR,5 EUR/m²,,,False, продажба,,2025-01-25 06:03:11.541702,https://www.homes.bg/api/offers??currencyId=1&filterOrderBy=0&locationId=0&typeId=LandAgro,2241,,3.0,[],земеделска земя
34674,la,https://homes.bg/offer/zemya-za-prodazhba/zemedelska-zemya-5459m2-pazardzhik-/la34674,,", Пазарджик","Земеделска земя, 5459m²",Друго,1,"['https://homes.bg/2024-12-04_1/112309606', 'https://homes.bg/2024-12-04_1/112309607', 'https://homes.bg/2024-12-04_1/112309608']",11000.0,EUR,2 EUR/m²,,,False, продажба,,2025-01-25 06:03:11.541714,https://www.homes.bg/api/offers??currencyId=1&filterOrderBy=0&locationId=0&typeId=LandAgro,2241,,3.0,[],земеделска земя
34666,la,https://homes.bg/offer/zemya-za-prodazhba/zemedelska-zemya-3203m2-plovdiv-kv.-komatevo/la34666,,"кв. Коматево, Пловдив","Земеделска земя, 3203m²",Друго,1,['https://homes.bg/2024-12-04_1/112309593'],96060.0,EUR,29 EUR/m²,,,False, продажба,,2025-01-25 06:03:11.541725,https://www.homes.bg/api/offers??currencyId=1&filterOrderBy=0&locationId=0&typeId=LandAgro,2241,,1.0,[],земеделска земя
34656,la,https://homes.bg/offer/zemya-za-prodazhba/zemedelska-zemya-4000m2-plovdiv-s.graf-ignatievo/la34656,,"с.Граф-Игнатиево, Пловдив","Земеделска земя, 4000m²",Друго,1,['https://homes.bg/2024-12-04_1/112309581'],84000.0,EUR,21 EUR/m²,,,False, продажба,,2025-01-25 06:03:11.541736,https://www.homes.bg/api/offers??currencyId=1&filterOrderBy=0&locationId=0&typeId=LandAgro,2241,,1.0,[],земеделска земя
34660,la,https://homes.bg/offer/zemya-za-prodazhba/zemedelska-zemya-2950m2-plovdiv-s.pyrvenec/la34660,,"с.Първенец, Пловдив","Земеделска земя, 2950m²",Друго,1,"['https://homes.bg/2024-12-04_1/112309584', 'https://homes.bg/2024-12-04_1/112309585']",73750.0,EUR,25 EUR/m²,,,False, продажба,,2025-01-25 06:03:11.541747,https://www.homes.bg/api/offers??currencyId=1&filterOrderBy=0&locationId=0&typeId=LandAgro,2241,,2.0,[],земеделска земя
34652,la,https://homes.bg/offer/zemya-za-prodazhba/zemedelska-zemya-24751m2-plovdiv-s.calapica/la34652,,"с.Цалапица, Пловдив","Земеделска земя, 24751m²",Друго,1,['https://homes.bg/2024-12-04_1/112309574'],175000.0,EUR,7 EUR/m²,,,False, продажба,,2025-01-25 06:03:11.541757,https://www.homes.bg/api/offers??currencyId=1&filterOrderBy=0&locationId=0&typeId=LandAgro,2241,,1.0,[],земеделска земя
34657,la,https://homes.bg/offer/zemya-za-prodazhba/zemedelska-zemya-10000m2-plovdiv-s.vojvodinovo/la34657,,"с.Войводиново, Пловдив","Земеделска земя, 10000m²",Друго,1,['https://homes.bg/2024-12-04_1/112309582'],250000.0,EUR,25 EUR/m²,,,False, продажба,,2025-01-25 06:03:11.541767,https://www.homes.bg/api/offers??currencyId=1&filterOrderBy=0&locationId=0&typeId=LandAgro,2241,,1.0,[],земеделска земя
34651,la,https://homes.bg/offer/zemya-za-prodazhba/zemedelska-zemya-12106m2-plovdiv-s.stryama/la34651,,"с.Стряма, Пловдив","Земеделска земя, 12106m²",Друго,1,['https://homes.bg/2024-12-04_1/112309573'],62000.0,EUR,5 EUR/m²,,,False, продажба,,2025-01-25 06:03:11.541778,https://www.homes.bg/api/offers??currencyId=1&filterOrderBy=0&locationId=0&typeId=LandAgro,2241,,1.0,[],земеделска земя
34655,la,https://homes.bg/offer/zemya-za-prodazhba/zemedelska-zemya-4820m2-plovdiv-s.hrabrino/la34655,,"с.Храбрино, Пловдив","Земеделска земя, 4820m²",Друго,1,"['https://homes.bg/2024-12-04_1/112309578', 'https://homes.bg/2024-12-04_1/112309579', 'https://homes.bg/2024-12-04_1/112309580']",72300.0,EUR,15 EUR/m²,,,False, продажба,,2025-01-25 06:03:11.541790,https://www.homes.bg/api/offers??currencyId=1&filterOrderBy=0&locationId=0&typeId=LandAgro,2241,,3.0,[],земеделска земя
34672,la,https://homes.bg/offer/zemya-za-prodazhba/zemedelska-zemya-6407m2-plovdiv-s.belashtica/la34672,,"с.Белащица, Пловдив","Земеделска земя, 6407m²",Друго,1,"['https://homes.bg/2024-12-04_1/112309599', 'https://homes.bg/2024-12-04_1/112309600', 'https://homes.bg/2024-12-04_1/112309601']",160000.0,EUR,24 EUR/m²,,,False, продажба,,2025-01-25 06:03:11.541803,https://www.homes.bg/api/offers??currencyId=1&filterOrderBy=0&locationId=0&typeId=LandAgro,2241,,3.0,[],земеделска земя
34662,la,https://homes.bg/offer/zemya-za-prodazhba/zemedelska-zemya-11523m2-plovdiv-s.radinovo/la34662,,"с.Радиново, Пловдив","Земеделска земя, 11523m²",Друго,1,"['https://homes.bg/2024-12-04_1/112309587', 'https://homes.bg/2024-12-04_1/112309588', 'https://homes.bg/2024-12-04_1/112309589']",340000.0,EUR,29 EUR/m²,,,False, продажба,,2025-01-25 06:03:11.541818,https://www.homes.bg/api/offers??currencyId=1&filterOrderBy=0&locationId=0&typeId=LandAgro,2241,,3.0,[],земеделска земя
34735,la,https://homes.bg/offer/zemya-za-prodazhba/zemedelska-zemya-600m2-pleven-zhk.-kajlyka/la34735,,"жк. Кайлъка, Плевен","Земеделска земя, 600m²",Друго,1,"['https://homes.bg/2025-01-07_2/112609377', 'https://homes.bg/2025-01-07_2/112609379', 'https://homes.bg/2025-01-07_2/112609483', 'https://homes.bg/2025-01-07_2/112609385', 'https://homes.bg/2025-01-07_2/112609481', 'https://homes.bg/2025-01-07_2/112609392', 'https://homes.bg/2025-01-07_2/112609394', 'https://homes.bg/2025-01-07_2/112609396']",22000.0,EUR,36 EUR/m²,,,False, продажба,,2025-01-25 06:03:11.541833,https://www.homes.bg/api/offers??currencyId=1&filterOrderBy=0&locationId=0&typeId=LandAgro,2241,,8.0,[],земеделска земя
33854,la,https://homes.bg/offer/zemya-za-prodazhba/zemedelska-zemya-2000m2-plovdiv-s.kostievo/la33854,,"с.Костиево, Пловдив","Земеделска земя, 2000m²","Категория 4, Овощна градина",1,"['https://homes.bg/2025-01-07_2/112617680', 'https://homes.bg/2025-01-07_2/112617681']",72000.0,EUR,36 EUR/m²,,,False, продажба,,2025-01-25 06:03:11.541844,https://www.homes.bg/api/offers??currencyId=1&filterOrderBy=0&locationId=0&typeId=LandAgro,2241,,2.0,[],земеделска земя
26418,la,https://homes.bg/offer/zemya-za-prodazhba/zemedelska-zemya-1829m2-plovdiv-s.markovo/la26418,,"с.Марково, Пловдив","Земеделска земя, 1829m²","Категория 10, Нива",1,"['https://homes.bg/2025-01-07_2/112617673', 'https://homes.bg/2025-01-07_2/112617674', 'https://homes.bg/2025-01-07_2/112617675', 'https://homes.bg/2025-01-07_2/112617676', 'https://homes.bg/2025-01-07_2/112617677', 'https://homes.bg/2025-01-07_2/112617678', 'https://homes.bg/2025-01-07_2/112617679']",51500.0,ЛЕВА,28 ЛЕВА/m²,,,False, продажба,,2025-01-25 06:03:11.541857,https://www.homes.bg/api/offers??currencyId=1&filterOrderBy=0&locationId=0&typeId=LandAgro,2241,,7.0,[],земеделска земя
34508,la,https://homes.bg/offer/zemya-za-prodazhba/zemedelska-zemya-1713m2-gabrovo-s.selishte/la34508,,"с.Селище, Габрово","Земеделска земя, 1713m²","Категория 4, Овощна градина",1,"['https://homes.bg/2025-01-07_2/112618447', 'https://homes.bg/2025-01-07_2/112618448', 'https://homes.bg/2025-01-07_2/112618449', 'https://homes.bg/2025-01-07_2/112618450', 'https://homes.bg/2025-01-07_2/112618451', 'https://homes.bg/2025-01-07_2/112618452', 'https://homes.bg/2025-01-07_2/112618453', 'https://homes.bg/2025-01-07_2/112618454', 'https://homes.bg/2025-01-07_2/112618455', 'https://homes.bg/2025-01-07_2/112618456']",20000.0,ЛЕВА,11 ЛЕВА/m²,,,False, продажба,,2025-01-25 06:03:11.541874,https://www.homes.bg/api/offers??currencyId=1&filterOrderBy=0&locationId=0&typeId=LandAgro,2241,,10.0,[],земеделска земя
34477,la,https://homes.bg/offer/zemya-za-prodazhba/zemedelska-zemya-100m2-gabrovo-gr.sevlievo/la34477,,"гр.Севлиево, Габрово","Земеделска земя, 100m²","Категория 5, Нива",1,['https://homes.bg/2025-01-07_2/112618446'],1000.0,ЛЕВА,10 ЛЕВА/m²,,,False, продажба,,2025-01-25 06:03:11.541885,https://www.homes.bg/api/offers??currencyId=1&filterOrderBy=0&locationId=0&typeId=LandAgro,2241,,1.0,[],земеделска земя
25343,la,https://homes.bg/offer/zemya-za-prodazhba/zemedelska-zemya-2000m2-varna-varna/la25343,,"Варна, Варна","Земеделска земя, 2000m²",Гора,1,"['https://homes.bg/2023-09-19_1/104631445', 'https://homes.bg/2023-09-19_1/104631446', 'https://homes.bg/2023-09-19_1/104631447']",170000.0,EUR,85 EUR/m²,,,False, продажба,,2025-01-25 06:03:11.541897,https://www.homes.bg/api/offers??currencyId=1&filterOrderBy=0&locationId=0&typeId=LandAgro,2241,,3.0,[],земеделска земя
24781,la,https://homes.bg/offer/zemya-za-prodazhba/zemedelska-zemya-3500m2-veliko-tyrnovo-s.prisovo/la24781,,"с.Присово, Велико Търново","Земеделска земя, 3500m²","Категория 4, Ливада",1,"['https://homes.bg/2024-07-11_1/110377239', 'https://homes.bg/2024-07-11_1/110377238', 'https://homes.bg/2024-07-11_1/110377240', 'https://homes.bg/2023-05-12_2/99026900', 'https://homes.bg/2023-05-12_2/99026901', 'https://homes.bg/2023-05-12_2/99026902', 'https://homes.bg/2023-05-12_2/99026903', 'https://homes.bg/2023-05-12_2/99026904', 'https://homes.bg/2023-05-12_2/99026906']",65900.0,EUR,18 EUR/m²,,,False, продажба,,2025-01-25 06:03:14.340606,https://www.homes.bg/api/offers??currencyId=1&filterOrderBy=0&locationId=0&typeId=LandAgro,2241,,9.0,[],земеделска земя
19918,la,https://homes.bg/offer/zemya-za-prodazhba/zemedelska-zemya-7684m2-vraca-s.chelopek/la19918,,"с.Челопек, Враца","Земеделска земя, 7684m²","Категория 8, Пасище",1,"['https://homes.bg/2025-01-07_1/112604190', 'https://homes.bg/2025-01-07_1/112604191']",12000.0,ЛЕВА,1 ЛЕВА/m²,,,False, продажба,,2025-01-25 06:03:14.340682,https://www.homes.bg/api/offers??currencyId=1&filterOrderBy=0&locationId=0&typeId=LandAgro,2241,,2.0,[],земеделска земя
26598,la,https://homes.bg/offer/zemya-za-prodazhba/zemedelska-zemya-4592m2-plovdiv-s.cheshnegirovo/la26598,,"с.Чешнегирово, Пловдив","Земеделска земя, 4592m²",Друго,1,['https://homes.bg/2023-10-04_1/105171596'],95000.0,EUR,20 EUR/m²,,,False, продажба,,2025-01-25 06:03:14.340703,https://www.homes.bg/api/offers??currencyId=1&filterOrderBy=0&locationId=0&typeId=LandAgro,2241,,1.0,[],земеделска земя
33717,la,https://homes.bg/offer/zemya-za-prodazhba/zemedelska-zemya-4780m2-montana-zhk.-zheravica/la33717,,"жк. Жеравица, Монтана","Земеделска земя, 4780m²","Категория 3, Нива",1,[],210000.0,ЛЕВА,43 ЛЕВА/m²,,,False, продажба,,2025-01-25 06:03:14.340719,https://www.homes.bg/api/offers??currencyId=1&filterOrderBy=0&locationId=0&typeId=LandAgro,2241,,0.0,[],земеделска земя
33077,la,https://homes.bg/offer/zemya-za-prodazhba/zemedelska-zemya-3742m2-varna-varna/la33077,,"Варна, Варна","Земеделска земя, 3742m²",Гора,1,"['https://homes.bg/2023-10-17_1/105862527', 'https://homes.bg/2023-10-17_1/105862529', 'https://homes.bg/2023-10-17_1/105862531']",57900.0,EUR,15 EUR/m²,,,False, продажба,,2025-01-25 06:03:14.340735,https://www.homes.bg/api/offers??currencyId=1&filterOrderBy=0&locationId=0&typeId=LandAgro,2241,,3.0,[],земеделска земя
34167,la,https://homes.bg/offer/zemya-za-prodazhba/zemedelska-zemya-2500m2-varna-s.zvezdica/la34167,,"с.Звездица, Варна","Земеделска земя, 2500m²",Друго,1,['https://homes.bg/2024-05-31_1/109834766'],5000.0,EUR,2 EUR/m²,,,False, продажба,,2025-01-25 06:03:14.340750,https://www.homes.bg/api/offers??currencyId=1&filterOrderBy=0&locationId=0&typeId=LandAgro,2241,,1.0,[],земеделска земя
34729,la,https://homes.bg/offer/zemya-za-prodazhba/zemedelska-zemya-1500m2-hisarya-s.belovica/la34729,,"с.Беловица, Хисаря","Земеделска земя, 1500m²","Категория 6, Нива",1,"['https://homes.bg/2025-01-06_2/112590854', 'https://homes.bg/2025-01-06_2/112590855', 'https://homes.bg/2025-01-06_2/112590856', 'https://homes.bg/2025-01-06_2/112590857']",6000.0,ЛЕВА,4 ЛЕВА/m²,,,False, продажба,,2025-01-25 06:03:14.340780,https://www.homes.bg/api/offers??currencyId=1&filterOrderBy=0&locationId=0&typeId=LandAgro,2241,,4.0,[],земеделска земя
33811,la,https://homes.bg/offer/zemya-za-prodazhba/zemedelska-zemya-11841m2-varna-s.priselci/la33811,,"с.Приселци, Варна","Земеделска земя, 11841m²",Друго,1,"['https://homes.bg/2024-01-31_1/108145931', 'https://homes.bg/2024-01-31_1/108145932']",23000.0,EUR,1 EUR/m²,,,False, продажба,,2025-01-25 06:03:14.340796,https://www.homes.bg/api/offers??currencyId=1&filterOrderBy=0&locationId=0&typeId=LandAgro,2241,,2.0,[],земеделска земя
24942,la,https://homes.bg/offer/zemya-za-prodazhba/zemedelska-zemya-2000m2-plovdiv-s.markovo/la24942,,"с.Марково, Пловдив","Земеделска земя, 2000m²",Гора,1,['https://homes.bg/2023-06-20_1/100977293'],21000.0,EUR,10 EUR/m²,,,False, продажба,,2025-01-25 06:03:14.340810,https://www.homes.bg/api/offers??currencyId=1&filterOrderBy=0&locationId=0&typeId=LandAgro,2241,,1.0,[],земеделска земя
24310,la,https://homes.bg/offer/zemya-za-prodazhba/zemedelska-zemya-4853m2-burgas-s.aheloj/la24310,,"с.Ахелой, Бургас","Земеделска земя, 4853m²",Друго,1,"['https://homes.bg/2022-12-13_1/92535545', 'https://homes.bg/2022-12-13_1/92535546', 'https://homes.bg/2022-12-13_1/92535547', 'https://homes.bg/2022-12-13_1/92535548']",23000.0,EUR,4 EUR/m²,,,False, продажба,,2025-01-25 06:03:14.340826,https://www.homes.bg/api/offers??currencyId=1&filterOrderBy=0&locationId=0&typeId=LandAgro,2241,,4.0,[],земеделска земя
33648,la,https://homes.bg/offer/zemya-za-prodazhba/zemedelska-zemya-2800m2-burgas-gr.pomorie/la33648,,"гр.Поморие, Бургас","Земеделска земя, 2800m²",Друго,1,"['https://homes.bg/2023-12-08_1/107607794', 'https://homes.bg/2023-12-08_1/107607796', 'https://homes.bg/2023-12-08_1/107607798', 'https://homes.bg/2023-12-08_1/107607801', 'https://homes.bg/2023-12-08_1/107607803']",19700.0,EUR,7 EUR/m²,,,False, продажба,,2025-01-25 06:03:14.340842,https://www.homes.bg/api/offers??currencyId=1&filterOrderBy=0&locationId=0&typeId=LandAgro,2241,,5.0,[],земеделска земя
24621,la,https://homes.bg/offer/zemya-za-prodazhba/zemedelska-zemya-6000m2-burgas-gr.obzor/la24621,,"гр.Обзор, Бургас","Земеделска земя, 6000m²",Друго,1,"['https://homes.bg/2023-03-18_1/96422880', 'https://homes.bg/2023-03-18_1/96422882', 'https://homes.bg/2023-03-18_1/96422885', 'https://homes.bg/2023-03-18_1/96422886', 'https://homes.bg/2023-03-18_1/96422889']",7500.0,EUR,1 EUR/m²,,,False, продажба,,2025-01-25 06:03:14.340857,https://www.homes.bg/api/offers??currencyId=1&filterOrderBy=0&locationId=0&typeId=LandAgro,2241,,5.0,[],земеделска земя
34569,la,https://homes.bg/offer/zemya-za-prodazhba/zemedelska-zemya-2439m2-blagoevgrad-pyrva-promishlena-zona/la34569,," Първа Промишлена Зона, Благоевград","Земеделска земя, 2439m²","Категория 4, Овощна градина",1,"['https://homes.bg/2024-11-06_1/111934685', 'https://homes.bg/2024-11-06_1/111934677', 'https://homes.bg/2024-11-06_1/111934678']",68300.0,EUR,28 EUR/m²,,,False, продажба,,2025-01-25 06:03:14.340871,https://www.homes.bg/api/offers??currencyId=1&filterOrderBy=0&locationId=0&typeId=LandAgro,2241,,3.0,[],земеделска земя
34623,la,https://homes.bg/offer/zemya-za-prodazhba/zemedelska-zemya-76000m2-varna-s.novakovo/la34623,,"с.Новаково, Варна","Земеделска земя, 76000m²",Друго,1,"['https://homes.bg/2024-11-19_1/112108990', 'https://homes.bg/2024-11-19_1/112108991', 'https://homes.bg/2024-11-19_1/112108992', 'https://homes.bg/2024-11-19_1/112108993', 'https://homes.bg/2024-11-19_1/112108994']",100000.0,EUR,1 EUR/m²,,,False, продажба,,2025-01-25 06:03:14.340887,https://www.homes.bg/api/offers??currencyId=1&filterOrderBy=0&locationId=0&typeId=LandAgro,2241,,5.0,[],земеделска земя
34325,la,https://homes.bg/offer/zemya-za-prodazhba/zemedelska-zemya-3756m2-sofiya---grad-s.zhiten/la34325,,"с.Житен, София - град","Земеделска земя, 3756m²",Друго,1,"['https://homes.bg/2024-12-19_1/112490757', 'https://homes.bg/2024-12-19_1/112490758', 'https://homes.bg/2024-12-19_1/112490759']",0.0,EUR,0 EUR/m²,,,False, продажба,,2025-01-25 06:03:14.340927,https://www.homes.bg/api/offers??currencyId=1&filterOrderBy=0&locationId=0&typeId=LandAgro,2241,,3.0,[],земеделска земя
12129,la,https://homes.bg/offer/zemya-za-prodazhba/zemedelska-zemya-8300m2-nesebyr-s.kosharica/la12129,,"с.Кошарица, Несебър","Земеделска земя, 8300m²","Категория 1, Ливада",1,"['https://homes.bg/2013-07-19_2/124430', 'https://homes.bg/2013-07-19_2/124431', 'https://homes.bg/2013-07-19_2/124432', 'https://homes.bg/2013-07-19_2/124433', 'https://homes.bg/2013-07-19_2/124434', 'https://homes.bg/2013-07-19_2/124435']",135000.0,EUR,16 EUR/m²,,,False, продажба,,2025-01-25 06:03:14.340946,https://www.homes.bg/api/offers??currencyId=1&filterOrderBy=0&locationId=0&typeId=LandAgro,2241,,6.0,[],земеделска земя
34728,la,https://homes.bg/offer/zemya-za-prodazhba/zemedelska-zemya-2300m2-plovdiv-s.caracovo/la34728,,"с.Царацово, Пловдив","Земеделска земя, 2300m²",Нива,1,['https://homes.bg/2025-01-04_2/112585648'],50000.0,EUR,21 EUR/m²,,,False, продажба,,2025-01-25 06:03:14.340960,https://www.homes.bg/api/offers??currencyId=1&filterOrderBy=0&locationId=0&typeId=LandAgro,2241,,1.0,[],земеделска земя
19222,la,https://homes.bg/offer/zemya-za-prodazhba/zemedelska-zemya-5999m2-pleven-s.yasen/la19222,,"с.Ясен, Плевен","Земеделска земя, 5999m²","Категория 4, Нива",1,"['https://homes.bg/2023-12-07_2/107559841', 'https://homes.bg/2023-12-07_2/107559842', 'https://homes.bg/2023-12-07_2/107559843']",60000.0,ЛЕВА,10 ЛЕВА/m²,,,False, продажба,,2025-01-25 06:03:14.340975,https://www.homes.bg/api/offers??currencyId=1&filterOrderBy=0&locationId=0&typeId=LandAgro,2241,,3.0,[],земеделска земя
24140,la,https://homes.bg/offer/zemya-za-prodazhba/zemedelska-zemya-4960m2-pleven-zhk.-storgoziya/la24140,,"жк. Сторгозия, Плевен","Земеделска земя, 4960m²","Категория 5, Нива",1,"['https://homes.bg/2025-01-04_2/112585007', 'https://homes.bg/2025-01-04_2/112585008', 'https://homes.bg/2025-01-04_2/112585009', 'https://homes.bg/2025-01-04_2/112585010', 'https://homes.bg/2025-01-04_2/112585011', 'https://homes.bg/2025-01-04_2/112585012']",60000.0,ЛЕВА,12 ЛЕВА/m²,,,False, продажба,,2025-01-25 06:03:14.340990,https://www.homes.bg/api/offers??currencyId=1&filterOrderBy=0&locationId=0&typeId=LandAgro,2241,,6.0,[],земеделска земя
34480,la,https://homes.bg/offer/zemya-za-prodazhba/zemedelska-zemya-3373m2-plovdiv-industrialna-zona---iztok/la34480,," Индустриална зона - Изток, Пловдив","Земеделска земя, 3373m²","Категория 5, Нива",1,"['https://homes.bg/2024-09-29_1/111425580', 'https://homes.bg/2024-09-29_1/111425581', 'https://homes.bg/2024-09-29_1/111425582', 'https://homes.bg/2024-09-29_1/111425583', 'https://homes.bg/2024-09-29_1/111425584']",50595.0,EUR,15 EUR/m²,,,False, продажба,,2025-01-25 06:03:14.341005,https://www.homes.bg/api/offers??currencyId=1&filterOrderBy=0&locationId=0&typeId=LandAgro,2241,,5.0,[],земеделска земя
34478,la,https://homes.bg/offer/zemya-za-prodazhba/zemedelska-zemya-5853m2-plovdiv-industrialna-zona---iztok/la34478,," Индустриална зона - Изток, Пловдив","Земеделска земя, 5853m²","Категория 5, Нива",1,"['https://homes.bg/2024-09-29_1/111425570', 'https://homes.bg/2024-09-29_1/111425571', 'https://homes.bg/2024-09-29_1/111425572', 'https://homes.bg/2024-09-29_1/111425573', 'https://homes.bg/2024-09-29_1/111425574', 'https://homes.bg/2024-09-29_1/111425575']",175590.0,EUR,30 EUR/m²,,,False, продажба,,2025-01-25 06:03:14.341022,https://www.homes.bg/api/offers??currencyId=1&filterOrderBy=0&locationId=0&typeId=LandAgro,2241,,6.0,[],земеделска земя
34479,la,https://homes.bg/offer/zemya-za-prodazhba/zemedelska-zemya-6866m2-plovdiv-industrialna-zona---iztok/la34479,," Индустриална зона - Изток, Пловдив","Земеделска земя, 6866m²","Категория 5, Нива",1,"['https://homes.bg/2024-09-29_1/111425576', 'https://homes.bg/2024-09-29_1/111425577', 'https://homes.bg/2024-09-29_1/111425578', 'https://homes.bg/2024-09-29_1/111425579']",171650.0,EUR,25 EUR/m²,,,False, продажба,,2025-01-25 06:03:14.341037,https://www.homes.bg/api/offers??currencyId=1&filterOrderBy=0&locationId=0&typeId=LandAgro,2241,,4.0,[],земеделска земя
33692,la,https://homes.bg/offer/zemya-za-prodazhba/zemedelska-zemya-1014m2-asenovgrad-gr.asenovgrad/la33692,,"гр.Асеновград, Асеновград","Земеделска земя, 1014m²","Категория 8, Нива",1,"['https://homes.bg/2023-12-29_1/107726260', 'https://homes.bg/2023-12-29_1/107726277', 'https://homes.bg/2023-12-29_1/107726278']",40000.0,ЛЕВА,39 ЛЕВА/m²,,,False, продажба,,2025-01-25 06:03:14.341054,https://www.homes.bg/api/offers??currencyId=1&filterOrderBy=0&locationId=0&typeId=LandAgro,2241,,3.0,[],земеделска земя
25118,la,https://homes.bg/offer/zemya-za-prodazhba/zemedelska-zemya-707m2-asenovgrad-gr.asenovgrad/la25118,,"гр.Асеновград, Асеновград","Земеделска земя, 707m²","Категория 9, Нива",1,"['https://homes.bg/2023-08-11_2/103090501', 'https://homes.bg/2023-08-11_2/103090502']",6500.0,ЛЕВА,9 ЛЕВА/m²,,,False, продажба,,2025-01-25 06:03:14.341068,https://www.homes.bg/api/offers??currencyId=1&filterOrderBy=0&locationId=0&typeId=LandAgro,2241,,2.0,[],земеделска земя
23940,la,https://homes.bg/offer/zemya-za-prodazhba/zemedelska-zemya-2000m2-asenovgrad-s.gornoslav/la23940,,"с.Горнослав, Асеновград","Земеделска земя, 2000m²","Категория 8, Нива",1,['https://homes.bg/2022-07-29_1/86648801'],4200.0,ЛЕВА,2 ЛЕВА/m²,,,False, продажба,,2025-01-25 06:03:14.341081,https://www.homes.bg/api/offers??currencyId=1&filterOrderBy=0&locationId=0&typeId=LandAgro,2241,,1.0,[],земеделска земя
24677,la,https://homes.bg/offer/zemya-za-prodazhba/zemedelska-zemya-2451m2-asenovgrad-s.muldava/la24677,,"с.Мулдава, Асеновград","Земеделска земя, 2451m²","Категория 9, Нива",1,"['https://homes.bg/2023-04-07_2/97300133', 'https://homes.bg/2023-04-07_2/97300134']",8000.0,ЛЕВА,3 ЛЕВА/m²,,,False, продажба,,2025-01-25 06:03:14.341095,https://www.homes.bg/api/offers??currencyId=1&filterOrderBy=0&locationId=0&typeId=LandAgro,2241,,2.0,[],земеделска земя
25170,la,https://homes.bg/offer/zemya-za-prodazhba/zemedelska-zemya-4300m2-asenovgrad-gr.asenovgrad/la25170,,"гр.Асеновград, Асеновград","Земеделска земя, 4300m²","Категория 3, Нива",1,"['https://homes.bg/2023-08-28_2/103775238', 'https://homes.bg/2023-09-01_1/103945099']",15500.0,ЛЕВА,3 ЛЕВА/m²,,,False, продажба,,2025-01-25 06:03:14.341108,https://www.homes.bg/api/offers??currencyId=1&filterOrderBy=0&locationId=0&typeId=LandAgro,2241,,2.0,[],земеделска земя
34085,la,https://homes.bg/offer/zemya-za-prodazhba/zemedelska-zemya-2216m2-asenovgrad-gr.asenovgrad/la34085,,"гр.Асеновград, Асеновград","Земеделска земя, 2216m²","Категория 7, Нива",1,"['https://homes.bg/2024-04-23_2/109373969', 'https://homes.bg/2024-04-23_2/109373970']",20000.0,ЛЕВА,9 ЛЕВА/m²,,,False, продажба,,2025-01-25 06:03:14.341122,https://www.homes.bg/api/offers??currencyId=1&filterOrderBy=0&locationId=0&typeId=LandAgro,2241,,2.0,[],земеделска земя
21839,la,https://homes.bg/offer/zemya-za-prodazhba/zemedelska-zemya-796m2-blagoevgrad-s.logodazh/la21839,,"с.Логодаж, Благоевград","Земеделска земя, 796m²","Категория 7, Нива",1,['https://homes.bg/2020-02-18_2/48922520'],3200.0,ЛЕВА,4 ЛЕВА/m²,,,False, продажба,,2025-01-25 06:03:14.341135,https://www.homes.bg/api/offers??currencyId=1&filterOrderBy=0&locationId=0&typeId=LandAgro,2241,,1.0,[],земеделска земя
21125,la,https://homes.bg/offer/zemya-za-prodazhba/zemedelska-zemya-1004m2-blagoevgrad-s.buchino/la21125,,"с.Бучино, Благоевград","Земеделска земя, 1004m²","Категория 5, Нива",1,"['https://homes.bg/2019-06-14_2/38709038', 'https://homes.bg/2019-06-14_2/38709039', 'https://homes.bg/2019-06-14_2/38709040', 'https://homes.bg/2019-06-14_2/38709041', 'https://homes.bg/2019-06-20_2/38965151', 'https://homes.bg/2019-06-20_2/38965159']",10000.0,EUR,9 EUR/m²,,,False, продажба,,2025-01-25 06:03:14.341150,https://www.homes.bg/api/offers??currencyId=1&filterOrderBy=0&locationId=0&typeId=LandAgro,2241,,6.0,[],земеделска земя
34021,la,https://homes.bg/offer/zemya-za-prodazhba/zemedelska-zemya-2000m2-blagoevgrad-s.logodazh/la34021,,"с.Логодаж, Благоевград","Земеделска земя, 2000m²","Категория 6, Нива",1,"['https://homes.bg/2024-04-10_2/109193317', 'https://homes.bg/2024-04-10_2/109193318', 'https://homes.bg/2024-04-10_2/109193325']",62000.0,EUR,31 EUR/m²,,,False, продажба,,2025-01-25 06:03:14.341164,https://www.homes.bg/api/offers??currencyId=1&filterOrderBy=0&locationId=0&typeId=LandAgro,2241,,3.0,[],земеделска земя
22776,la,https://homes.bg/offer/zemya-za-prodazhba/zemedelska-zemya-3000m2-blagoevgrad-s.zelendol/la22776,,"с.Зелендол, Благоевград","Земеделска земя, 3000m²","Категория 5, Нива",1,"['https://homes.bg/2021-03-18_2/61780634', 'https://homes.bg/2021-03-18_2/61780636']",18000.0,ЛЕВА,6 ЛЕВА/m²,,,False, продажба,,2025-01-25 06:03:14.341177,https://www.homes.bg/api/offers??currencyId=1&filterOrderBy=0&locationId=0&typeId=LandAgro,2241,,2.0,[],земеделска земя
22698,la,https://homes.bg/offer/zemya-za-prodazhba/zemedelska-zemya-601m2-blagoevgrad-s.logodazh/la22698,,"с.Логодаж, Благоевград","Земеделска земя, 601m²","Категория 7, Ливада",1,['https://homes.bg/2021-02-24_2/60807846'],4000.0,EUR,6 EUR/m²,,,False, продажба,,2025-01-25 06:03:14.341194,https://www.homes.bg/api/offers??currencyId=1&filterOrderBy=0&locationId=0&typeId=LandAgro,2241,,1.0,[],земеделска земя
22920,la,https://homes.bg/offer/zemya-za-prodazhba/zemedelska-zemya-880m2-blagoevgrad-zhk.-strumsko/la22920,,"жк. Струмско, Благоевград","Земеделска земя, 880m²","Категория 4, Нива",1,['https://homes.bg/2021-05-17_2/65761089'],6500.0,EUR,7 EUR/m²,,,False, продажба,,2025-01-25 06:03:14.341207,https://www.homes.bg/api/offers??currencyId=1&filterOrderBy=0&locationId=0&typeId=LandAgro,2241,,1.0,[],земеделска земя
22779,la,https://homes.bg/offer/zemya-za-prodazhba/zemedelska-zemya-3393m2-simitli-s.polena/la22779,,"с.Полена, Симитли","Земеделска земя, 3393m²","Категория 4, Нива",1,['https://homes.bg/2021-03-19_2/61849343'],67860.0,ЛЕВА,20 ЛЕВА/m²,,,False, продажба,,2025-01-25 06:03:14.341220,https://www.homes.bg/api/offers??currencyId=1&filterOrderBy=0&locationId=0&typeId=LandAgro,2241,,1.0,[],земеделска земя
22775,la,https://homes.bg/offer/zemya-za-prodazhba/zemedelska-zemya-3201m2-blagoevgrad-s.zelendol/la22775,,"с.Зелендол, Благоевград","Земеделска земя, 3201m²","Категория 5, Нива",1,"['https://homes.bg/2021-03-18_2/61773287', 'https://homes.bg/2021-03-18_2/61773289']",19300.0,ЛЕВА,6 ЛЕВА/m²,,,False, продажба,,2025-01-25 06:03:14.341234,https://www.homes.bg/api/offers??currencyId=1&filterOrderBy=0&locationId=0&typeId=LandAgro,2241,,2.0,[],земеделска земя
22749,la,https://homes.bg/offer/zemya-za-prodazhba/zemedelska-zemya-1506m2-blagoevgrad-s.zelendol/la22749,,"с.Зелендол, Благоевград","Земеделска земя, 1506m²","Категория 5, Нива",1,['https://homes.bg/2021-03-16_2/61612793'],15100.0,ЛЕВА,10 ЛЕВА/m²,,,False, продажба,,2025-01-25 06:03:14.341248,https://www.homes.bg/api/offers??currencyId=1&filterOrderBy=0&locationId=0&typeId=LandAgro,2241,,1.0,[],земеделска земя
22748,la,https://homes.bg/offer/zemya-za-prodazhba/zemedelska-zemya-2252m2-blagoevgrad-s.zelendol/la22748,,"с.Зелендол, Благоевград","Земеделска земя, 2252m²","Категория 9, Нива",1,"['https://homes.bg/2021-03-16_1/61609971', 'https://homes.bg/2021-03-16_1/61609968']",22600.0,ЛЕВА,10 ЛЕВА/m²,,,False, продажба,,2025-01-25 06:03:14.341261,https://www.homes.bg/api/offers??currencyId=1&filterOrderBy=0&locationId=0&typeId=LandAgro,2241,,2.0,[],земеделска земя
22773,la,https://homes.bg/offer/zemya-za-prodazhba/zemedelska-zemya-3415m2-blagoevgrad-s.zelendol/la22773,,"с.Зелендол, Благоевград","Земеделска земя, 3415m²","Категория 5, Нива",1,"['https://homes.bg/2021-03-18_2/61767329', 'https://homes.bg/2021-03-18_2/61767332']",51225.0,ЛЕВА,15 ЛЕВА/m²,,,False, продажба,,2025-01-25 06:03:14.341275,https://www.homes.bg/api/offers??currencyId=1&filterOrderBy=0&locationId=0&typeId=LandAgro,2241,,2.0,[],земеделска земя
23691,la,https://homes.bg/offer/zemya-za-prodazhba/zemedelska-zemya-5000m2-sandanski-s.hyrsovo/la23691,,"с.Хърсово, Сандански","Земеделска земя, 5000m²","Категория 9, Нива",1,"['https://homes.bg/2022-04-22_1/82779775', 'https://homes.bg/2022-04-22_1/82779860', 'https://homes.bg/2022-04-22_1/82779909', 'https://homes.bg/2022-04-22_1/82779912']",36000.0,ЛЕВА,7 ЛЕВА/m²,,,False, продажба,,2025-01-25 06:03:14.341290,https://www.homes.bg/api/offers??currencyId=1&filterOrderBy=0&locationId=0&typeId=LandAgro,2241,,4.0,[],земеделска земя
21948,la,https://homes.bg/offer/zemya-za-prodazhba/zemedelska-zemya-1000m2-blagoevgrad-zhk.-balarbashi/la21948,,"жк. Баларбаши, Благоевград","Земеделска земя, 1000m²","Категория 7, Лозе",1,"['https://homes.bg/2022-01-25_2/79440059', 'https://homes.bg/2022-01-25_2/79440060']",54000.0,ЛЕВА,54 ЛЕВА/m²,,,False, продажба,,2025-01-25 06:03:14.341303,https://www.homes.bg/api/offers??currencyId=1&filterOrderBy=0&locationId=0&typeId=LandAgro,2241,,2.0,[],земеделска земя
22659,la,https://homes.bg/offer/zemya-za-prodazhba/zemedelska-zemya-1511m2-blagoevgrad-s.rilci/la22659,,"с.Рилци, Благоевград","Земеделска земя, 1511m²","Категория 5, Ливада",1,"['https://homes.bg/2021-02-08_2/59752435', 'https://homes.bg/2021-02-08_2/59752439', 'https://homes.bg/2021-02-08_2/59752441', 'https://homes.bg/2021-02-08_2/59752444', 'https://homes.bg/2021-02-08_2/59752446']",23700.0,EUR,15 EUR/m²,,,False, продажба,,2025-01-25 06:03:14.341319,https://www.homes.bg/api/offers??currencyId=1&filterOrderBy=0&locationId=0&typeId=LandAgro,2241,,5.0,[],земеделска земя
22455,la,https://homes.bg/offer/zemya-za-prodazhba/zemedelska-zemya-3002m2-blagoevgrad-vtora-promishlena-zona/la22455,," Втора Промишлена Зона, Благоевград","Земеделска земя, 3002m²","Категория 5, Нива",1,['https://homes.bg/2020-10-21_1/55357669'],300000.0,EUR,99 EUR/m²,,,False, продажба,,2025-01-25 06:03:14.341335,https://www.homes.bg/api/offers??currencyId=1&filterOrderBy=0&locationId=0&typeId=LandAgro,2241,,1.0,[],земеделска земя
21918,la,https://homes.bg/offer/zemya-za-prodazhba/zemedelska-zemya-828m2-simitli-s.zheleznica/la21918,,"с.Железница, Симитли","Земеделска земя, 828m²","Категория 6, Лозе",1,['https://homes.bg/2020-03-09_2/49638683'],8280.0,ЛЕВА,10 ЛЕВА/m²,,,False, продажба,,2025-01-25 06:03:14.341348,https://www.homes.bg/api/offers??currencyId=1&filterOrderBy=0&locationId=0&typeId=LandAgro,2241,,1.0,[],земеделска земя
23922,la,https://homes.bg/offer/zemya-za-prodazhba/zemedelska-zemya-3501m2-blagoevgrad-kv.-gramada/la23922,,"кв. Грамада, Благоевград","Земеделска земя, 3501m²","Категория 5, Друго",1,['https://homes.bg/2022-07-21_2/86343598'],33200.0,EUR,9 EUR/m²,,,False, продажба,,2025-01-25 06:03:14.341361,https://www.homes.bg/api/offers??currencyId=1&filterOrderBy=0&locationId=0&typeId=LandAgro,2241,,1.0,[],земеделска земя
21929,la,https://homes.bg/offer/zemya-za-prodazhba/zemedelska-zemya-2776m2-simitli-s.zheleznica/la21929,,"с.Железница, Симитли","Земеделска земя, 2776m²","Категория 6, Лозе",1,['https://homes.bg/2020-03-10_2/49662603'],22208.0,ЛЕВА,8 ЛЕВА/m²,,,False, продажба,,2025-01-25 06:03:14.341374,https://www.homes.bg/api/offers??currencyId=1&filterOrderBy=0&locationId=0&typeId=LandAgro,2241,,1.0,[],земеделска земя
23119,la,https://homes.bg/offer/zemya-za-prodazhba/zemedelska-zemya-399m2-blagoevgrad-vtora-promishlena-zona/la23119,," Втора Промишлена Зона, Благоевград","Земеделска земя, 399m²","Категория 5, Нива",1,"['https://homes.bg/2021-08-06_2/70845924', 'https://homes.bg/2021-08-06_2/70845926', 'https://homes.bg/2021-08-06_2/70845922', 'https://homes.bg/2021-08-06_2/70845928', 'https://homes.bg/2021-08-06_2/70845930', 'https://homes.bg/2021-08-06_2/70845933']",19000.0,ЛЕВА,47 ЛЕВА/m²,,,False, продажба,,2025-01-25 06:03:14.341389,https://www.homes.bg/api/offers??currencyId=1&filterOrderBy=0&locationId=0&typeId=LandAgro,2241,,6.0,[],земеделска земя
21917,la,https://homes.bg/offer/zemya-za-prodazhba/zemedelska-zemya-1098m2-simitli-s.zheleznica/la21917,,"с.Железница, Симитли","Земеделска земя, 1098m²","Категория 9, Лозе",1,['https://homes.bg/2020-03-09_2/49638177'],7686.0,ЛЕВА,7 ЛЕВА/m²,,,False, продажба,,2025-01-25 06:03:14.341401,https://www.homes.bg/api/offers??currencyId=1&filterOrderBy=0&locationId=0&typeId=LandAgro,2241,,1.0,[],земеделска земя
22697,la,https://homes.bg/offer/zemya-za-prodazhba/zemedelska-zemya-595m2-blagoevgrad-s.logodazh/la22697,,"с.Логодаж, Благоевград","Земеделска земя, 595m²","Категория 7, Ливада",1,['https://homes.bg/2021-02-24_2/60807293'],4000.0,EUR,6 EUR/m²,,,False, продажба,,2025-01-25 06:03:14.341414,https://www.homes.bg/api/offers??currencyId=1&filterOrderBy=0&locationId=0&typeId=LandAgro,2241,,1.0,[],земеделска земя
24494,la,https://homes.bg/offer/zemya-za-prodazhba/zemedelska-zemya-1502m2-blagoevgrad-zhk.-strumsko/la24494,,"жк. Струмско, Благоевград","Земеделска земя, 1502m²","Категория 7, Нива",1,['https://homes.bg/2023-02-08_2/94691707'],30000.0,ЛЕВА,19 ЛЕВА/m²,,,False, продажба,,2025-01-25 06:03:14.341426,https://www.homes.bg/api/offers??currencyId=1&filterOrderBy=0&locationId=0&typeId=LandAgro,2241,,1.0,[],земеделска земя
22806,la,https://homes.bg/offer/zemya-za-prodazhba/zemedelska-zemya-3134m2-blagoevgrad-s.pokrovnik/la22806,,"с.Покровник, Благоевград","Земеделска земя, 3134m²","Категория 9, Нива",1,['https://homes.bg/2021-03-29_2/62367909'],94000.0,ЛЕВА,29 ЛЕВА/m²,,,False, продажба,,2025-01-25 06:03:14.341443,https://www.homes.bg/api/offers??currencyId=1&filterOrderBy=0&locationId=0&typeId=LandAgro,2241,,1.0,[],земеделска земя
23628,la,https://homes.bg/offer/zemya-za-prodazhba/zemedelska-zemya-10987m2-blagoevgrad-s.padesh/la23628,,"с.Падеш, Благоевград","Земеделска земя, 10987m²","Категория 8, Пасище",1,"['https://homes.bg/2022-03-29_2/81718302', 'https://homes.bg/2022-03-29_2/81718310', 'https://homes.bg/2022-03-29_2/81718314', 'https://homes.bg/2022-03-29_2/81718318', 'https://homes.bg/2022-03-29_2/81718326', 'https://homes.bg/2022-03-29_2/81718350', 'https://homes.bg/2022-03-29_2/81718362', 'https://homes.bg/2022-03-29_2/81718370', 'https://homes.bg/2022-03-29_2/81718386', 'https://homes.bg/2022-03-29_2/81718414']",56650.0,EUR,5 EUR/m²,,,False, продажба,,2025-01-25 06:03:14.341462,https://www.homes.bg/api/offers??currencyId=1&filterOrderBy=0&locationId=0&typeId=LandAgro,2241,,10.0,[],земеделска земя
23433,la,https://homes.bg/offer/zemya-za-prodazhba/zemedelska-zemya-464m2-blagoevgrad-zhk.-strumsko/la23433,,"жк. Струмско, Благоевград","Земеделска земя, 464m²",Друго,1,"['https://homes.bg/2022-01-20_2/79278311', 'https://homes.bg/2022-01-20_2/79278326', 'https://homes.bg/2022-01-20_2/79278356']",15500.0,EUR,33 EUR/m²,,,False, продажба,,2025-01-25 06:03:14.341476,https://www.homes.bg/api/offers??currencyId=1&filterOrderBy=0&locationId=0&typeId=LandAgro,2241,,3.0,[],земеделска земя
22294,la,https://homes.bg/offer/zemya-za-prodazhba/zemedelska-zemya-1984m2-blagoevgrad-vtora-promishlena-zona/la22294,," Втора Промишлена Зона, Благоевград","Земеделска земя, 1984m²","Категория 7, Нива",1,"['https://homes.bg/2020-08-19_1/53724405', 'https://homes.bg/2020-08-19_1/53724401', 'https://homes.bg/2020-08-19_1/53724403', 'https://homes.bg/2020-08-19_1/53724404']",16500.0,EUR,8 EUR/m²,,,False, продажба,,2025-01-25 06:03:14.341491,https://www.homes.bg/api/offers??currencyId=1&filterOrderBy=0&locationId=0&typeId=LandAgro,2241,,4.0,[],земеделска земя
23005,la,https://homes.bg/offer/zemya-za-prodazhba/zemedelska-zemya-999m2-blagoevgrad-s.logodazh/la23005,,"с.Логодаж, Благоевград","Земеделска земя, 999m²","Категория 6, Нива",1,"['https://homes.bg/2021-06-21_2/68675275', 'https://homes.bg/2021-06-21_2/68675291', 'https://homes.bg/2021-06-21_2/68675322', 'https://homes.bg/2021-06-21_2/68675349', 'https://homes.bg/2021-06-21_2/68675408', 'https://homes.bg/2021-06-21_2/68675447', 'https://homes.bg/2021-06-22_2/68757651']",14985.0,EUR,15 EUR/m²,,,False, продажба,,2025-01-25 06:03:14.341506,https://www.homes.bg/api/offers??currencyId=1&filterOrderBy=0&locationId=0&typeId=LandAgro,2241,,7.0,[],земеделска земя
23169,la,https://homes.bg/offer/zemya-za-prodazhba/zemedelska-zemya-4553m2-rila-s.padala/la23169,,"с.Падала, Рила","Земеделска земя, 4553m²","Категория 10, Нива",1,"['https://homes.bg/2021-09-14_2/73968221', 'https://homes.bg/2021-09-14_2/73968219', 'https://homes.bg/2021-09-14_2/73968214', 'https://homes.bg/2021-09-14_2/73968225', 'https://homes.bg/2021-09-14_2/73968229', 'https://homes.bg/2021-09-14_2/73968227', 'https://homes.bg/2021-09-14_2/73968223']",20000.0,EUR,4 EUR/m²,,,False, продажба,,2025-01-25 06:03:14.341522,https://www.homes.bg/api/offers??currencyId=1&filterOrderBy=0&locationId=0&typeId=LandAgro,2241,,7.0,[],земеделска земя
22881,la,https://homes.bg/offer/zemya-za-prodazhba/zemedelska-zemya-2200m2-simitli-s.cherniche/la22881,,"с.Черниче, Симитли","Земеделска земя, 2200m²","Категория 7, Нива",1,"['https://homes.bg/2021-05-10_2/65323045', 'https://homes.bg/2021-05-10_2/65323049', 'https://homes.bg/2021-05-10_2/65323050', 'https://homes.bg/2021-05-10_2/65323051', 'https://homes.bg/2021-05-10_2/65323043']",121000.0,ЛЕВА,55 ЛЕВА/m²,,,False, продажба,,2025-01-25 06:03:14.341539,https://www.homes.bg/api/offers??currencyId=1&filterOrderBy=0&locationId=0&typeId=LandAgro,2241,,5.0,[],земеделска земя
23049,la,https://homes.bg/offer/zemya-za-prodazhba/zemedelska-zemya-1201m2-blagoevgrad-vtora-promishlena-zona/la23049,," Втора Промишлена Зона, Благоевград","Земеделска земя, 1201m²","Категория 5, Нива",1,"['https://homes.bg/2021-07-07_2/69982854', 'https://homes.bg/2021-07-07_2/69982862', 'https://homes.bg/2021-07-07_2/69982871']",14500.0,EUR,12 EUR/m²,,,False, продажба,,2025-01-25 06:03:14.341553,https://www.homes.bg/api/offers??currencyId=1&filterOrderBy=0&locationId=0&typeId=LandAgro,2241,,3.0,[],земеделска земя
22887,la,https://homes.bg/offer/zemya-za-prodazhba/zemedelska-zemya-12000m2-blagoevgrad-zhk.-strumsko/la22887,,"жк. Струмско, Благоевград","Земеделска земя, 12000m²","Категория 4, Нива",1,"['https://homes.bg/2021-05-12_2/65358536', 'https://homes.bg/2021-05-12_2/65358529', 'https://homes.bg/2021-05-12_2/65358533']",480000.0,ЛЕВА,40 ЛЕВА/m²,,,False, продажба,,2025-01-25 06:03:14.341568,https://www.homes.bg/api/offers??currencyId=1&filterOrderBy=0&locationId=0&typeId=LandAgro,2241,,3.0,[],земеделска земя
24267,la,https://homes.bg/offer/zemya-za-prodazhba/zemedelska-zemya-1684m2-kocherinovo-gr.kocherinovo/la24267,,"гр.Кочериново, Koчериново","Земеделска земя, 1684m²","Категория 5, Ливада",1,[],12000.0,ЛЕВА,7 ЛЕВА/m²,,,False, продажба,,2025-01-25 06:03:14.341580,https://www.homes.bg/api/offers??currencyId=1&filterOrderBy=0&locationId=0&typeId=LandAgro,2241,,0.0,[],земеделска земя
22159,la,https://homes.bg/offer/zemya-za-prodazhba/zemedelska-zemya-721m2-rila-gr.rila/la22159,,"гр.Рила, Рила","Земеделска земя, 721m²","Категория 7, Нива",1,"['https://homes.bg/2020-06-22_1/52058495', 'https://homes.bg/2020-06-26_2/52191843']",7200.0,ЛЕВА,9 ЛЕВА/m²,,,False, продажба,,2025-01-25 06:03:14.341594,https://www.homes.bg/api/offers??currencyId=1&filterOrderBy=0&locationId=0&typeId=LandAgro,2241,,2.0,[],земеделска земя
34323,la,https://homes.bg/offer/zemya-za-prodazhba/zemedelska-zemya-3120m2-sofiya---grad-s.chepinci/la34323,,"с.Чепинци, София - град","Земеделска земя, 3120m²",Друго,1,"['https://homes.bg/2024-07-18_1/110469105', 'https://homes.bg/2024-07-18_1/110469106', 'https://homes.bg/2024-07-18_1/110469107', 'https://homes.bg/2024-07-18_1/110469108', 'https://homes.bg/2024-07-18_1/110469109']",98600.0,EUR,31 EUR/m²,,,False, продажба,,2025-01-25 06:03:14.341608,https://www.homes.bg/api/offers??currencyId=1&filterOrderBy=0&locationId=0&typeId=LandAgro,2241,,5.0,[],земеделска земя
33867,la,https://homes.bg/offer/zemya-za-prodazhba/zemedelska-zemya-30000m2-kuklen-gr.kuklen/la33867,,"гр.Куклен, Куклен","Земеделска земя, 30000m²","Категория 4, Нива",1,"['https://homes.bg/2024-02-16_2/108381663', 'https://homes.bg/2024-02-16_2/108381664', 'https://homes.bg/2024-02-16_2/108381665']",920000.0,EUR,30 EUR/m²,,,False, продажба,,2025-01-25 06:03:14.341623,https://www.homes.bg/api/offers??currencyId=1&filterOrderBy=0&locationId=0&typeId=LandAgro,2241,,3.0,[],земеделска земя
33593,la,https://homes.bg/offer/zemya-za-prodazhba/zemedelska-zemya-920m2-kuklen-gr.kuklen/la33593,,"гр.Куклен, Куклен","Земеделска земя, 920m²","Категория 4, Нива",1,"['https://homes.bg/2023-11-19_2/107337526', 'https://homes.bg/2023-11-19_2/107337527', 'https://homes.bg/2023-11-19_2/107337528']",7000.0,EUR,7 EUR/m²,,,False, продажба,,2025-01-25 06:03:14.341637,https://www.homes.bg/api/offers??currencyId=1&filterOrderBy=0&locationId=0&typeId=LandAgro,2241,,3.0,[],земеделска земя
21766,la,https://homes.bg/offer/zemya-za-prodazhba/zemedelska-zemya-3250m2-plovdiv-gr.kuklen/la21766,,"гр.Куклен, Пловдив","Земеделска земя, 3250m²",Нива,1,['https://homes.bg/2020-01-22_1/47603467'],142000.0,EUR,43 EUR/m²,,,False, продажба,,2025-01-25 06:03:14.341650,https://www.homes.bg/api/offers??currencyId=1&filterOrderBy=0&locationId=0&typeId=LandAgro,2241,,1.0,[],земеделска земя
33866,la,https://homes.bg/offer/zemya-za-prodazhba/zemedelska-zemya-1700m2-kuklen-gr.kuklen/la33866,,"гр.Куклен, Куклен","Земеделска земя, 1700m²","Категория 4, Нива",1,"['https://homes.bg/2024-02-16_2/108381610', 'https://homes.bg/2024-02-16_2/108381611', 'https://homes.bg/2024-02-16_2/108381612']",17000.0,EUR,10 EUR/m²,,,False, продажба,,2025-01-25 06:03:14.341665,https://www.homes.bg/api/offers??currencyId=1&filterOrderBy=0&locationId=0&typeId=LandAgro,2241,,3.0,[],земеделска земя
20355,la,https://homes.bg/offer/zemya-za-prodazhba/zemedelska-zemya-13326m2-plovdiv-gr.kuklen/la20355,,"гр.Куклен, Пловдив","Земеделска земя, 13326m²","Категория 4, Нива",1,[],33315.0,ЛЕВА,2 ЛЕВА/m²,,,False, продажба,,2025-01-25 06:03:14.341677,https://www.homes.bg/api/offers??currencyId=1&filterOrderBy=0&locationId=0&typeId=LandAgro,2241,,0.0,[],земеделска земя
34596,la,https://homes.bg/offer/zemya-za-prodazhba/zemedelska-zemya-2503m2-plovdiv-zhk-juzhen/la34596,,"жк Южен, Пловдив","Земеделска земя, 2503m²",,1,['https://homes.bg/2024-11-13_1/112024898'],135000.0,EUR,53 EUR/m²,,,False, продажба,,2025-01-25 06:03:14.341691,https://www.homes.bg/api/offers??currencyId=1&filterOrderBy=0&locationId=0&typeId=LandAgro,2241,,1.0,[],земеделска земя
21962,la,https://homes.bg/offer/zemya-za-prodazhba/zemedelska-zemya-3977m2-blagoevgrad-s.logodazh/la21962,,"с.Логодаж, Благоевград","Земеделска земя, 3977m²","Категория 7, Друго",1,['https://homes.bg/2020-03-26_2/49975424'],39000.0,ЛЕВА,9 ЛЕВА/m²,,,False, продажба,,2025-01-25 06:03:14.341707,https://www.homes.bg/api/offers??currencyId=1&filterOrderBy=0&locationId=0&typeId=LandAgro,2241,,1.0,[],земеделска земя
23234,la,https://homes.bg/offer/zemya-za-prodazhba/zemedelska-zemya-464m2-blagoevgrad-zhk.-strumsko/la23234,,"жк. Струмско, Благоевград","Земеделска земя, 464m²","Категория 4, Друго",1,"['https://homes.bg/2021-10-18_1/75794139', 'https://homes.bg/2021-10-18_1/75794140', 'https://homes.bg/2021-10-18_1/75794141']",15500.0,EUR,33 EUR/m²,,,False, продажба,,2025-01-25 06:03:14.341721,https://www.homes.bg/api/offers??currencyId=1&filterOrderBy=0&locationId=0&typeId=LandAgro,2241,,3.0,[],земеделска земя
21643,la,https://homes.bg/offer/zemya-za-prodazhba/zemedelska-zemya-2194m2-blagoevgrad-zhk.-elenovo/la21643,,"жк. Еленово, Благоевград","Земеделска земя, 2194m²",Категория 9,1,"['https://homes.bg/2019-11-29_2/45538356', 'https://homes.bg/2019-11-29_2/45538361', 'https://homes.bg/2019-11-29_2/45538366', 'https://homes.bg/2019-11-29_2/45538371', 'https://homes.bg/2019-11-29_2/45538376', 'https://homes.bg/2019-11-29_2/45538380']",21940.0,ЛЕВА,10 ЛЕВА/m²,,,False, продажба,,2025-01-25 06:03:14.341736,https://www.homes.bg/api/offers??currencyId=1&filterOrderBy=0&locationId=0&typeId=LandAgro,2241,,6.0,[],земеделска земя
24137,la,https://homes.bg/offer/zemya-za-prodazhba/zemedelska-zemya-8942m2-boboshevo-gr.boboshevo/la24137,,"гр.Бобошево, Бобошево","Земеделска земя, 8942m²","Категория 5, Друго",1,['https://homes.bg/2022-10-12_2/89678682'],206800.0,EUR,23 EUR/m²,,,False, продажба,,2025-01-25 06:03:14.341750,https://www.homes.bg/api/offers??currencyId=1&filterOrderBy=0&locationId=0&typeId=LandAgro,2241,,1.0,[],земеделска земя
22083,la,https://homes.bg/offer/zemya-za-prodazhba/zemedelska-zemya-4500m2-blagoevgrad-s.dybrava/la22083,,"с.Дъбрава, Благоевград","Земеделска земя, 4500m²","Категория 7, Нива",1,['https://homes.bg/2020-05-28_2/51371226'],10000.0,EUR,2 EUR/m²,,,False, продажба,,2025-01-25 06:03:14.341762,https://www.homes.bg/api/offers??currencyId=1&filterOrderBy=0&locationId=0&typeId=LandAgro,2241,,1.0,[],земеделска земя
21124,la,https://homes.bg/offer/zemya-za-prodazhba/zemedelska-zemya-3500m2-blagoevgrad-s.buchino/la21124,,"с.Бучино, Благоевград","Земеделска земя, 3500m²","Категория 5, Нива",1,"['https://homes.bg/2019-06-14_2/38708145', 'https://homes.bg/2019-06-14_2/38708146', 'https://homes.bg/2019-06-14_2/38708147', 'https://homes.bg/2019-06-14_2/38708148', 'https://homes.bg/2019-06-14_2/38708149', 'https://homes.bg/2019-06-14_2/38708150']",35000.0,EUR,10 EUR/m²,,,False, продажба,,2025-01-25 06:03:14.341778,https://www.homes.bg/api/offers??currencyId=1&filterOrderBy=0&locationId=0&typeId=LandAgro,2241,,6.0,[],земеделска земя
21342,la,https://homes.bg/offer/zemya-za-prodazhba/zemedelska-zemya-3500m2-blagoevgrad-vtora-promishlena-zona/la21342,," Втора Промишлена Зона, Благоевград","Земеделска земя, 3500m²","Категория 5, Нива",1,['https://homes.bg/2019-09-05_2/42168669'],53000.0,EUR,15 EUR/m²,,,False, продажба,,2025-01-25 06:03:14.341792,https://www.homes.bg/api/offers??currencyId=1&filterOrderBy=0&locationId=0&typeId=LandAgro,2241,,1.0,[],земеделска земя
22158,la,https://homes.bg/offer/zemya-za-prodazhba/zemedelska-zemya-4006m2-blagoevgrad-s.dybrava/la22158,,"с.Дъбрава, Благоевград","Земеделска земя, 4006m²","Категория 7, Нива",1,['https://homes.bg/2020-06-22_1/52058449'],17000.0,ЛЕВА,4 ЛЕВА/m²,,,False, продажба,,2025-01-25 06:03:14.341805,https://www.homes.bg/api/offers??currencyId=1&filterOrderBy=0&locationId=0&typeId=LandAgro,2241,,1.0,[],земеделска земя
21278,la,https://homes.bg/offer/zemya-za-prodazhba/zemedelska-zemya-3006m2-blagoevgrad-zhk.-strumsko/la21278,,"жк. Струмско, Благоевград","Земеделска земя, 3006m²",,1,['https://homes.bg/2019-08-07_2/40961365'],60120.0,ЛЕВА,20 ЛЕВА/m²,,,False, продажба,,2025-01-25 06:03:14.341818,https://www.homes.bg/api/offers??currencyId=1&filterOrderBy=0&locationId=0&typeId=LandAgro,2241,,1.0,[],земеделска земя
22319,la,https://homes.bg/offer/zemya-za-prodazhba/zemedelska-zemya-1640m2-blagoevgrad-pyrva-promishlena-zona/la22319,," Първа Промишлена Зона, Благоевград","Земеделска земя, 1640m²","Категория 7, Нива",1,"['https://homes.bg/2020-08-27_1/53932934', 'https://homes.bg/2020-08-27_1/53932935', 'https://homes.bg/2020-08-27_1/53932936', 'https://homes.bg/2020-08-27_1/53932937', 'https://homes.bg/2020-08-27_1/53932938', 'https://homes.bg/2020-08-27_1/53932940']",38000.0,EUR,23 EUR/m²,,,False, продажба,,2025-01-25 06:03:14.341835,https://www.homes.bg/api/offers??currencyId=1&filterOrderBy=0&locationId=0&typeId=LandAgro,2241,,6.0,[],земеделска земя
24561,la,https://homes.bg/offer/zemya-za-prodazhba/zemedelska-zemya-4000m2-blagoevgrad-vtora-promishlena-zona/la24561,," Втора Промишлена Зона, Благоевград","Земеделска земя, 4000m²","Категория 5, Нива",1,"['https://homes.bg/2023-03-02_2/95628988', 'https://homes.bg/2023-03-02_2/95629000', 'https://homes.bg/2023-03-02_2/95629013', 'https://homes.bg/2023-03-13_2/96170962']",60000.0,ЛЕВА,15 ЛЕВА/m²,,,False, продажба,,2025-01-25 06:03:14.341852,https://www.homes.bg/api/offers??currencyId=1&filterOrderBy=0&locationId=0&typeId=LandAgro,2241,,4.0,[],земеделска земя
24235,la,https://homes.bg/offer/zemya-za-prodazhba/zemedelska-zemya-97469m2-rila-gr.rila/la24235,,"гр.Рила, Рила","Земеделска земя, 97469m²","Категория 8, Друго",1,['https://homes.bg/2022-11-18_2/91472433'],487000.0,ЛЕВА,4 ЛЕВА/m²,,,False, продажба,,2025-01-25 06:03:14.341865,https://www.homes.bg/api/offers??currencyId=1&filterOrderBy=0&locationId=0&typeId=LandAgro,2241,,1.0,[],земеделска земя
24958,la,https://homes.bg/offer/zemya-za-prodazhba/zemedelska-zemya-2000m2-blagoevgrad-vtora-promishlena-zona/la24958,," Втора Промишлена Зона, Благоевград","Земеделска земя, 2000m²","Категория 5, Нива",1,"['https://homes.bg/2023-06-22_2/101081672', 'https://homes.bg/2023-06-22_2/101081673', 'https://homes.bg/2023-06-22_2/101081674', 'https://homes.bg/2023-06-22_2/101081675', 'https://homes.bg/2023-06-22_2/101081676', 'https://homes.bg/2023-06-22_2/101081677']",46000.0,EUR,23 EUR/m²,,,False, продажба,,2025-01-25 06:03:14.341882,https://www.homes.bg/api/offers??currencyId=1&filterOrderBy=0&locationId=0&typeId=LandAgro,2241,,6.0,[],земеделска земя
20459,la,https://homes.bg/offer/zemya-za-prodazhba/zemedelska-zemya-1001m2-blagoevgrad-zhk.-balarbashi/la20459,,"жк. Баларбаши, Благоевград","Земеделска земя, 1001m²","Категория 2, Нива",1,"['https://homes.bg/2018-10-24_1/30685401', 'https://homes.bg/2018-10-24_1/30685411', 'https://homes.bg/2018-10-24_1/30685422', 'https://homes.bg/2018-10-24_1/30685435', 'https://homes.bg/2018-10-24_1/30685455', 'https://homes.bg/2019-07-18_2/40130476']",20000.0,EUR,19 EUR/m²,,,False, продажба,,2025-01-25 06:03:14.341898,https://www.homes.bg/api/offers??currencyId=1&filterOrderBy=0&locationId=0&typeId=LandAgro,2241,,6.0,[],земеделска земя
23926,la,https://homes.bg/offer/zemya-za-prodazhba/zemedelska-zemya-2995m2-burgas-gr.sozopol/la23926,,"гр.Созопол, Бургас","Земеделска земя, 2995m²",Гора,1,['https://homes.bg/2023-03-30_1/97030634'],164725.0,EUR,55 EUR/m²,,,False, продажба,,2025-01-25 06:03:14.341925,https://www.homes.bg/api/offers??currencyId=1&filterOrderBy=0&locationId=0&typeId=LandAgro,2241,,1.0,[],земеделска земя
34273,la,https://homes.bg/offer/zemya-za-prodazhba/zemedelska-zemya-6094m2-plovdiv-kv.-proslav/la34273,,"кв. Прослав, Пловдив","Земеделска земя, 6094m²","Категория 10, Нива",1,"['https://homes.bg/2024-06-28_1/110198065', 'https://homes.bg/2024-06-28_1/110198066']",250000.0,EUR,41 EUR/m²,,,False, продажба,,2025-01-25 06:03:14.341939,https://www.homes.bg/api/offers??currencyId=1&filterOrderBy=0&locationId=0&typeId=LandAgro,2241,,2.0,[],земеделска земя
33878,la,https://homes.bg/offer/zemya-za-prodazhba/zemedelska-zemya-3694m2-plovdiv-kv.-proslav/la33878,,"кв. Прослав, Пловдив","Земеделска земя, 3694m²","Категория 4, Лозе",1,"['https://homes.bg/2024-02-20_2/108437919', 'https://homes.bg/2024-02-20_2/108437920']",22000.0,EUR,5 EUR/m²,,,False, продажба,,2025-01-25 06:03:14.341952,https://www.homes.bg/api/offers??currencyId=1&filterOrderBy=0&locationId=0&typeId=LandAgro,2241,,2.0,[],земеделска земя
20526,la,https://homes.bg/offer/zemya-za-prodazhba/zemedelska-zemya-15000m2-sevlievo-s.debelcovo/la20526,,"с.Дебелцово, Севлиево","Земеделска земя, 15000m²","Категория 4, Нива",1,"['https://homes.bg/2021-03-22_2/62028605', 'https://homes.bg/2022-07-18_2/86279546', 'https://homes.bg/2021-03-22_2/62028610', 'https://homes.bg/2022-05-26_2/84079638', 'https://homes.bg/2024-05-06_1/109514122']",0.0,EUR,0 EUR/m²,,,False, продажба,,2025-01-25 06:03:14.341967,https://www.homes.bg/api/offers??currencyId=1&filterOrderBy=0&locationId=0&typeId=LandAgro,2241,,5.0,[],земеделска земя
34689,la,https://homes.bg/offer/zemya-za-prodazhba/zemedelska-zemya-360000m2-sliven-s.korten/la34689,,"с.Кортен, Сливен","Земеделска земя, 360000m²",,1,"['https://homes.bg/2024-12-10_1/112381511', 'https://homes.bg/2024-12-10_1/112381512', 'https://homes.bg/2024-12-10_1/112381513', 'https://homes.bg/2024-12-10_1/112381514', 'https://homes.bg/2024-12-10_1/112381515', 'https://homes.bg/2024-12-10_1/112381516', 'https://homes.bg/2024-12-10_1/112381517', 'https://homes.bg/2024-12-10_1/112381518', 'https://homes.bg/2024-12-10_1/112381519', 'https://homes.bg/2024-12-10_1/112381520']",800000.0,ЛЕВА,2 ЛЕВА/m²,,,False, продажба,,2025-01-25 06:03:14.341988,https://www.homes.bg/api/offers??currencyId=1&filterOrderBy=0&locationId=0&typeId=LandAgro,2241,,10.0,[],земеделска земя
34568,la,https://homes.bg/offer/zemya-za-prodazhba/zemedelska-zemya-22256m2-burgas-zhk.-izgrev/la34568,,"жк. Изгрев, Бургас","Земеделска земя, 22256m²",Друго,1,"['https://homes.bg/2024-11-06_1/111934406', 'https://homes.bg/2024-11-06_1/111934407']",667680.0,EUR,30 EUR/m²,,,False, продажба,,2025-01-25 06:03:14.342001,https://www.homes.bg/api/offers??currencyId=1&filterOrderBy=0&locationId=0&typeId=LandAgro,2241,,2.0,[],земеделска земя
33889,la,https://homes.bg/offer/zemya-za-prodazhba/zemedelska-zemya-4000m2-veliko-tyrnovo-s.vojnezha/la33889,,"с.Войнежа, Велико Търново","Земеделска земя, 4000m²","Категория 4, Овощна градина",1,"['https://homes.bg/2024-02-22_2/108471193', 'https://homes.bg/2024-02-22_2/108471194', 'https://homes.bg/2024-02-22_2/108471195', 'https://homes.bg/2024-02-22_2/108471196', 'https://homes.bg/2024-02-22_2/108471197', 'https://homes.bg/2024-02-22_2/108471198', 'https://homes.bg/2024-02-22_2/108471199', 'https://homes.bg/2024-02-22_2/108471200', 'https://homes.bg/2024-02-22_2/108471201', 'https://homes.bg/2024-02-22_2/108471202']",3600.0,EUR,0 EUR/m²,,,False, продажба,,2025-01-25 06:03:14.342018,https://www.homes.bg/api/offers??currencyId=1&filterOrderBy=0&locationId=0&typeId=LandAgro,2241,,10.0,[],земеделска земя
22784,la,https://homes.bg/offer/zemya-za-prodazhba/zemedelska-zemya-3393m2-blagoevgrad-s.polena/la22784,,"с.Полена, Благоевград","Земеделска земя, 3393m²",,1,['https://homes.bg/2021-03-20_1/61884931'],101790.0,ЛЕВА,30 ЛЕВА/m²,,,False, продажба,,2025-01-25 06:03:14.342031,https://www.homes.bg/api/offers??currencyId=1&filterOrderBy=0&locationId=0&typeId=LandAgro,2241,,1.0,[],земеделска земя
22869,la,https://homes.bg/offer/zemya-za-prodazhba/zemedelska-zemya-3400m2-blagoevgrad-vtora-promishlena-zona/la22869,," Втора Промишлена Зона, Благоевград","Земеделска земя, 3400m²","Категория 7, Нива",1,['https://homes.bg/2021-04-29_2/64775184'],46000.0,EUR,13 EUR/m²,,,False, продажба,,2025-01-25 06:03:14.342044,https://www.homes.bg/api/offers??currencyId=1&filterOrderBy=0&locationId=0&typeId=LandAgro,2241,,1.0,[],земеделска земя
21645,la,https://homes.bg/offer/zemya-za-prodazhba/zemedelska-zemya-2063m2-blagoevgrad-zhk.-elenovo/la21645,,"жк. Еленово, Благоевград","Земеделска земя, 2063m²","Категория 9, Ливада",1,"['https://homes.bg/2019-11-29_2/45544629', 'https://homes.bg/2019-11-29_2/45544630', 'https://homes.bg/2019-11-29_2/45544631', 'https://homes.bg/2019-11-29_2/45544632', 'https://homes.bg/2019-11-29_2/45544633']",20630.0,ЛЕВА,10 ЛЕВА/m²,,,False, продажба,,2025-01-25 06:03:14.342058,https://www.homes.bg/api/offers??currencyId=1&filterOrderBy=0&locationId=0&typeId=LandAgro,2241,,5.0,[],земеделска земя
24509,la,https://homes.bg/offer/zemya-za-prodazhba/zemedelska-zemya-1625m2-blagoevgrad-vtora-promishlena-zona/la24509,," Втора Промишлена Зона, Благоевград","Земеделска земя, 1625m²","Категория 7, Нива",1,"['https://homes.bg/2023-02-14_2/94978148', 'https://homes.bg/2023-02-14_2/94978155', 'https://homes.bg/2023-02-14_2/94978149']",67500.0,ЛЕВА,41 ЛЕВА/m²,,,False, продажба,,2025-01-25 06:03:14.342071,https://www.homes.bg/api/offers??currencyId=1&filterOrderBy=0&locationId=0&typeId=LandAgro,2241,,3.0,[],земеделска земя
21885,la,https://homes.bg/offer/zemya-za-prodazhba/zemedelska-zemya-2000m2-blagoevgrad-vtora-promishlena-zona/la21885,," Втора Промишлена Зона, Благоевград","Земеделска земя, 2000m²","Категория 7, Нива",1,"['https://homes.bg/2020-02-26_2/49297038', 'https://homes.bg/2020-02-26_2/49297039', 'https://homes.bg/2020-02-26_2/49297040']",63100.0,ЛЕВА,31 ЛЕВА/m²,,,False, продажба,,2025-01-25 06:03:14.342085,https://www.homes.bg/api/offers??currencyId=1&filterOrderBy=0&locationId=0&typeId=LandAgro,2241,,3.0,[],земеделска земя
24644,la,https://homes.bg/offer/zemya-za-prodazhba/zemedelska-zemya-1000m2-blagoevgrad-s.bylgarchevo/la24644,,"с.Българчево, Благоевград","Земеделска земя, 1000m²","Категория 6, Нива",1,"['https://homes.bg/2023-03-23_2/96668928', 'https://homes.bg/2023-03-23_2/96668929', 'https://homes.bg/2023-03-23_2/96668930', 'https://homes.bg/2023-03-23_2/96668931']",30600.0,EUR,30 EUR/m²,,,False, продажба,,2025-01-25 06:03:14.342099,https://www.homes.bg/api/offers??currencyId=1&filterOrderBy=0&locationId=0&typeId=LandAgro,2241,,4.0,[],земеделска земя
23864,la,https://homes.bg/offer/zemya-za-prodazhba/zemedelska-zemya-700m2-blagoevgrad-s.dybrava/la23864,,"с.Дъбрава, Благоевград","Земеделска земя, 700m²","Категория 7, Лозе",1,"['https://homes.bg/2022-06-22_2/85267875', 'https://homes.bg/2022-06-22_2/85267876', 'https://homes.bg/2022-06-22_2/85267877']",12500.0,EUR,17 EUR/m²,,,False, продажба,,2025-01-25 06:03:14.342112,https://www.homes.bg/api/offers??currencyId=1&filterOrderBy=0&locationId=0&typeId=LandAgro,2241,,3.0,[],земеделска земя
21642,la,https://homes.bg/offer/zemya-za-prodazhba/zemedelska-zemya-1333m2-blagoevgrad-zhk.-elenovo/la21642,,"жк. Еленово, Благоевград","Земеделска земя, 1333m²","Категория 10, Овощна градина",1,"['https://homes.bg/2019-11-29_1/45536661', 'https://homes.bg/2019-11-29_1/45536666', 'https://homes.bg/2019-11-29_1/45536671', 'https://homes.bg/2019-11-29_1/45536676']",93310.0,ЛЕВА,70 ЛЕВА/m²,,,False, продажба,,2025-01-25 06:03:14.342125,https://www.homes.bg/api/offers??currencyId=1&filterOrderBy=0&locationId=0&typeId=LandAgro,2241,,4.0,[],земеделска земя
22015,la,https://homes.bg/offer/zemya-za-prodazhba/zemedelska-zemya-10081m2-blagoevgrad-zhk.-elenovo/la22015,,"жк. Еленово, Благоевград","Земеделска земя, 10081m²","Категория 7, Нива",1,['https://homes.bg/2020-04-29_2/50602501'],82700.0,ЛЕВА,8 ЛЕВА/m²,,,False, продажба,,2025-01-25 06:03:14.342137,https://www.homes.bg/api/offers??currencyId=1&filterOrderBy=0&locationId=0&typeId=LandAgro,2241,,1.0,[],земеделска земя
22875,la,https://homes.bg/offer/zemya-za-prodazhba/zemedelska-zemya-2001m2-simitli-s.cherniche/la22875,,"с.Черниче, Симитли","Земеделска земя, 2001m²","Категория 7, Ливада",1,"['https://homes.bg/2021-05-07_1/65315686', 'https://homes.bg/2021-05-07_1/65315684', 'https://homes.bg/2021-05-07_1/65315685', 'https://homes.bg/2021-05-07_1/65315683']",40000.0,ЛЕВА,19 ЛЕВА/m²,,,False, продажба,,2025-01-25 06:03:14.342151,https://www.homes.bg/api/offers??currencyId=1&filterOrderBy=0&locationId=0&typeId=LandAgro,2241,,4.0,[],земеделска земя
21840,la,https://homes.bg/offer/zemya-za-prodazhba/zemedelska-zemya-1000m2-blagoevgrad-s.logodazh/la21840,,"с.Логодаж, Благоевград","Земеделска земя, 1000m²","Категория 6, Нива",1,"['https://homes.bg/2020-02-18_2/48922547', 'https://homes.bg/2020-02-18_2/48922548', 'https://homes.bg/2020-02-18_2/48922549', 'https://homes.bg/2020-02-18_2/48922550', 'https://homes.bg/2020-02-18_2/48922551', 'https://homes.bg/2020-02-18_2/48922556']",8000.0,ЛЕВА,8 ЛЕВА/m²,,,False, продажба,,2025-01-25 06:03:14.342168,https://www.homes.bg/api/offers??currencyId=1&filterOrderBy=0&locationId=0&typeId=LandAgro,2241,,6.0,[],земеделска земя
22518,la,https://homes.bg/offer/zemya-za-prodazhba/zemedelska-zemya-940m2-blagoevgrad-vtora-promishlena-zona/la22518,," Втора Промишлена Зона, Благоевград","Земеделска земя, 940m²","Категория 7, Ливада",1,['https://homes.bg/2020-11-25_2/56710462'],37600.0,EUR,40 EUR/m²,,,False, продажба,,2025-01-25 06:03:17.207773,https://www.homes.bg/api/offers??currencyId=1&filterOrderBy=0&locationId=0&typeId=LandAgro,2241,,1.0,[],земеделска земя
22215,la,https://homes.bg/offer/zemya-za-prodazhba/zemedelska-zemya-2002m2-blagoevgrad-s.dybrava/la22215,,"с.Дъбрава, Благоевград","Земеделска земя, 2002m²","Категория 7, Нива",1,['https://homes.bg/2020-07-07_2/52542509'],21020.0,ЛЕВА,10 ЛЕВА/m²,,,False, продажба,,2025-01-25 06:03:17.207861,https://www.homes.bg/api/offers??currencyId=1&filterOrderBy=0&locationId=0&typeId=LandAgro,2241,,1.0,[],земеделска земя
22160,la,https://homes.bg/offer/zemya-za-prodazhba/zemedelska-zemya-3051m2-blagoevgrad-s.dybrava/la22160,,"с.Дъбрава, Благоевград","Земеделска земя, 3051m²","Категория 7, Нива",1,['https://homes.bg/2020-06-22_1/52058878'],30510.0,EUR,10 EUR/m²,,,False, продажба,,2025-01-25 06:03:17.207884,https://www.homes.bg/api/offers??currencyId=1&filterOrderBy=0&locationId=0&typeId=LandAgro,2241,,1.0,[],земеделска земя
20721,la,https://homes.bg/offer/zemya-za-prodazhba/zemedelska-zemya-2997m2-blagoevgrad-vtora-promishlena-zona/la20721,," Втора Промишлена Зона, Благоевград","Земеделска земя, 2997m²","Категория 5, Ливада",1,"['https://homes.bg/2019-01-31_2/33675262', 'https://homes.bg/2019-01-31_2/33675265']",61200.0,ЛЕВА,20 ЛЕВА/m²,,,False, продажба,,2025-01-25 06:03:17.207901,https://www.homes.bg/api/offers??currencyId=1&filterOrderBy=0&locationId=0&typeId=LandAgro,2241,,2.0,[],земеделска земя
22161,la,https://homes.bg/offer/zemya-za-prodazhba/zemedelska-zemya-2892m2-blagoevgrad-s.dybrava/la22161,,"с.Дъбрава, Благоевград","Земеделска земя, 2892m²","Категория 7, Нива",1,['https://homes.bg/2020-06-22_1/52058896'],28920.0,EUR,10 EUR/m²,,,False, продажба,,2025-01-25 06:03:17.207944,https://www.homes.bg/api/offers??currencyId=1&filterOrderBy=0&locationId=0&typeId=LandAgro,2241,,1.0,[],земеделска земя
22212,la,https://homes.bg/offer/zemya-za-prodazhba/zemedelska-zemya-562m2-kocherinovo-gr.kocherinovo/la22212,,"гр.Кочериново, Koчериново","Земеделска земя, 562m²","Категория 5, Ливада",1,"['https://homes.bg/2020-07-03_1/52398955', 'https://homes.bg/2020-07-03_1/52398956', 'https://homes.bg/2020-07-03_1/52398957', 'https://homes.bg/2020-07-03_1/52398959', 'https://homes.bg/2020-07-03_1/52398958', 'https://homes.bg/2020-07-03_1/52398960']",7670.0,EUR,13 EUR/m²,,,False, продажба,,2025-01-25 06:03:17.207963,https://www.homes.bg/api/offers??currencyId=1&filterOrderBy=0&locationId=0&typeId=LandAgro,2241,,6.0,[],земеделска земя
22155,la,https://homes.bg/offer/zemya-za-prodazhba/zemedelska-zemya-1500m2-kocherinovo-s.stob/la22155,,"с.Стоб, Koчериново","Земеделска земя, 1500m²","Категория 7, Нива",1,"['https://homes.bg/2020-06-19_2/52030695', 'https://homes.bg/2020-06-19_2/52030701']",30000.0,EUR,20 EUR/m²,,,False, продажба,,2025-01-25 06:03:17.207978,https://www.homes.bg/api/offers??currencyId=1&filterOrderBy=0&locationId=0&typeId=LandAgro,2241,,2.0,[],земеделска земя
24492,la,https://homes.bg/offer/zemya-za-prodazhba/zemedelska-zemya-701m2-blagoevgrad-pyrva-promishlena-zona/la24492,," Първа Промишлена Зона, Благоевград","Земеделска земя, 701m²","Категория 4, Нива",1,"['https://homes.bg/2023-02-08_2/94690531', 'https://homes.bg/2023-02-08_2/94690532', 'https://homes.bg/2023-02-08_2/94690535']",29000.0,EUR,41 EUR/m²,,,False, продажба,,2025-01-25 06:03:17.207994,https://www.homes.bg/api/offers??currencyId=1&filterOrderBy=0&locationId=0&typeId=LandAgro,2241,,3.0,[],земеделска земя
34139,la,https://homes.bg/offer/zemya-za-prodazhba/zemedelska-zemya-6100m2-plovdiv-s.marino-pole/la34139,,"с.Марино Поле, Пловдив","Земеделска земя, 6100m²",,1,"['https://homes.bg/2024-05-17_1/109662532', 'https://homes.bg/2024-05-17_1/109662533']",54000.0,ЛЕВА,8 ЛЕВА/m²,,,False, продажба,,2025-01-25 06:03:17.208012,https://www.homes.bg/api/offers??currencyId=1&filterOrderBy=0&locationId=0&typeId=LandAgro,2241,,2.0,[],земеделска земя
23943,la,https://homes.bg/offer/zemya-za-prodazhba/zemedelska-zemya-4000m2-haskovo-zhk.-badema/la23943,,"жк. Бадема, Хасково","Земеделска земя, 4000m²","Категория 5, Нива",1,[],115000.0,ЛЕВА,28 ЛЕВА/m²,,,False, продажба,,2025-01-25 06:03:17.208028,https://www.homes.bg/api/offers??currencyId=1&filterOrderBy=0&locationId=0&typeId=LandAgro,2241,,0.0,[],земеделска земя
34727,la,https://homes.bg/offer/zemya-za-prodazhba/zemedelska-zemya-2340m2-burgas-kv.-krajmorie/la34727,,"кв. Крайморие, Бургас","Земеделска земя, 2340m²","Категория 4, Друго",1,[],171000.0,EUR,73 EUR/m²,,,False, продажба,,2025-01-25 06:03:17.208041,https://www.homes.bg/api/offers??currencyId=1&filterOrderBy=0&locationId=0&typeId=LandAgro,2241,,0.0,[],земеделска земя
22535,la,https://homes.bg/offer/zemya-za-prodazhba/zemedelska-zemya-6000m2-rakovski-s.shishmanci/la22535,,"с.Шишманци, Раковски","Земеделска земя, 6000m²","Категория 5, Нива",1,"['https://homes.bg/2020-12-02_1/56852588', 'https://homes.bg/2020-12-02_1/56852590', 'https://homes.bg/2020-12-02_1/56852593']",12500.0,EUR,2 EUR/m²,,,False, продажба,,2025-01-25 06:03:17.208056,https://www.homes.bg/api/offers??currencyId=1&filterOrderBy=0&locationId=0&typeId=LandAgro,2241,,3.0,[],земеделска земя
20492,la,https://homes.bg/offer/zemya-za-prodazhba/zemedelska-zemya-3782m2-plovdiv-s.trud/la20492,,"с.Труд, Пловдив","Земеделска земя, 3782m²","Категория 4, Нива",1,"['https://homes.bg/2018-11-01_1/30934854', 'https://homes.bg/2018-11-01_1/30934855']",38000.0,EUR,10 EUR/m²,,,False, продажба,,2025-01-25 06:03:17.208068,https://www.homes.bg/api/offers??currencyId=1&filterOrderBy=0&locationId=0&typeId=LandAgro,2241,,2.0,[],земеделска земя
33976,la,https://homes.bg/offer/zemya-za-prodazhba/zemedelska-zemya-8300m2-rakovski-s.chalykovi/la33976,,"с.Чалъкови, Раковски","Земеделска земя, 8300m²","Категория 4, Нива",1,"['https://homes.bg/2024-09-11_2/111182022', 'https://homes.bg/2024-09-11_2/111182023', 'https://homes.bg/2024-09-11_2/111182024']",10500.0,EUR,1 EUR/m²,,,False, продажба,,2025-01-25 06:03:17.208082,https://www.homes.bg/api/offers??currencyId=1&filterOrderBy=0&locationId=0&typeId=LandAgro,2241,,3.0,[],земеделска земя
23138,la,https://homes.bg/offer/zemya-za-prodazhba/zemedelska-zemya-6000m2-rakovski-s.belozem/la23138,,"с.Белозем, Раковски","Земеделска земя, 6000m²","Категория 4, Нива",1,"['https://homes.bg/2021-08-19_2/71925302', 'https://homes.bg/2021-08-19_2/71925306', 'https://homes.bg/2021-08-19_2/71925308', 'https://homes.bg/2021-08-19_2/71925309', 'https://homes.bg/2021-08-19_2/71925312']",35000.0,EUR,5 EUR/m²,,,False, продажба,,2025-01-25 06:03:17.208096,https://www.homes.bg/api/offers??currencyId=1&filterOrderBy=0&locationId=0&typeId=LandAgro,2241,,5.0,[],земеделска земя
34357,la,https://homes.bg/offer/zemya-za-prodazhba/zemedelska-zemya-4000m2-rakovski-s.stryama/la34357,,"с.Стряма, Раковски","Земеделска земя, 4000m²","Категория 5, Нива",1,"['https://homes.bg/2024-08-01_2/110655806', 'https://homes.bg/2024-08-01_2/110655807', 'https://homes.bg/2024-08-01_2/110655808']",22000.0,ЛЕВА,5 ЛЕВА/m²,,,False, продажба,,2025-01-25 06:03:17.208108,https://www.homes.bg/api/offers??currencyId=1&filterOrderBy=0&locationId=0&typeId=LandAgro,2241,,3.0,[],земеделска земя
21442,la,https://homes.bg/offer/zemya-za-prodazhba/zemedelska-zemya-4000m2-plovdiv-s.kostievo/la21442,,"с.Костиево, Пловдив","Земеделска земя, 4000m²","Категория 4, Нива",1,[],60000.0,EUR,15 EUR/m²,,,False, продажба,,2025-01-25 06:03:17.208118,https://www.homes.bg/api/offers??currencyId=1&filterOrderBy=0&locationId=0&typeId=LandAgro,2241,,0.0,[],земеделска земя
33696,la,https://homes.bg/offer/zemya-za-prodazhba/zemedelska-zemya-7800m2-marica-s.kostievo/la33696,,"с.Костиево, Марица","Земеделска земя, 7800m²","Категория 5, Овощна градина",1,"['https://homes.bg/2024-01-02_2/107733176', 'https://homes.bg/2024-01-02_2/107733177', 'https://homes.bg/2024-01-02_2/107733178', 'https://homes.bg/2024-01-02_2/107733179']",47000.0,ЛЕВА,6 ЛЕВА/m²,,,False, продажба,,2025-01-25 06:03:17.208131,https://www.homes.bg/api/offers??currencyId=1&filterOrderBy=0&locationId=0&typeId=LandAgro,2241,,4.0,[],земеделска земя
34329,la,https://homes.bg/offer/zemya-za-prodazhba/zemedelska-zemya-10400m2-rodopi-s.krumovo/la34329,,"с.Крумово, Родопи","Земеделска земя, 10400m²","Категория 4, Овощна градина",1,"['https://homes.bg/2024-07-19_2/110483807', 'https://homes.bg/2024-07-19_2/110483809', 'https://homes.bg/2024-07-19_2/110483811']",54500.0,ЛЕВА,5 ЛЕВА/m²,,,False, продажба,,2025-01-25 06:03:17.208143,https://www.homes.bg/api/offers??currencyId=1&filterOrderBy=0&locationId=0&typeId=LandAgro,2241,,3.0,[],земеделска земя
19603,la,https://homes.bg/offer/zemya-za-prodazhba/zemedelska-zemya-8700m2-plovdiv-s.stryama/la19603,,"с.Стряма, Пловдив","Земеделска земя, 8700m²",Нива,1,[],34800.0,EUR,4 EUR/m²,,,False, продажба,,2025-01-25 06:03:17.208154,https://www.homes.bg/api/offers??currencyId=1&filterOrderBy=0&locationId=0&typeId=LandAgro,2241,,0.0,[],земеделска земя
33938,la,https://homes.bg/offer/zemya-za-prodazhba/zemedelska-zemya-17000m2-mineralni-bani-s.susam/la33938,,"с.Сусам, Минерални бани","Земеделска земя, 17000m²","Категория 4, Нива",1,"['https://homes.bg/2024-03-07_2/108681431', 'https://homes.bg/2024-03-07_2/108681432']",28000.0,ЛЕВА,1 ЛЕВА/m²,,,False, продажба,,2025-01-25 06:03:17.208166,https://www.homes.bg/api/offers??currencyId=1&filterOrderBy=0&locationId=0&typeId=LandAgro,2241,,2.0,[],земеделска земя
20154,la,https://homes.bg/offer/zemya-za-prodazhba/zemedelska-zemya-8000m2-plovdiv-s.kostievo/la20154,,"с.Костиево, Пловдив","Земеделска земя, 8000m²","Категория 4, Нива",1,[],204000.0,EUR,25 EUR/m²,,,False, продажба,,2025-01-25 06:03:17.208187,https://www.homes.bg/api/offers??currencyId=1&filterOrderBy=0&locationId=0&typeId=LandAgro,2241,,0.0,[],земеделска земя
34319,la,https://homes.bg/offer/zemya-za-prodazhba/zemedelska-zemya-3100m2-hisarya-s.staro-zhelezare/la34319,,"с.Старо Железаре, Хисаря","Земеделска земя, 3100m²","Категория 6, Овощна градина",1,"['https://homes.bg/2024-07-17_2/110454699', 'https://homes.bg/2024-07-17_2/110454701']",12000.0,ЛЕВА,3 ЛЕВА/m²,,,False, продажба,,2025-01-25 06:03:17.208199,https://www.homes.bg/api/offers??currencyId=1&filterOrderBy=0&locationId=0&typeId=LandAgro,2241,,2.0,[],земеделска земя
23481,la,https://homes.bg/offer/zemya-za-prodazhba/zemedelska-zemya-3300m2-marica-s.kostievo/la23481,,"с.Костиево, Марица","Земеделска земя, 3300m²",Нива,1,[],68000.0,ЛЕВА,20 ЛЕВА/m²,,,False, продажба,,2025-01-25 06:03:17.208209,https://www.homes.bg/api/offers??currencyId=1&filterOrderBy=0&locationId=0&typeId=LandAgro,2241,,0.0,[],земеделска земя
34316,la,https://homes.bg/offer/zemya-za-prodazhba/zemedelska-zemya-12000m2-stambolijski-s.novo-selo/la34316,,"с.Ново Село, Стамболийски","Земеделска земя, 12000m²","Категория 4, Овощна градина",1,[],62000.0,ЛЕВА,5 ЛЕВА/m²,,,False, продажба,,2025-01-25 06:03:17.208220,https://www.homes.bg/api/offers??currencyId=1&filterOrderBy=0&locationId=0&typeId=LandAgro,2241,,0.0,[],земеделска земя
21439,la,https://homes.bg/offer/zemya-za-prodazhba/zemedelska-zemya-40500m2-plovdiv-s.kostievo/la21439,,"с.Костиево, Пловдив","Земеделска земя, 40500m²","Категория 4, Нива",1,['https://homes.bg/2019-10-11_1/43638106'],1012500.0,EUR,25 EUR/m²,,,False, продажба,,2025-01-25 06:03:17.208232,https://www.homes.bg/api/offers??currencyId=1&filterOrderBy=0&locationId=0&typeId=LandAgro,2241,,1.0,[],земеделска земя
34708,la,https://homes.bg/offer/zemya-za-prodazhba/zemedelska-zemya-1233m2-pleven-zhk.-kajlyka/la34708,,"жк. Кайлъка, Плевен","Земеделска земя, 1233m²",,1,['https://homes.bg/2024-12-19_1/112490273'],10000.0,EUR,8 EUR/m²,,,False, продажба,,2025-01-25 06:03:17.208243,https://www.homes.bg/api/offers??currencyId=1&filterOrderBy=0&locationId=0&typeId=LandAgro,2241,,1.0,[],земеделска земя
34693,la,https://homes.bg/offer/zemya-za-prodazhba/zemedelska-zemya-4650m2-plovdiv-s.zlatitrap/la34693,,"с.Златитрап, Пловдив","Земеделска земя, 4650m²",,1,['https://homes.bg/2024-12-11_1/112396581'],10800.0,EUR,2 EUR/m²,,,False, продажба,,2025-01-25 06:03:17.208254,https://www.homes.bg/api/offers??currencyId=1&filterOrderBy=0&locationId=0&typeId=LandAgro,2241,,1.0,[],земеделска земя
34631,la,https://homes.bg/offer/zemya-za-prodazhba/zemedelska-zemya-351m2-blagoevgrad-zhk.-strumsko/la34631,,"жк. Струмско, Благоевград","Земеделска земя, 351m²",,1,['https://homes.bg/2024-11-23_1/112173376'],31200.0,ЛЕВА,88 ЛЕВА/m²,,,False, продажба,,2025-01-25 06:03:17.208265,https://www.homes.bg/api/offers??currencyId=1&filterOrderBy=0&locationId=0&typeId=LandAgro,2241,,1.0,[],земеделска земя
34632,la,https://homes.bg/offer/zemya-za-prodazhba/zemedelska-zemya-365m2-blagoevgrad-zhk.-strumsko/la34632,,"жк. Струмско, Благоевград","Земеделска земя, 365m²",,1,['https://homes.bg/2024-11-23_1/112173377'],31200.0,ЛЕВА,85 ЛЕВА/m²,,,False, продажба,,2025-01-25 06:03:17.208275,https://www.homes.bg/api/offers??currencyId=1&filterOrderBy=0&locationId=0&typeId=LandAgro,2241,,1.0,[],земеделска земя
24891,la,https://homes.bg/offer/zemya-za-prodazhba/zemedelska-zemya-5170m2-plovdiv-kv.-ostromila/la24891,,"кв. Остромила, Пловдив","Земеделска земя, 5170m²",,1,['https://homes.bg/2023-06-09_1/100466319'],180950.0,EUR,35 EUR/m²,,,False, продажба,,2025-01-25 06:03:17.208286,https://www.homes.bg/api/offers??currencyId=1&filterOrderBy=0&locationId=0&typeId=LandAgro,2241,,1.0,[],земеделска земя
20361,la,https://homes.bg/offer/zemya-za-prodazhba/zemedelska-zemya-5870m2-razlog-gr.razlog/la20361,,"гр.Разлог, Разлог","Земеделска земя, 5870m²","Категория 5, Нива",1,['https://homes.bg/2018-10-17_2/30385027'],0.0,EUR,0 EUR/m²,,,False, продажба,,2025-01-25 06:03:17.208300,https://www.homes.bg/api/offers??currencyId=1&filterOrderBy=0&locationId=0&typeId=LandAgro,2241,,1.0,[],земеделска земя
20365,la,https://homes.bg/offer/zemya-za-prodazhba/zemedelska-zemya-1886m2-razlog-gr.razlog/la20365,,"гр.Разлог, Разлог","Земеделска земя, 1886m²","Категория 6, Ливада",1,['https://homes.bg/2018-10-18_2/30417632'],0.0,EUR,0 EUR/m²,,,False, продажба,,2025-01-25 06:03:17.208310,https://www.homes.bg/api/offers??currencyId=1&filterOrderBy=0&locationId=0&typeId=LandAgro,2241,,1.0,[],земеделска земя
20360,la,https://homes.bg/offer/zemya-za-prodazhba/zemedelska-zemya-1501m2-razlog-gr.razlog/la20360,,"гр.Разлог, Разлог","Земеделска земя, 1501m²","Категория 5, Ливада",1,['https://homes.bg/2018-10-17_2/30378948'],0.0,EUR,0 EUR/m²,,,False, продажба,,2025-01-25 06:03:17.208321,https://www.homes.bg/api/offers??currencyId=1&filterOrderBy=0&locationId=0&typeId=LandAgro,2241,,1.0,[],земеделска земя
34276,la,https://homes.bg/offer/zemya-za-prodazhba/zemedelska-zemya-102915m2-sofijska-s.iskrec/la34276,,"с.Искрец, Софийска","Земеделска земя, 102915m²",Гора,1,"['https://homes.bg/2024-06-29_1/110214684', 'https://homes.bg/2024-06-29_1/110214685', 'https://homes.bg/2024-06-29_1/110214686']",33240.0,EUR,0 EUR/m²,,,False, продажба,,2025-01-25 06:03:17.208333,https://www.homes.bg/api/offers??currencyId=1&filterOrderBy=0&locationId=0&typeId=LandAgro,2241,,3.0,[],земеделска земя
23582,la,https://homes.bg/offer/zemya-za-prodazhba/zemedelska-zemya-7494m2-plovdiv-zhk.-gagarin/la23582,,"жк. Гагарин, Пловдив","Земеделска земя, 7494m²",,1,['https://homes.bg/2022-03-11_1/80981300'],112500.0,EUR,15 EUR/m²,,,False, продажба,,2025-01-25 06:03:17.208344,https://www.homes.bg/api/offers??currencyId=1&filterOrderBy=0&locationId=0&typeId=LandAgro,2241,,1.0,[],земеделска земя
34624,la,https://homes.bg/offer/zemya-za-prodazhba/zemedelska-zemya-21736m2-stara-zagora-s.oryahovica/la34624,,"с.Оряховица, Стара Загора","Земеделска земя, 21736m²",,1,['https://homes.bg/2024-11-21_1/112139980'],33300.0,EUR,1 EUR/m²,,,False, продажба,,2025-01-25 06:03:17.208354,https://www.homes.bg/api/offers??currencyId=1&filterOrderBy=0&locationId=0&typeId=LandAgro,2241,,1.0,[],земеделска земя
34618,la,https://homes.bg/offer/zemya-za-prodazhba/zemedelska-zemya-8000m2-sliven-s.panaretovci/la34618,,"с.Панаретовци, Сливен","Земеделска земя, 8000m²","Категория 4, Лозе",1,"['https://homes.bg/2024-12-19_2/112491959', 'https://homes.bg/2024-12-19_2/112491960']",37000.0,EUR,4 EUR/m²,,,False, продажба,,2025-01-25 06:03:17.208366,https://www.homes.bg/api/offers??currencyId=1&filterOrderBy=0&locationId=0&typeId=LandAgro,2241,,2.0,[],земеделска земя
34714,la,https://homes.bg/offer/zemya-za-prodazhba/zemedelska-zemya-1765m2-sofiya---grad-s.mramor/la34714,,"с.Мрамор, София - град","Земеделска земя, 1765m²",Друго,1,"['https://homes.bg/2024-12-20_1/112502830', 'https://homes.bg/2024-12-20_1/112502831']",132375.0,EUR,75 EUR/m²,,,False, продажба,,2025-01-25 06:03:17.208376,https://www.homes.bg/api/offers??currencyId=1&filterOrderBy=0&locationId=0&typeId=LandAgro,2241,,2.0,[],земеделска земя
34715,la,https://homes.bg/offer/zemya-za-prodazhba/zemedelska-zemya-587623m2-haskovo-s.careva-polyana/la34715,,"с.Царева Поляна, Хасково","Земеделска земя, 587623m²",Гора,1,"['https://homes.bg/2024-12-20_1/112502832', 'https://homes.bg/2024-12-20_1/112502833', 'https://homes.bg/2024-12-20_1/112502834', 'https://homes.bg/2024-12-20_1/112502835']",475000.0,EUR,0 EUR/m²,,,False, продажба,,2025-01-25 06:03:17.208389,https://www.homes.bg/api/offers??currencyId=1&filterOrderBy=0&locationId=0&typeId=LandAgro,2241,,4.0,[],земеделска земя
34637,la,https://homes.bg/offer/zemya-za-prodazhba/zemedelska-zemya-1764m2-sofiya---grad-s.mramor/la34637,,"с.Мрамор, София - град","Земеделска земя, 1764m²",Друго,1,"['https://homes.bg/2024-12-20_1/112502828', 'https://homes.bg/2024-12-20_1/112502829']",105840.0,EUR,60 EUR/m²,,,False, продажба,,2025-01-25 06:03:17.208400,https://www.homes.bg/api/offers??currencyId=1&filterOrderBy=0&locationId=0&typeId=LandAgro,2241,,2.0,[],земеделска земя
34713,la,https://homes.bg/offer/zemya-za-prodazhba/zemedelska-zemya-8250m2-sofiya---grad-s.mramor/la34713,,"с.Мрамор, София - град","Земеделска земя, 8250m²",Друго,1,['https://homes.bg/2024-12-20_1/112502827'],200000.0,EUR,24 EUR/m²,,,False, продажба,,2025-01-25 06:03:17.208411,https://www.homes.bg/api/offers??currencyId=1&filterOrderBy=0&locationId=0&typeId=LandAgro,2241,,1.0,[],земеделска земя
34628,la,https://homes.bg/offer/zemya-za-prodazhba/zemedelska-zemya-1380m2-sofijska-s.gorna-malina/la34628,,"с.Горна Малина, Софийска","Земеделска земя, 1380m²",,1,"['https://homes.bg/2024-11-23_1/112173193', 'https://homes.bg/2024-11-23_1/112173194']",16500.0,EUR,11 EUR/m²,,,False, продажба,,2025-01-25 06:03:17.208423,https://www.homes.bg/api/offers??currencyId=1&filterOrderBy=0&locationId=0&typeId=LandAgro,2241,,2.0,[],земеделска земя
34710,la,https://homes.bg/offer/zemya-za-prodazhba/zemedelska-zemya-1938m2-sofiya---grad-s.mramor/la34710,,"с.Мрамор, София - град","Земеделска земя, 1938m²",Друго,1,"['https://homes.bg/2024-12-19_1/112490761', 'https://homes.bg/2024-12-19_1/112490762', 'https://homes.bg/2024-12-19_1/112490763']",116300.0,EUR,60 EUR/m²,,,False, продажба,,2025-01-25 06:03:17.208435,https://www.homes.bg/api/offers??currencyId=1&filterOrderBy=0&locationId=0&typeId=LandAgro,2241,,3.0,[],земеделска земя
34709,la,https://homes.bg/offer/zemya-za-prodazhba/zemedelska-zemya-2080m2-burgas-s.kosharica/la34709,,"с.Кошарица, Бургас","Земеделска земя, 2080m²",Друго,1,['https://homes.bg/2024-12-19_1/112490760'],20800.0,EUR,10 EUR/m²,,,False, продажба,,2025-01-25 06:03:17.208446,https://www.homes.bg/api/offers??currencyId=1&filterOrderBy=0&locationId=0&typeId=LandAgro,2241,,1.0,[],земеделска земя
23244,la,https://homes.bg/offer/zemya-za-prodazhba/zemedelska-zemya-8316m2-yambol-s.botevo/la23244,,"с.Ботево, Ямбол","Земеделска земя, 8316m²",,1,['https://homes.bg/2021-10-22_1/75939760'],4300.0,ЛЕВА,0 ЛЕВА/m²,,,False, продажба,,2025-01-25 06:03:17.208457,https://www.homes.bg/api/offers??currencyId=1&filterOrderBy=0&locationId=0&typeId=LandAgro,2241,,1.0,[],земеделска земя
34707,la,https://homes.bg/offer/zemya-za-prodazhba/zemedelska-zemya-3170m2-blagoevgrad-s.elenovo/la34707,,"с.Еленово, Благоевград","Земеделска земя, 3170m²",,1,['https://homes.bg/2024-12-19_1/112490265'],50000.0,ЛЕВА,15 ЛЕВА/m²,,,False, продажба,,2025-01-25 06:03:17.208469,https://www.homes.bg/api/offers??currencyId=1&filterOrderBy=0&locationId=0&typeId=LandAgro,2241,,1.0,[],земеделска земя
24303,la,https://homes.bg/offer/zemya-za-prodazhba/zemedelska-zemya-10160m2-burgas-s.aheloj/la24303,,"с.Ахелой, Бургас","Земеделска земя, 10160m²",Друго,1,"['https://homes.bg/2022-12-09_1/92398423', 'https://homes.bg/2022-12-09_1/92398424', 'https://homes.bg/2022-12-09_1/92398425', 'https://homes.bg/2022-12-09_1/92398426', 'https://homes.bg/2022-12-09_1/92398427']",43500.0,EUR,4 EUR/m²,,,False, продажба,,2025-01-25 06:03:17.208481,https://www.homes.bg/api/offers??currencyId=1&filterOrderBy=0&locationId=0&typeId=LandAgro,2241,,5.0,[],земеделска земя
34462,la,https://homes.bg/offer/zemya-za-prodazhba/zemedelska-zemya-4100m2-sofiya---grad-s.ivanyane/la34462,,"с.Иваняне, София - град","Земеделска земя, 4100m²",Друго,1,['https://homes.bg/2024-09-18_1/111281815'],102500.0,EUR,25 EUR/m²,,,False, продажба,,2025-01-25 06:03:17.208492,https://www.homes.bg/api/offers??currencyId=1&filterOrderBy=0&locationId=0&typeId=LandAgro,2241,,1.0,[],земеделска земя
34461,la,https://homes.bg/offer/zemya-za-prodazhba/zemedelska-zemya-3599m2-sofiya---grad-s.ivanyane/la34461,,"с.Иваняне, София - град","Земеделска земя, 3599m²",Друго,1,['https://homes.bg/2024-09-18_1/111281814'],89975.0,EUR,25 EUR/m²,,,False, продажба,,2025-01-25 06:03:17.208503,https://www.homes.bg/api/offers??currencyId=1&filterOrderBy=0&locationId=0&typeId=LandAgro,2241,,1.0,[],земеделска земя
33654,la,https://homes.bg/offer/zemya-za-prodazhba/zemedelska-zemya-6222m2-plovdiv-s.krumovo/la33654,,"с.Крумово, Пловдив","Земеделска земя, 6222m²",Друго,1,['https://homes.bg/2024-08-25_1/110984073'],311100.0,EUR,50 EUR/m²,,,False, продажба,,2025-01-25 06:03:17.208514,https://www.homes.bg/api/offers??currencyId=1&filterOrderBy=0&locationId=0&typeId=LandAgro,2241,,1.0,[],земеделска земя
24454,la,https://homes.bg/offer/zemya-za-prodazhba/zemedelska-zemya-1000m2-burgas-gr.carevo/la24454,,"гр.Царево, Бургас","Земеделска земя, 1000m²",Друго,1,"['https://homes.bg/2023-05-09_1/98858400', 'https://homes.bg/2023-05-09_1/98858402']",11200.0,EUR,11 EUR/m²,,,False, продажба,,2025-01-25 06:03:17.208525,https://www.homes.bg/api/offers??currencyId=1&filterOrderBy=0&locationId=0&typeId=LandAgro,2241,,2.0,[],земеделска земя
34150,la,https://homes.bg/offer/zemya-za-prodazhba/zemedelska-zemya-6000m2-burgas-gr.carevo/la34150,,"гр.Царево, Бургас","Земеделска земя, 6000m²",Друго,1,"['https://homes.bg/2024-05-21_1/109711219', 'https://homes.bg/2024-05-21_1/109711220', 'https://homes.bg/2024-05-21_1/109711221', 'https://homes.bg/2024-05-21_1/109711222', 'https://homes.bg/2024-05-21_1/109711223']",268380.0,EUR,44 EUR/m²,,,False, продажба,,2025-01-25 06:03:17.208538,https://www.homes.bg/api/offers??currencyId=1&filterOrderBy=0&locationId=0&typeId=LandAgro,2241,,5.0,[],земеделска земя
34154,la,https://homes.bg/offer/zemya-za-prodazhba/zemedelska-zemya-12780m2-veliko-tyrnovo-s.ledenik/la34154,,"с.Леденик, Велико Търново","Земеделска земя, 12780m²",,1,[],22900.0,EUR,1 EUR/m²,,,False, продажба,,2025-01-25 06:03:17.208548,https://www.homes.bg/api/offers??currencyId=1&filterOrderBy=0&locationId=0&typeId=LandAgro,2241,,0.0,[],земеделска земя
26591,la,https://homes.bg/offer/zemya-za-prodazhba/zemedelska-zemya-1000m2-pazardzhik-gr.velingrad/la26591,,"гр.Велинград, Пазарджик","Земеделска земя, 1000m²",Нива,1,"['https://homes.bg/2024-12-14_2/112449769', 'https://homes.bg/2024-12-14_2/112449770', 'https://homes.bg/2024-12-14_2/112449771']",13800.0,EUR,13 EUR/m²,,,False, продажба,,2025-01-25 06:03:17.208560,https://www.homes.bg/api/offers??currencyId=1&filterOrderBy=0&locationId=0&typeId=LandAgro,2241,,3.0,[],земеделска земя
34692,la,https://homes.bg/offer/zemya-za-prodazhba/zemedelska-zemya-3439m2-pazardzhik-gr.velingrad/la34692,,"гр.Велинград, Пазарджик","Земеделска земя, 3439m²",Нива,1,"['https://homes.bg/2024-12-14_2/112449772', 'https://homes.bg/2024-12-14_2/112449773', 'https://homes.bg/2024-12-14_2/112449774', 'https://homes.bg/2024-12-14_2/112449775', 'https://homes.bg/2024-12-14_2/112449776']",103170.0,EUR,30 EUR/m²,,,False, продажба,,2025-01-25 06:03:17.208574,https://www.homes.bg/api/offers??currencyId=1&filterOrderBy=0&locationId=0&typeId=LandAgro,2241,,5.0,[],земеделска земя
26590,la,https://homes.bg/offer/zemya-za-prodazhba/zemedelska-zemya-5000m2-pazardzhik-gr.batak/la26590,,"гр.Батак, Пазарджик","Земеделска земя, 5000m²",Нива,1,"['https://homes.bg/2024-12-14_2/112449766', 'https://homes.bg/2024-12-14_2/112449767', 'https://homes.bg/2024-12-14_2/112449768']",105550.0,EUR,21 EUR/m²,,,False, продажба,,2025-01-25 06:03:17.208585,https://www.homes.bg/api/offers??currencyId=1&filterOrderBy=0&locationId=0&typeId=LandAgro,2241,,3.0,[],земеделска земя
34356,la,https://homes.bg/offer/zemya-za-prodazhba/zemedelska-zemya-1580m2-gabrovo-gabrovo/la34356,,"Габрово, Габрово","Земеделска земя, 1580m²",,1,"['https://homes.bg/2024-08-01_1/110654521', 'https://homes.bg/2024-08-01_1/110654522', 'https://homes.bg/2024-08-01_1/110654523']",9000.0,EUR,5 EUR/m²,,,False, продажба,,2025-01-25 06:03:17.208596,https://www.homes.bg/api/offers??currencyId=1&filterOrderBy=0&locationId=0&typeId=LandAgro,2241,,3.0,[],земеделска земя
34096,la,https://homes.bg/offer/zemya-za-prodazhba/zemedelska-zemya-757m2-gabrovo-gr.sevlievo/la34096,,"гр.Севлиево, Габрово","Земеделска земя, 757m²",,1,['https://homes.bg/2024-05-01_1/109477926'],17000.0,ЛЕВА,22 ЛЕВА/m²,,,False, продажба,,2025-01-25 06:03:17.208606,https://www.homes.bg/api/offers??currencyId=1&filterOrderBy=0&locationId=0&typeId=LandAgro,2241,,1.0,[],земеделска земя
34703,la,https://homes.bg/offer/zemya-za-prodazhba/zemedelska-zemya-6999m2-blagoevgrad-s.levunovo/la34703,,"с.Левуново, Благоевград","Земеделска земя, 6999m²",Друго,1,['https://homes.bg/2024-12-14_1/112440487'],11999.0,EUR,1 EUR/m²,,,False, продажба,,2025-01-25 06:03:17.208617,https://www.homes.bg/api/offers??currencyId=1&filterOrderBy=0&locationId=0&typeId=LandAgro,2241,,1.0,[],земеделска земя
33982,la,https://homes.bg/offer/zemya-za-prodazhba/zemedelska-zemya-13002m2-blagoevgrad-s.levunovo/la33982,,"с.Левуново, Благоевград","Земеделска земя, 13002m²",Друго,1,['https://homes.bg/2024-03-26_1/108969352'],21940.0,EUR,1 EUR/m²,,,False, продажба,,2025-01-25 06:03:17.208627,https://www.homes.bg/api/offers??currencyId=1&filterOrderBy=0&locationId=0&typeId=LandAgro,2241,,1.0,[],земеделска земя
34503,la,https://homes.bg/offer/zemya-za-prodazhba/zemedelska-zemya-2700m2-plovdiv-s.brestnik/la34503,,"с.Брестник, Пловдив","Земеделска земя, 2700m²",Нива,1,['https://homes.bg/2024-12-12_2/112423025'],94500.0,EUR,35 EUR/m²,,,False, продажба,,2025-01-25 06:03:17.208638,https://www.homes.bg/api/offers??currencyId=1&filterOrderBy=0&locationId=0&typeId=LandAgro,2241,,1.0,[],земеделска земя
34654,la,https://homes.bg/offer/zemya-za-prodazhba/zemedelska-zemya-4000m2-plovdiv-s.vojvodinovo/la34654,,"с.Войводиново, Пловдив","Земеделска земя, 4000m²",Друго,1,"['https://homes.bg/2024-12-04_1/112309576', 'https://homes.bg/2024-12-04_1/112309577']",64000.0,EUR,16 EUR/m²,,,False, продажба,,2025-01-25 06:03:17.208649,https://www.homes.bg/api/offers??currencyId=1&filterOrderBy=0&locationId=0&typeId=LandAgro,2241,,2.0,[],земеделска земя
34700,la,https://homes.bg/offer/zemya-za-prodazhba/zemedelska-zemya-6000m2-kyrdzhali-s.gluhar/la34700,,"с.Глухар, Кърджали","Земеделска земя, 6000m²","Категория 9, Нива",1,"['https://homes.bg/2024-12-12_1/112413362', 'https://homes.bg/2024-12-12_1/112413363', 'https://homes.bg/2024-12-12_1/112413364']",37000.0,ЛЕВА,6 ЛЕВА/m²,,,False, продажба,,2025-01-25 06:03:17.208661,https://www.homes.bg/api/offers??currencyId=1&filterOrderBy=0&locationId=0&typeId=LandAgro,2241,,3.0,[],земеделска земя
34701,la,https://homes.bg/offer/zemya-za-prodazhba/zemedelska-zemya-2502m2-sofijska-s.gurmazovo/la34701,,"с.Гурмазово, Софийска","Земеделска земя, 2502m²",Друго,1,['https://homes.bg/2024-12-13_1/112426673'],100000.0,EUR,39 EUR/m²,,,False, продажба,,2025-01-25 06:03:17.208672,https://www.homes.bg/api/offers??currencyId=1&filterOrderBy=0&locationId=0&typeId=LandAgro,2241,,1.0,[],земеделска земя
34702,la,https://homes.bg/offer/zemya-za-prodazhba/zemedelska-zemya-2759m2-sofijska-gr.kostinbrod/la34702,,"гр.Костинброд, Софийска","Земеделска земя, 2759m²",Друго,1,"['https://homes.bg/2024-12-13_1/112426674', 'https://homes.bg/2024-12-13_1/112426675', 'https://homes.bg/2024-12-13_1/112426676', 'https://homes.bg/2024-12-13_1/112426677', 'https://homes.bg/2024-12-13_1/112426678', 'https://homes.bg/2024-12-13_1/112426679', 'https://homes.bg/2024-12-13_1/112426680']",137950.0,EUR,50 EUR/m²,,,False, продажба,,2025-01-25 06:03:17.208687,https://www.homes.bg/api/offers??currencyId=1&filterOrderBy=0&locationId=0&typeId=LandAgro,2241,,7.0,[],земеделска земя
34617,la,https://homes.bg/offer/zemya-za-prodazhba/zemedelska-zemya-10000m2-burgas-s.veselie/la34617,,"с.Веселие, Бургас","Земеделска земя, 10000m²",,1,"['https://homes.bg/2024-11-16_1/112077330', 'https://homes.bg/2024-11-16_1/112077331', 'https://homes.bg/2024-11-16_1/112077332', 'https://homes.bg/2024-11-16_1/112077333', 'https://homes.bg/2024-11-16_1/112077334']",36000.0,EUR,3 EUR/m²,,,False, продажба,,2025-01-25 06:03:17.208699,https://www.homes.bg/api/offers??currencyId=1&filterOrderBy=0&locationId=0&typeId=LandAgro,2241,,5.0,[],земеделска земя
34339,la,https://homes.bg/offer/zemya-za-prodazhba/zemedelska-zemya-9900m2-plovdiv-s.calapica/la34339,,"с.Цалапица, Пловдив","Земеделска земя, 9900m²","Категория 4, Нива",1,"['https://homes.bg/2024-12-11_2/112409139', 'https://homes.bg/2024-12-11_2/112409140']",105000.0,EUR,10 EUR/m²,,,False, продажба,,2025-01-25 06:03:17.208710,https://www.homes.bg/api/offers??currencyId=1&filterOrderBy=0&locationId=0&typeId=LandAgro,2241,,2.0,[],земеделска земя
34695,la,https://homes.bg/offer/zemya-za-prodazhba/zemedelska-zemya-3000m2-marica-s.manolsko-konare/la34695,,"с.Манолско Конаре, Марица","Земеделска земя, 3000m²","Категория 5, Нива",1,[],7500.0,ЛЕВА,2 ЛЕВА/m²,,,False, продажба,,2025-01-25 06:03:17.208722,https://www.homes.bg/api/offers??currencyId=1&filterOrderBy=0&locationId=0&typeId=LandAgro,2241,,0.0,[],земеделска земя
34607,la,https://homes.bg/offer/zemya-za-prodazhba/zemedelska-zemya-5709m2-blagoevgrad-s.krupnik/la34607,,"с.Крупник, Благоевград","Земеделска земя, 5709m²",,1,['https://homes.bg/2024-11-16_1/112077311'],114180.0,EUR,20 EUR/m²,,,False, продажба,,2025-01-25 06:03:17.208733,https://www.homes.bg/api/offers??currencyId=1&filterOrderBy=0&locationId=0&typeId=LandAgro,2241,,1.0,[],земеделска земя
34608,la,https://homes.bg/offer/zemya-za-prodazhba/zemedelska-zemya-3051m2-blagoevgrad-s.krupnik/la34608,,"с.Крупник, Благоевград","Земеделска земя, 3051m²",,1,['https://homes.bg/2024-11-16_1/112077312'],10920.0,EUR,3 EUR/m²,,,False, продажба,,2025-01-25 06:03:17.208743,https://www.homes.bg/api/offers??currencyId=1&filterOrderBy=0&locationId=0&typeId=LandAgro,2241,,1.0,[],земеделска земя
34603,la,https://homes.bg/offer/zemya-za-prodazhba/zemedelska-zemya-2165m2-blagoevgrad-s.krupnik/la34603,,"с.Крупник, Благоевград","Земеделска земя, 2165m²",,1,['https://homes.bg/2024-11-15_1/112059419'],22200.0,EUR,10 EUR/m²,,,False, продажба,,2025-01-25 06:03:17.208753,https://www.homes.bg/api/offers??currencyId=1&filterOrderBy=0&locationId=0&typeId=LandAgro,2241,,1.0,[],земеделска земя
33795,la,https://homes.bg/offer/zemya-za-prodazhba/zemedelska-zemya-475m2-smolyan-s.kutela/la33795,,"с.Кутела, Смолян","Земеделска земя, 475m²",,1,['https://homes.bg/2024-01-26_1/108071761'],23700.0,EUR,49 EUR/m²,,,False, продажба,,2025-01-25 06:03:17.208763,https://www.homes.bg/api/offers??currencyId=1&filterOrderBy=0&locationId=0&typeId=LandAgro,2241,,1.0,[],земеделска земя
34609,la,https://homes.bg/offer/zemya-za-prodazhba/zemedelska-zemya-3219m2-blagoevgrad-s.krupnik/la34609,,"с.Крупник, Благоевград","Земеделска земя, 3219m²",,1,[],11520.0,EUR,3 EUR/m²,,,False, продажба,,2025-01-25 06:03:17.208773,https://www.homes.bg/api/offers??currencyId=1&filterOrderBy=0&locationId=0&typeId=LandAgro,2241,,0.0,[],земеделска земя
34614,la,https://homes.bg/offer/zemya-za-prodazhba/zemedelska-zemya-703m2-blagoevgrad-s.krupnik/la34614,,"с.Крупник, Благоевград","Земеделска земя, 703m²",,1,['https://homes.bg/2024-11-16_1/112077317'],3600.0,EUR,5 EUR/m²,,,False, продажба,,2025-01-25 06:03:17.208784,https://www.homes.bg/api/offers??currencyId=1&filterOrderBy=0&locationId=0&typeId=LandAgro,2241,,1.0,[],земеделска земя
34615,la,https://homes.bg/offer/zemya-za-prodazhba/zemedelska-zemya-990m2-blagoevgrad-s.krupnik/la34615,,"с.Крупник, Благоевград","Земеделска земя, 990m²",,1,['https://homes.bg/2024-11-16_1/112077318'],5100.0,EUR,5 EUR/m²,,,False, продажба,,2025-01-25 06:03:17.208794,https://www.homes.bg/api/offers??currencyId=1&filterOrderBy=0&locationId=0&typeId=LandAgro,2241,,1.0,[],земеделска земя
34616,la,https://homes.bg/offer/zemya-za-prodazhba/zemedelska-zemya-780m2-blagoevgrad-s.krupnik/la34616,,"с.Крупник, Благоевград","Земеделска земя, 780m²",,1,['https://homes.bg/2024-11-16_1/112077319'],4000.0,EUR,5 EUR/m²,,,False, продажба,,2025-01-25 06:03:17.208807,https://www.homes.bg/api/offers??currencyId=1&filterOrderBy=0&locationId=0&typeId=LandAgro,2241,,1.0,[],земеделска земя
34605,la,https://homes.bg/offer/zemya-za-prodazhba/zemedelska-zemya-942m2-blagoevgrad-s.poleto/la34605,,"с.Полето, Благоевград","Земеделска земя, 942m²",,1,['https://homes.bg/2024-11-16_1/112077309'],7225.0,EUR,7 EUR/m²,,,False, продажба,,2025-01-25 06:03:17.208817,https://www.homes.bg/api/offers??currencyId=1&filterOrderBy=0&locationId=0&typeId=LandAgro,2241,,1.0,[],земеделска земя
34610,la,https://homes.bg/offer/zemya-za-prodazhba/zemedelska-zemya-3701m2-blagoevgrad-s.krupnik/la34610,,"с.Крупник, Благоевград","Земеделска земя, 3701m²",,1,['https://homes.bg/2024-11-16_1/112077313'],13250.0,EUR,3 EUR/m²,,,False, продажба,,2025-01-25 06:03:17.208830,https://www.homes.bg/api/offers??currencyId=1&filterOrderBy=0&locationId=0&typeId=LandAgro,2241,,1.0,[],земеделска земя
23890,la,https://homes.bg/offer/zemya-za-prodazhba/zemedelska-zemya-6000m2-yambol-promishlena-zona/la23890,," Промишлена Зона , Ямбол","Земеделска земя, 6000m²",,1,"['https://homes.bg/2022-07-07_1/85807379', 'https://homes.bg/2022-07-07_1/85807380', 'https://homes.bg/2022-07-07_1/85807381', 'https://homes.bg/2022-07-07_1/85807382', 'https://homes.bg/2022-07-07_1/85807383', 'https://homes.bg/2022-07-07_1/85807384', 'https://homes.bg/2022-07-07_1/85807385', 'https://homes.bg/2022-07-07_1/85807386', 'https://homes.bg/2022-07-07_1/85807387', 'https://homes.bg/2022-07-07_1/85807388']",310000.0,ЛЕВА,51 ЛЕВА/m²,,,False, продажба,,2025-01-25 06:03:17.208844,https://www.homes.bg/api/offers??currencyId=1&filterOrderBy=0&locationId=0&typeId=LandAgro,2241,,10.0,[],земеделска земя
34606,la,https://homes.bg/offer/zemya-za-prodazhba/zemedelska-zemya-1474m2-blagoevgrad-s.poleto/la34606,,"с.Полето, Благоевград","Земеделска земя, 1474m²",,1,['https://homes.bg/2024-11-16_1/112077310'],7540.0,EUR,5 EUR/m²,,,False, продажба,,2025-01-25 06:03:17.208856,https://www.homes.bg/api/offers??currencyId=1&filterOrderBy=0&locationId=0&typeId=LandAgro,2241,,1.0,[],земеделска земя
34611,la,https://homes.bg/offer/zemya-za-prodazhba/zemedelska-zemya-1044m2-blagoevgrad-s.krupnik/la34611,,"с.Крупник, Благоевград","Земеделска земя, 1044m²",,1,['https://homes.bg/2024-11-16_1/112077314'],4300.0,EUR,4 EUR/m²,,,False, продажба,,2025-01-25 06:03:17.208877,https://www.homes.bg/api/offers??currencyId=1&filterOrderBy=0&locationId=0&typeId=LandAgro,2241,,1.0,[],земеделска земя
34612,la,https://homes.bg/offer/zemya-za-prodazhba/zemedelska-zemya-842m2-blagoevgrad-s.krupnik/la34612,,"с.Крупник, Благоевград","Земеделска земя, 842m²",,1,['https://homes.bg/2024-11-16_1/112077315'],5200.0,EUR,6 EUR/m²,,,False, продажба,,2025-01-25 06:03:17.208887,https://www.homes.bg/api/offers??currencyId=1&filterOrderBy=0&locationId=0&typeId=LandAgro,2241,,1.0,[],земеделска земя
34613,la,https://homes.bg/offer/zemya-za-prodazhba/zemedelska-zemya-1859m2-blagoevgrad-s.krupnik/la34613,,"с.Крупник, Благоевград","Земеделска земя, 1859m²",,1,['https://homes.bg/2024-11-16_1/112077316'],9550.0,EUR,5 EUR/m²,,,False, продажба,,2025-01-25 06:03:17.208899,https://www.homes.bg/api/offers??currencyId=1&filterOrderBy=0&locationId=0&typeId=LandAgro,2241,,1.0,[],земеделска земя
25041,la,https://homes.bg/offer/zemya-za-prodazhba/zemedelska-zemya-4100m2-plovdiv-s.markovo/la25041,,"с.Марково, Пловдив","Земеделска земя, 4100m²","Категория 4, Нива",1,['https://homes.bg/2024-12-10_2/112393133'],213200.0,EUR,52 EUR/m²,,,False, продажба,,2025-01-25 06:03:17.208922,https://www.homes.bg/api/offers??currencyId=1&filterOrderBy=0&locationId=0&typeId=LandAgro,2241,,1.0,[],земеделска земя
24674,la,https://homes.bg/offer/zemya-za-prodazhba/zemedelska-zemya-11498m2-plovdiv-s.krumovo/la24674,,"с.Крумово, Пловдив","Земеделска земя, 11498m²",Нива,1,['https://homes.bg/2024-12-10_2/112393132'],344940.0,EUR,30 EUR/m²,,,False, продажба,,2025-01-25 06:03:17.208933,https://www.homes.bg/api/offers??currencyId=1&filterOrderBy=0&locationId=0&typeId=LandAgro,2241,,1.0,[],земеделска земя
34321,la,https://homes.bg/offer/zemya-za-prodazhba/zemedelska-zemya-1000m2-sofiya-lozen/la34321,," Лозен, София","Земеделска земя, 1000m²","Категория 9, Нива",1,"['https://homes.bg/2024-12-10_2/112389645', 'https://homes.bg/2024-12-10_2/112389646', 'https://homes.bg/2024-12-10_2/112389647', 'https://homes.bg/2024-12-10_2/112389648']",30000.0,EUR,30 EUR/m²,,,False, продажба,,2025-01-25 06:03:17.208946,https://www.homes.bg/api/offers??currencyId=1&filterOrderBy=0&locationId=0&typeId=LandAgro,2241,,4.0,[],земеделска земя
34687,la,https://homes.bg/offer/zemya-za-prodazhba/zemedelska-zemya-1001m2-plovdiv-s.caracovo/la34687,,"с.Царацово, Пловдив","Земеделска земя, 1001m²",Нива,1,"['https://homes.bg/2024-12-10_2/112389782', 'https://homes.bg/2024-12-10_2/112389783']",173400.0,ЛЕВА,173 ЛЕВА/m²,,,False, продажба,,2025-01-25 06:03:17.208958,https://www.homes.bg/api/offers??currencyId=1&filterOrderBy=0&locationId=0&typeId=LandAgro,2241,,2.0,[],земеделска земя
34688,la,https://homes.bg/offer/zemya-za-prodazhba/zemedelska-zemya-3668m2-plovdiv-s.caracovo/la34688,,"с.Царацово, Пловдив","Земеделска земя, 3668m²",Нива,1,['https://homes.bg/2024-12-10_2/112389784'],285000.0,ЛЕВА,77 ЛЕВА/m²,,,False, продажба,,2025-01-25 06:03:17.208970,https://www.homes.bg/api/offers??currencyId=1&filterOrderBy=0&locationId=0&typeId=LandAgro,2241,,1.0,[],земеделска земя
34691,la,https://homes.bg/offer/zemya-za-prodazhba/zemedelska-zemya-10000m2-marica-s.yasno-pole/la34691,,"с.Ясно Поле, Марица","Земеделска земя, 10000m²","Категория 5, Нива",1,"['https://homes.bg/2024-12-10_2/112383758', 'https://homes.bg/2024-12-10_2/112383759', 'https://homes.bg/2024-12-10_2/112383760', 'https://homes.bg/2024-12-10_2/112383761']",22000.0,ЛЕВА,2 ЛЕВА/m²,,,False, продажба,,2025-01-25 06:03:17.208981,https://www.homes.bg/api/offers??currencyId=1&filterOrderBy=0&locationId=0&typeId=LandAgro,2241,,4.0,[],земеделска земя
33956,la,https://homes.bg/offer/zemya-za-prodazhba/zemedelska-zemya-14101m2-sofijska-gr.ihtiman/la33956,,"гр.Ихтиман, Софийска","Земеделска земя, 14101m²",,1,"['https://homes.bg/2024-03-15_1/108795515', 'https://homes.bg/2024-03-15_1/108795516', 'https://homes.bg/2024-03-15_1/108795517']",98728.0,EUR,7 EUR/m²,,,False, продажба,,2025-01-25 06:03:17.208993,https://www.homes.bg/api/offers??currencyId=1&filterOrderBy=0&locationId=0&typeId=LandAgro,2241,,3.0,[],земеделска земя
23988,la,https://homes.bg/offer/zemya-za-prodazhba/zemedelska-zemya-9112m2-plovdiv-s.kalekovec/la23988,,"с.Калековец, Пловдив","Земеделска земя, 9112m²",,1,['https://homes.bg/2022-08-17_1/87603524'],220000.0,EUR,24 EUR/m²,,,False, продажба,,2025-01-25 06:03:17.209005,https://www.homes.bg/api/offers??currencyId=1&filterOrderBy=0&locationId=0&typeId=LandAgro,2241,,1.0,[],земеделска земя
22883,la,https://homes.bg/offer/zemya-za-prodazhba/zemedelska-zemya-2211m2-blagoevgrad-s.cherniche/la22883,,"с.Черниче, Благоевград","Земеделска земя, 2211m²",,1,"['https://homes.bg/2021-05-11_1/65325904', 'https://homes.bg/2021-05-11_1/65325905', 'https://homes.bg/2021-05-11_1/65325906', 'https://homes.bg/2021-05-11_1/65325907', 'https://homes.bg/2021-05-11_1/65325908']",121000.0,ЛЕВА,54 ЛЕВА/m²,,,False, продажба,,2025-01-25 06:03:17.209016,https://www.homes.bg/api/offers??currencyId=1&filterOrderBy=0&locationId=0&typeId=LandAgro,2241,,5.0,[],земеделска земя
34686,la,https://homes.bg/offer/zemya-za-prodazhba/zemedelska-zemya-6000m2-rodopi-s.brestovica/la34686,,"с.Брестовица, Родопи","Земеделска земя, 6000m²","Категория 4, Лозе",1,[],21000.0,ЛЕВА,3 ЛЕВА/m²,,,False, продажба,,2025-01-25 06:03:17.209031,https://www.homes.bg/api/offers??currencyId=1&filterOrderBy=0&locationId=0&typeId=LandAgro,2241,,0.0,[],земеделска земя
34677,la,https://homes.bg/offer/zemya-za-prodazhba/zemedelska-zemya-7730m2-pazardzhik-s.dobrovnica/la34677,,"с.Добровница, Пазарджик","Земеделска земя, 7730m²",Нива,1,['https://homes.bg/2024-12-07_2/112363229'],35000.0,EUR,4 EUR/m²,,,False, продажба,,2025-01-25 06:03:17.209043,https://www.homes.bg/api/offers??currencyId=1&filterOrderBy=0&locationId=0&typeId=LandAgro,2241,,1.0,[],земеделска земя
23895,la,https://homes.bg/offer/zemya-za-prodazhba/zemedelska-zemya-7095m2-nesebyr-gr.obzor/la23895,,"гр.Обзор, Несебър","Земеделска земя, 7095m²","Категория 3, Нива",1,"['https://homes.bg/2022-07-08_1/85833812', 'https://homes.bg/2022-07-08_1/85833813']",256058.0,EUR,36 EUR/m²,,,False, продажба,,2025-01-25 06:03:17.209056,https://www.homes.bg/api/offers??currencyId=1&filterOrderBy=0&locationId=0&typeId=LandAgro,2241,,2.0,[],земеделска земя
23894,la,https://homes.bg/offer/zemya-za-prodazhba/zemedelska-zemya-6335m2-nesebyr-gr.obzor/la23894,,"гр.Обзор, Несебър","Земеделска земя, 6335m²","Категория 3, Нива",1,"['https://homes.bg/2022-07-08_1/85833742', 'https://homes.bg/2022-07-08_1/85833743']",228630.0,EUR,36 EUR/m²,,,False, продажба,,2025-01-25 06:03:17.209067,https://www.homes.bg/api/offers??currencyId=1&filterOrderBy=0&locationId=0&typeId=LandAgro,2241,,2.0,[],земеделска земя
24933,la,https://homes.bg/offer/zemya-za-prodazhba/zemedelska-zemya-38025m2-pomorie-s.stracin/la24933,,"с.Страцин, Поморие","Земеделска земя, 38025m²","Категория 6, Нива",1,"['https://homes.bg/2023-06-16_2/100770698', 'https://homes.bg/2023-06-16_2/100770699', 'https://homes.bg/2023-06-16_2/100770700', 'https://homes.bg/2023-06-16_2/100770701']",62000.0,EUR,1 EUR/m²,,,False, продажба,,2025-01-25 06:03:17.209079,https://www.homes.bg/api/offers??currencyId=1&filterOrderBy=0&locationId=0&typeId=LandAgro,2241,,4.0,[],земеделска земя
23896,la,https://homes.bg/offer/zemya-za-prodazhba/zemedelska-zemya-9599m2-nesebyr-gr.obzor/la23896,,"гр.Обзор, Несебър","Земеделска земя, 9599m²","Категория 5, Нива",1,"['https://homes.bg/2022-07-08_2/85834610', 'https://homes.bg/2022-07-08_2/85834611']",509995.0,EUR,53 EUR/m²,,,False, продажба,,2025-01-25 06:03:17.209091,https://www.homes.bg/api/offers??currencyId=1&filterOrderBy=0&locationId=0&typeId=LandAgro,2241,,2.0,[],земеделска земя
24393,la,https://homes.bg/offer/zemya-za-prodazhba/zemedelska-zemya-6005m2-pomorie-s.aheloj/la24393,,"с.Ахелой, Поморие","Земеделска земя, 6005m²","Категория 3, Нива",1,['https://homes.bg/2023-01-16_2/94001503'],383500.0,EUR,63 EUR/m²,,,False, продажба,,2025-01-25 06:03:17.209101,https://www.homes.bg/api/offers??currencyId=1&filterOrderBy=0&locationId=0&typeId=LandAgro,2241,,1.0,[],земеделска земя
34604,la,https://homes.bg/offer/zemya-za-prodazhba/zemedelska-zemya-11504m2-yambol-s.drazhevo/la34604,,"с.Дражево, Ямбол","Земеделска земя, 11504m²",,1,['https://homes.bg/2024-11-16_1/112077242'],115040.0,ЛЕВА,10 ЛЕВА/m²,,,False, продажба,,2025-01-25 06:03:21.885113,https://www.homes.bg/api/offers??currencyId=1&filterOrderBy=0&locationId=0&typeId=LandAgro,2241,,1.0,[],земеделска земя
34684,la,https://homes.bg/offer/zemya-za-prodazhba/zemedelska-zemya-6303m2-sofiya---grad-s.ivanyane/la34684,,"с.Иваняне, София - град","Земеделска земя, 6303m²",Друго,1,"['https://homes.bg/2024-12-07_1/112355757', 'https://homes.bg/2024-12-07_1/112355758']",489743.0,EUR,77 EUR/m²,,,False, продажба,,2025-01-25 06:03:21.885192,https://www.homes.bg/api/offers??currencyId=1&filterOrderBy=0&locationId=0&typeId=LandAgro,2241,,2.0,[],земеделска земя
34301,la,https://homes.bg/offer/zemya-za-prodazhba/zemedelska-zemya-1445m2-blagoevgrad-zhk.-balarbashi/la34301,,"жк. Баларбаши, Благоевград","Земеделска земя, 1445m²","Категория 7, Лозе",1,['https://homes.bg/2024-07-14_2/110418815'],73500.0,ЛЕВА,50 ЛЕВА/m²,,,False, продажба,,2025-01-25 06:03:21.885228,https://www.homes.bg/api/offers??currencyId=1&filterOrderBy=0&locationId=0&typeId=LandAgro,2241,,1.0,[],земеделска земя
22904,la,https://homes.bg/offer/zemya-za-prodazhba/zemedelska-zemya-4999m2-blagoevgrad-vtora-promishlena-zona/la22904,," Втора Промишлена Зона, Благоевград","Земеделска земя, 4999m²","Категория 5, Нива",1,['https://homes.bg/2024-04-29_1/109449698'],75000.0,EUR,15 EUR/m²,,,False, продажба,,2025-01-25 06:03:21.885246,https://www.homes.bg/api/offers??currencyId=1&filterOrderBy=0&locationId=0&typeId=LandAgro,2241,,1.0,[],земеделска земя
24245,la,https://homes.bg/offer/zemya-za-prodazhba/zemedelska-zemya-30000m2-rila-gr.rila/la24245,,"гр.Рила, Рила","Земеделска земя, 30000m²","Категория 8, Ливада",1,['https://homes.bg/2022-11-21_1/91580536'],150000.0,ЛЕВА,5 ЛЕВА/m²,,,False, продажба,,2025-01-25 06:03:21.885262,https://www.homes.bg/api/offers??currencyId=1&filterOrderBy=0&locationId=0&typeId=LandAgro,2241,,1.0,[],земеделска земя
33664,la,https://homes.bg/offer/zemya-za-prodazhba/zemedelska-zemya-5594m2-blagoevgrad-zhk.-strumsko/la33664,,"жк. Струмско, Благоевград","Земеделска земя, 5594m²",Нива,1,['https://homes.bg/2023-12-19_2/107670074'],111880.0,EUR,20 EUR/m²,,,False, продажба,,2025-01-25 06:03:21.885278,https://www.homes.bg/api/offers??currencyId=1&filterOrderBy=0&locationId=0&typeId=LandAgro,2241,,1.0,[],земеделска земя
33663,la,https://homes.bg/offer/zemya-za-prodazhba/zemedelska-zemya-19000m2-blagoevgrad-zhk.-strumsko/la33663,,"жк. Струмско, Благоевград","Земеделска земя, 19000m²","Категория 6, Нива",1,['https://homes.bg/2023-12-19_2/107670015'],380400.0,EUR,20 EUR/m²,,,False, продажба,,2025-01-25 06:03:21.885293,https://www.homes.bg/api/offers??currencyId=1&filterOrderBy=0&locationId=0&typeId=LandAgro,2241,,1.0,[],земеделска земя
33957,la,https://homes.bg/offer/zemya-za-prodazhba/zemedelska-zemya-1500m2-blagoevgrad-pyrva-promishlena-zona/la33957,," Първа Промишлена Зона, Благоевград","Земеделска земя, 1500m²","Категория 3, Нива",1,[],32000.0,ЛЕВА,21 ЛЕВА/m²,,,False, продажба,,2025-01-25 06:03:21.885307,https://www.homes.bg/api/offers??currencyId=1&filterOrderBy=0&locationId=0&typeId=LandAgro,2241,,0.0,[],земеделска земя
22903,la,https://homes.bg/offer/zemya-za-prodazhba/zemedelska-zemya-3000m2-blagoevgrad-vtora-promishlena-zona/la22903,," Втора Промишлена Зона, Благоевград","Земеделска земя, 3000m²","Категория 5, Нива",1,['https://homes.bg/2024-05-16_2/109645880'],30000.0,EUR,10 EUR/m²,,,False, продажба,,2025-01-25 06:03:21.885320,https://www.homes.bg/api/offers??currencyId=1&filterOrderBy=0&locationId=0&typeId=LandAgro,2241,,1.0,[],земеделска земя
25158,la,https://homes.bg/offer/zemya-za-prodazhba/zemedelska-zemya-4126m2-simitli-gr.simitli/la25158,,"гр.Симитли, Симитли","Земеделска земя, 4126m²","Категория 6, Нива",1,"['https://homes.bg/2024-03-11_2/108730916', 'https://homes.bg/2024-03-11_2/108730909', 'https://homes.bg/2024-03-11_2/108730912', 'https://homes.bg/2024-03-11_2/108730905', 'https://homes.bg/2023-08-24_2/103616167']",40000.0,EUR,9 EUR/m²,,,False, продажба,,2025-01-25 06:03:21.885336,https://www.homes.bg/api/offers??currencyId=1&filterOrderBy=0&locationId=0&typeId=LandAgro,2241,,5.0,[],земеделска земя
33857,la,https://homes.bg/offer/zemya-za-prodazhba/zemedelska-zemya-1981m2-blagoevgrad-s.izgrev/la33857,,"с.Изгрев, Благоевград","Земеделска земя, 1981m²","Категория 8, Нива",1,['https://homes.bg/2024-05-15_2/109630175'],50000.0,ЛЕВА,25 ЛЕВА/m²,,,False, продажба,,2025-01-25 06:03:21.885357,https://www.homes.bg/api/offers??currencyId=1&filterOrderBy=0&locationId=0&typeId=LandAgro,2241,,1.0,[],земеделска земя
33804,la,https://homes.bg/offer/zemya-za-prodazhba/zemedelska-zemya-700m2-blagoevgrad-zhk.-balarbashi/la33804,,"жк. Баларбаши, Благоевград","Земеделска земя, 700m²",Лозе,1,['https://homes.bg/2024-01-30_2/108126853'],17000.0,ЛЕВА,24 ЛЕВА/m²,,,False, продажба,,2025-01-25 06:03:21.885373,https://www.homes.bg/api/offers??currencyId=1&filterOrderBy=0&locationId=0&typeId=LandAgro,2241,,1.0,[],земеделска земя
34685,la,https://homes.bg/offer/zemya-za-prodazhba/zemedelska-zemya-5348m2-burgas-gr.pomorie/la34685,,"гр.Поморие, Бургас","Земеделска земя, 5348m²",Друго,1,['https://homes.bg/2024-12-07_1/112355759'],17400.0,EUR,3 EUR/m²,,,False, продажба,,2025-01-25 06:03:21.885389,https://www.homes.bg/api/offers??currencyId=1&filterOrderBy=0&locationId=0&typeId=LandAgro,2241,,1.0,[],земеделска земя
13362,la,https://homes.bg/offer/zemya-za-prodazhba/zemedelska-zemya-3145m2-sofiya-dolni-bogrov/la13362,," Долни Богров, София","Земеделска земя, 3145m²","Категория 4, Нива",1,"['https://homes.bg/2017-12-23_2/19463032', 'https://homes.bg/2017-12-23_2/19463426']",47175.0,EUR,15 EUR/m²,,,False, продажба,,2025-01-25 06:03:21.885405,https://www.homes.bg/api/offers??currencyId=1&filterOrderBy=0&locationId=0&typeId=LandAgro,2241,,2.0,[],земеделска земя
24361,la,https://homes.bg/offer/zemya-za-prodazhba/zemedelska-zemya-1065m2-sofiya-dolni-bogrov/la24361,," Долни Богров, София","Земеделска земя, 1065m²","Категория 4, Нива",1,['https://homes.bg/2023-01-01_2/93268212'],21300.0,EUR,20 EUR/m²,,,False, продажба,,2025-01-25 06:03:21.885420,https://www.homes.bg/api/offers??currencyId=1&filterOrderBy=0&locationId=0&typeId=LandAgro,2241,,1.0,[],земеделска земя
24360,la,https://homes.bg/offer/zemya-za-prodazhba/zemedelska-zemya-2818m2-sofiya-dolni-bogrov/la24360,," Долни Богров, София","Земеделска земя, 2818m²","Категория 4, Нива",1,['https://homes.bg/2023-01-01_2/93268211'],56360.0,EUR,20 EUR/m²,,,False, продажба,,2025-01-25 06:03:21.885434,https://www.homes.bg/api/offers??currencyId=1&filterOrderBy=0&locationId=0&typeId=LandAgro,2241,,1.0,[],земеделска земя
24359,la,https://homes.bg/offer/zemya-za-prodazhba/zemedelska-zemya-4406m2-sofiya-dolni-bogrov/la24359,," Долни Богров, София","Земеделска земя, 4406m²","Категория 5, Нива",1,['https://homes.bg/2023-01-01_2/93268210'],154210.0,EUR,35 EUR/m²,,,False, продажба,,2025-01-25 06:03:21.885448,https://www.homes.bg/api/offers??currencyId=1&filterOrderBy=0&locationId=0&typeId=LandAgro,2241,,1.0,[],земеделска земя
24274,la,https://homes.bg/offer/zemya-za-prodazhba/zemedelska-zemya-11624m2-plovdiv-s.zhelyazno/la24274,,"с.Желязно, Пловдив","Земеделска земя, 11624m²",,1,['https://homes.bg/2022-11-29_1/91969619'],115000.0,EUR,9 EUR/m²,,,False, продажба,,2025-01-25 06:03:21.885462,https://www.homes.bg/api/offers??currencyId=1&filterOrderBy=0&locationId=0&typeId=LandAgro,2241,,1.0,[],земеделска земя
34646,la,https://homes.bg/offer/zemya-za-prodazhba/zemedelska-zemya-4200m2-plovdiv-s.radinovo/la34646,,"с.Радиново, Пловдив","Земеделска земя, 4200m²",Нива,1,['https://homes.bg/2024-12-05_2/112336361'],45000.0,EUR,10 EUR/m²,,,False, продажба,,2025-01-25 06:03:21.885477,https://www.homes.bg/api/offers??currencyId=1&filterOrderBy=0&locationId=0&typeId=LandAgro,2241,,1.0,[],земеделска земя
24384,la,https://homes.bg/offer/zemya-za-prodazhba/zemedelska-zemya-9488m2-plovdiv-industrialna-zona---sever/la24384,," Индустриална зона - Север, Пловдив","Земеделска земя, 9488m²","Категория 5, Нива",1,['https://homes.bg/2024-12-05_2/112336355'],130000.0,EUR,13 EUR/m²,,,False, продажба,,2025-01-25 06:03:21.885491,https://www.homes.bg/api/offers??currencyId=1&filterOrderBy=0&locationId=0&typeId=LandAgro,2241,,1.0,[],земеделска земя
24553,la,https://homes.bg/offer/zemya-za-prodazhba/zemedelska-zemya-3507m2-plovdiv-s.calapica/la24553,,"с.Цалапица, Пловдив","Земеделска земя, 3507m²",Нива,1,"['https://homes.bg/2024-12-05_2/112336356', 'https://homes.bg/2024-12-05_2/112336357', 'https://homes.bg/2024-12-05_2/112336358', 'https://homes.bg/2024-12-05_2/112336359', 'https://homes.bg/2024-12-05_2/112336360']",75000.0,EUR,21 EUR/m²,,,False, продажба,,2025-01-25 06:03:21.885507,https://www.homes.bg/api/offers??currencyId=1&filterOrderBy=0&locationId=0&typeId=LandAgro,2241,,5.0,[],земеделска земя
34676,la,https://homes.bg/offer/zemya-za-prodazhba/zemedelska-zemya-4500m2-plovdiv-s.rogosh/la34676,,"с.Рогош, Пловдив","Земеделска земя, 4500m²",Нива,1,['https://homes.bg/2024-12-05_2/112336415'],24300.0,EUR,5 EUR/m²,,,False, продажба,,2025-01-25 06:03:21.885521,https://www.homes.bg/api/offers??currencyId=1&filterOrderBy=0&locationId=0&typeId=LandAgro,2241,,1.0,[],земеделска земя
9697,la,https://homes.bg/offer/zemya-za-prodazhba/zemedelska-zemya-4627m2-slivnica-s.gylybovci/la9697,,"с.Гълъбовци, Сливница","Земеделска земя, 4627m²","Категория 4, Нива",1,[],46270.0,EUR,10 EUR/m²,,,False, продажба,,2025-01-25 06:03:21.885535,https://www.homes.bg/api/offers??currencyId=1&filterOrderBy=0&locationId=0&typeId=LandAgro,2241,,0.0,[],земеделска земя
9694,la,https://homes.bg/offer/zemya-za-prodazhba/zemedelska-zemya-7680m2-sofiya-busmanci/la9694,," Бусманци, София","Земеделска земя, 7680m²","Категория 5, Нива",1,[],231000.0,EUR,30 EUR/m²,,,False, продажба,,2025-01-25 06:03:21.885549,https://www.homes.bg/api/offers??currencyId=1&filterOrderBy=0&locationId=0&typeId=LandAgro,2241,,0.0,[],земеделска земя
9695,la,https://homes.bg/offer/zemya-za-prodazhba/zemedelska-zemya-16698m2-pancharevo-s.lozen/la9695,,"с.Лозен, Панчарево","Земеделска земя, 16698m²","Категория 6, Нива",1,[],500940.0,EUR,30 EUR/m²,,,False, продажба,,2025-01-25 06:03:21.885562,https://www.homes.bg/api/offers??currencyId=1&filterOrderBy=0&locationId=0&typeId=LandAgro,2241,,0.0,[],земеделска земя
34683,la,https://homes.bg/offer/zemya-za-prodazhba/zemedelska-zemya-3401m2-burgas-gr.pomorie/la34683,,"гр.Поморие, Бургас","Земеделска земя, 3401m²",Друго,1,"['https://homes.bg/2024-12-06_1/112341035', 'https://homes.bg/2024-12-06_1/112341036', 'https://homes.bg/2024-12-06_1/112341037']",35500.0,EUR,10 EUR/m²,,,False, продажба,,2025-01-25 06:03:21.885577,https://www.homes.bg/api/offers??currencyId=1&filterOrderBy=0&locationId=0&typeId=LandAgro,2241,,3.0,[],земеделска земя
34680,la,https://homes.bg/offer/zemya-za-prodazhba/zemedelska-zemya-3000m2-perushtica-gr.perushtica/la34680,,"гр.Перущица, Перущица","Земеделска земя, 3000m²","Категория 4, Лозе",1,"['https://homes.bg/2024-12-05_1/112325885', 'https://homes.bg/2024-12-05_1/112325886', 'https://homes.bg/2024-12-05_1/112325887']",13000.0,ЛЕВА,4 ЛЕВА/m²,,,False, продажба,,2025-01-25 06:03:21.885593,https://www.homes.bg/api/offers??currencyId=1&filterOrderBy=0&locationId=0&typeId=LandAgro,2241,,3.0,[],земеделска земя
34285,la,https://homes.bg/offer/zemya-za-prodazhba/zemedelska-zemya-45000m2-sandanski-s.zlatolist/la34285,,"с.Златолист, Сандански","Земеделска земя, 45000m²","Категория 8, Нива",1,['https://homes.bg/2024-07-03_1/110268025'],70000.0,ЛЕВА,1 ЛЕВА/m²,,,False, продажба,,2025-01-25 06:03:21.885607,https://www.homes.bg/api/offers??currencyId=1&filterOrderBy=0&locationId=0&typeId=LandAgro,2241,,1.0,[],земеделска земя
24407,la,https://homes.bg/offer/zemya-za-prodazhba/zemedelska-zemya-4700m2-sandanski-s.leshnica/la24407,,"с.Лешница, Сандански","Земеделска земя, 4700m²","Категория 6, Нива",1,"['https://homes.bg/2023-01-20_1/94131322', 'https://homes.bg/2023-01-20_1/94131323', 'https://homes.bg/2023-01-20_1/94131324']",7550.0,ЛЕВА,1 ЛЕВА/m²,,,False, продажба,,2025-01-25 06:03:21.885626,https://www.homes.bg/api/offers??currencyId=1&filterOrderBy=0&locationId=0&typeId=LandAgro,2241,,3.0,[],земеделска земя
24655,la,https://homes.bg/offer/zemya-za-prodazhba/zemedelska-zemya-5000m2-strumyani-s.ilindenci/la24655,,"с.Илинденци, Струмяни","Земеделска земя, 5000m²",Нива,1,"['https://homes.bg/2023-03-30_2/97044023', 'https://homes.bg/2023-03-30_2/97044024', 'https://homes.bg/2023-03-30_2/97044025', 'https://homes.bg/2023-03-30_2/97044026', 'https://homes.bg/2023-03-30_2/97044027', 'https://homes.bg/2023-03-30_2/97044028', 'https://homes.bg/2023-03-30_2/97044029', 'https://homes.bg/2023-03-30_2/97044030']",15000.0,ЛЕВА,3 ЛЕВА/m²,,,False, продажба,,2025-01-25 06:03:21.885646,https://www.homes.bg/api/offers??currencyId=1&filterOrderBy=0&locationId=0&typeId=LandAgro,2241,,8.0,[],земеделска земя
23240,la,https://homes.bg/offer/zemya-za-prodazhba/zemedelska-zemya-2000m2-sandanski-s.leshnica/la23240,,"с.Лешница, Сандански","Земеделска земя, 2000m²","Категория 4, Нива",1,"['https://homes.bg/2021-10-20_2/75879706', 'https://homes.bg/2021-10-20_2/75879707']",17000.0,ЛЕВА,8 ЛЕВА/m²,,,False, продажба,,2025-01-25 06:03:21.885661,https://www.homes.bg/api/offers??currencyId=1&filterOrderBy=0&locationId=0&typeId=LandAgro,2241,,2.0,[],земеделска земя
24258,la,https://homes.bg/offer/zemya-za-prodazhba/zemedelska-zemya-4000m2-sandanski-gr.sandanski/la24258,,"гр.Сандански, Сандански","Земеделска земя, 4000m²","Категория 5, Нива",1,['https://homes.bg/2022-11-24_2/91723013'],20000.0,EUR,5 EUR/m²,,,False, продажба,,2025-01-25 06:03:21.885675,https://www.homes.bg/api/offers??currencyId=1&filterOrderBy=0&locationId=0&typeId=LandAgro,2241,,1.0,[],земеделска земя
24888,la,https://homes.bg/offer/zemya-za-prodazhba/zemedelska-zemya-2500m2-sandanski-gr.sandanski/la24888,,"гр.Сандански, Сандански","Земеделска земя, 2500m²","Категория 5, Нива",1,['https://homes.bg/2023-06-07_2/100371142'],0.0,EUR,0 EUR/m²,,,False, продажба,,2025-01-25 06:03:21.885689,https://www.homes.bg/api/offers??currencyId=1&filterOrderBy=0&locationId=0&typeId=LandAgro,2241,,1.0,[],земеделска земя
34625,la,https://homes.bg/offer/zemya-za-prodazhba/zemedelska-zemya-6111m2-varna-s.kalimanci/la34625,,"с.Калиманци, Варна","Земеделска земя, 6111m²",Друго,1,"['https://homes.bg/2024-11-21_1/112140415', 'https://homes.bg/2024-11-21_1/112140416', 'https://homes.bg/2024-11-21_1/112140417']",17000.0,EUR,2 EUR/m²,,,False, продажба,,2025-01-25 06:03:21.885704,https://www.homes.bg/api/offers??currencyId=1&filterOrderBy=0&locationId=0&typeId=LandAgro,2241,,3.0,[],земеделска земя
34577,la,https://homes.bg/offer/zemya-za-prodazhba/zemedelska-zemya-4130m2-blagoevgrad-s.rilci/la34577,,"с.Рилци, Благоевград","Земеделска земя, 4130m²",,1,['https://homes.bg/2024-11-08_1/111963653'],63350.0,EUR,15 EUR/m²,,,False, продажба,,2025-01-25 06:03:21.885717,https://www.homes.bg/api/offers??currencyId=1&filterOrderBy=0&locationId=0&typeId=LandAgro,2241,,1.0,[],земеделска земя
34136,la,https://homes.bg/offer/zemya-za-prodazhba/zemedelska-zemya-4509m2-plovdiv-s.kostievo/la34136,,"с.Костиево, Пловдив","Земеделска земя, 4509m²",Нива,1,"['https://homes.bg/2024-12-04_2/112320993', 'https://homes.bg/2024-12-04_2/112320994']",150000.0,EUR,33 EUR/m²,,,False, продажба,,2025-01-25 06:03:21.885733,https://www.homes.bg/api/offers??currencyId=1&filterOrderBy=0&locationId=0&typeId=LandAgro,2241,,2.0,[],земеделска земя
33569,la,https://homes.bg/offer/zemya-za-prodazhba/zemedelska-zemya-5558m2-plovdiv-kv.-proslav/la33569,,"кв. Прослав, Пловдив","Земеделска земя, 5558m²",Нива,1,['https://homes.bg/2024-12-04_2/112320992'],83370.0,EUR,15 EUR/m²,,,False, продажба,,2025-01-25 06:03:21.885747,https://www.homes.bg/api/offers??currencyId=1&filterOrderBy=0&locationId=0&typeId=LandAgro,2241,,1.0,[],земеделска земя
34555,la,https://homes.bg/offer/zemya-za-prodazhba/zemedelska-zemya-20500m2-syedinenie-gr.syedinenie/la34555,,"гр.Съединение, Съединение","Земеделска земя, 20500m²","Категория 5, Нива",1,['https://homes.bg/2024-11-01_2/111868763'],67000.0,ЛЕВА,3 ЛЕВА/m²,,,False, продажба,,2025-01-25 06:03:21.885760,https://www.homes.bg/api/offers??currencyId=1&filterOrderBy=0&locationId=0&typeId=LandAgro,2241,,1.0,[],земеделска земя
34675,la,https://homes.bg/offer/zemya-za-prodazhba/zemedelska-zemya-3498m2-blagoevgrad-shirok-centyr/la34675,," Широк Център, Благоевград","Земеделска земя, 3498m²","Категория 4, Нива",1,"['https://homes.bg/2024-12-04_2/112310006', 'https://homes.bg/2024-12-04_2/112310011', 'https://homes.bg/2024-12-04_2/112310010', 'https://homes.bg/2024-12-04_2/112310008', 'https://homes.bg/2024-12-04_2/112310007', 'https://homes.bg/2024-12-04_2/112310009']",0.0,EUR,0 EUR/m²,,,False, продажба,,2025-01-25 06:03:21.885775,https://www.homes.bg/api/offers??currencyId=1&filterOrderBy=0&locationId=0&typeId=LandAgro,2241,,6.0,[],земеделска земя
24963,la,https://homes.bg/offer/zemya-za-prodazhba/zemedelska-zemya-3688m2-yambol-s.hadzhidimitrovo/la24963,,"с.Хаджидимитрово, Ямбол","Земеделска земя, 3688m²",,1,['https://homes.bg/2023-06-24_1/101173325'],79000.0,ЛЕВА,21 ЛЕВА/m²,,,False, продажба,,2025-01-25 06:03:21.885787,https://www.homes.bg/api/offers??currencyId=1&filterOrderBy=0&locationId=0&typeId=LandAgro,2241,,1.0,[],земеделска земя
34060,la,https://homes.bg/offer/zemya-za-prodazhba/zemedelska-zemya-3000m2-varna-s.general-kantardzhievo/la34060,,"с.Генерал-Кантарджиево, Варна","Земеделска земя, 3000m²",Лозе,1,['https://homes.bg/2024-12-03_2/112300560'],35000.0,EUR,11 EUR/m²,,,False, продажба,,2025-01-25 06:03:21.885797,https://www.homes.bg/api/offers??currencyId=1&filterOrderBy=0&locationId=0&typeId=LandAgro,2241,,1.0,[],земеделска земя
34645,la,https://homes.bg/offer/zemya-za-prodazhba/zemedelska-zemya-3950m2-perushtica-gr.perushtica/la34645,,"гр.Перущица, Перущица","Земеделска земя, 3950m²","Категория 4, Нива",1,"['https://homes.bg/2024-12-02_1/112282576', 'https://homes.bg/2024-12-02_1/112282577', 'https://homes.bg/2024-12-02_1/112282578', 'https://homes.bg/2024-12-02_1/112282579', 'https://homes.bg/2024-12-02_1/112282580', 'https://homes.bg/2024-12-02_1/112282581']",19800.0,ЛЕВА,5 ЛЕВА/m²,,,False, продажба,,2025-01-25 06:03:21.885812,https://www.homes.bg/api/offers??currencyId=1&filterOrderBy=0&locationId=0&typeId=LandAgro,2241,,6.0,[],земеделска земя
34575,la,https://homes.bg/offer/zemya-za-prodazhba/zemedelska-zemya-14998m2-burgas-s.rosen/la34575,,"с.Росен, Бургас","Земеделска земя, 14998m²",Друго,1,"['https://homes.bg/2024-11-07_1/111949833', 'https://homes.bg/2024-11-07_1/111949834', 'https://homes.bg/2024-11-07_1/111949835']",89988.0,EUR,6 EUR/m²,,,False, продажба,,2025-01-25 06:03:21.885825,https://www.homes.bg/api/offers??currencyId=1&filterOrderBy=0&locationId=0&typeId=LandAgro,2241,,3.0,[],земеделска земя
33561,la,https://homes.bg/offer/zemya-za-prodazhba/zemedelska-zemya-5451m2-burgas-gr.pomorie/la33561,,"гр.Поморие, Бургас","Земеделска земя, 5451m²",Друго,1,['https://homes.bg/2023-11-09_1/107103433'],54510.0,EUR,10 EUR/m²,,,False, продажба,,2025-01-25 06:03:21.885836,https://www.homes.bg/api/offers??currencyId=1&filterOrderBy=0&locationId=0&typeId=LandAgro,2241,,1.0,[],земеделска земя
24979,la,https://homes.bg/offer/zemya-za-prodazhba/zemedelska-zemya-445m2-burgas-gr.sozopol/la24979,,"гр.Созопол, Бургас","Земеделска земя, 445m²",Друго,1,['https://homes.bg/2023-06-27_1/101323906'],38000.0,EUR,85 EUR/m²,,,False, продажба,,2025-01-25 06:03:21.885846,https://www.homes.bg/api/offers??currencyId=1&filterOrderBy=0&locationId=0&typeId=LandAgro,2241,,1.0,[],земеделска земя
24978,la,https://homes.bg/offer/zemya-za-prodazhba/zemedelska-zemya-5551m2-burgas-gr.sozopol/la24978,,"гр.Созопол, Бургас","Земеделска земя, 5551m²",Друго,1,['https://homes.bg/2023-06-27_1/101323905'],610610.0,EUR,110 EUR/m²,,,False, продажба,,2025-01-25 06:03:21.885857,https://www.homes.bg/api/offers??currencyId=1&filterOrderBy=0&locationId=0&typeId=LandAgro,2241,,1.0,[],земеделска земя
24981,la,https://homes.bg/offer/zemya-za-prodazhba/zemedelska-zemya-2451m2-burgas-gr.sozopol/la24981,,"гр.Созопол, Бургас","Земеделска земя, 2451m²",Друго,1,['https://homes.bg/2023-06-27_1/101323908'],98000.0,EUR,39 EUR/m²,,,False, продажба,,2025-01-25 06:03:21.885870,https://www.homes.bg/api/offers??currencyId=1&filterOrderBy=0&locationId=0&typeId=LandAgro,2241,,1.0,[],земеделска земя
24373,la,https://homes.bg/offer/zemya-za-prodazhba/zemedelska-zemya-1350m2-burgas-gr.sozopol/la24373,,"гр.Созопол, Бургас","Земеделска земя, 1350m²",Гора,1,['https://homes.bg/2023-01-06_1/93466806'],100000.0,EUR,74 EUR/m²,,,False, продажба,,2025-01-25 06:03:21.885880,https://www.homes.bg/api/offers??currencyId=1&filterOrderBy=0&locationId=0&typeId=LandAgro,2241,,1.0,[],земеделска земя
24980,la,https://homes.bg/offer/zemya-za-prodazhba/zemedelska-zemya-3344m2-burgas-s.ravadinovo/la24980,,"с.Равадиново, Бургас","Земеделска земя, 3344m²",Друго,1,['https://homes.bg/2023-06-27_1/101323907'],200000.0,EUR,59 EUR/m²,,,False, продажба,,2025-01-25 06:03:21.885891,https://www.homes.bg/api/offers??currencyId=1&filterOrderBy=0&locationId=0&typeId=LandAgro,2241,,1.0,[],земеделска земя
34432,la,https://homes.bg/offer/zemya-za-prodazhba/zemedelska-zemya-2999m2-burgas-s.rosen/la34432,,"с.Росен, Бургас","Земеделска земя, 2999m²",Друго,1,['https://homes.bg/2024-09-06_1/111136172'],127000.0,EUR,42 EUR/m²,,,False, продажба,,2025-01-25 06:03:21.885901,https://www.homes.bg/api/offers??currencyId=1&filterOrderBy=0&locationId=0&typeId=LandAgro,2241,,1.0,[],земеделска земя
34509,la,https://homes.bg/offer/zemya-za-prodazhba/zemedelska-zemya-38000m2-burgas-s.bratovo/la34509,,"с.Братово, Бургас","Земеделска земя, 38000m²","Категория 3, Овощна градина",1,"['https://homes.bg/2024-10-09_2/111555663', 'https://homes.bg/2024-10-09_2/111555665', 'https://homes.bg/2024-10-09_2/111555666', 'https://homes.bg/2024-10-09_2/111555667', 'https://homes.bg/2024-10-09_2/111555672', 'https://homes.bg/2024-10-09_2/111555669', 'https://homes.bg/2024-10-09_2/111555673']",350000.0,EUR,9 EUR/m²,,,False, продажба,,2025-01-25 06:03:21.885931,https://www.homes.bg/api/offers??currencyId=1&filterOrderBy=0&locationId=0&typeId=LandAgro,2241,,7.0,[],земеделска земя
24968,la,https://homes.bg/offer/zemya-za-prodazhba/zemedelska-zemya-4560m2-varna-k.k.kamchiya/la24968,,"к.к.Камчия, Варна","Земеделска земя, 4560m²",Друго,1,"['https://homes.bg/2023-06-24_1/101181408', 'https://homes.bg/2023-06-24_1/101181410', 'https://homes.bg/2023-06-24_1/101181412']",68400.0,EUR,15 EUR/m²,,,False, продажба,,2025-01-25 06:03:21.885944,https://www.homes.bg/api/offers??currencyId=1&filterOrderBy=0&locationId=0&typeId=LandAgro,2241,,3.0,[],земеделска земя
34012,la,https://homes.bg/offer/zemya-za-prodazhba/zemedelska-zemya-8400m2-varna-varna/la34012,,"Варна, Варна","Земеделска земя, 8400m²",Друго,1,['https://homes.bg/2024-04-06_1/109134804'],126000.0,EUR,15 EUR/m²,,,False, продажба,,2025-01-25 06:03:21.885954,https://www.homes.bg/api/offers??currencyId=1&filterOrderBy=0&locationId=0&typeId=LandAgro,2241,,1.0,[],земеделска земя
21905,la,https://homes.bg/offer/zemya-za-prodazhba/zemedelska-zemya-7599m2-burgas-gr.pomorie/la21905,,"гр.Поморие, Бургас","Земеделска земя, 7599m²",Друго,1,['https://homes.bg/2020-07-04_1/52431050'],76000.0,EUR,10 EUR/m²,,,False, продажба,,2025-01-25 06:03:21.885964,https://www.homes.bg/api/offers??currencyId=1&filterOrderBy=0&locationId=0&typeId=LandAgro,2241,,1.0,[],земеделска земя
24527,la,https://homes.bg/offer/zemya-za-prodazhba/zemedelska-zemya-1777m2-burgas-gr.ahtopol/la24527,,"гр.Ахтопол, Бургас","Земеделска земя, 1777m²",Друго,1,"['https://homes.bg/2023-03-29_1/96974831', 'https://homes.bg/2023-03-29_1/96974833', 'https://homes.bg/2023-03-29_1/96974835', 'https://homes.bg/2023-03-29_1/96974837', 'https://homes.bg/2023-03-29_1/96974840', 'https://homes.bg/2023-03-29_1/96974842', 'https://homes.bg/2023-03-29_1/96974845', 'https://homes.bg/2023-03-29_1/96974847']",101500.0,EUR,57 EUR/m²,,,False, продажба,,2025-01-25 06:03:21.885979,https://www.homes.bg/api/offers??currencyId=1&filterOrderBy=0&locationId=0&typeId=LandAgro,2241,,8.0,[],земеделска земя
24650,la,https://homes.bg/offer/zemya-za-prodazhba/zemedelska-zemya-5972m2-burgas-gr.carevo/la24650,,"гр.Царево, Бургас","Земеделска земя, 5972m²",Друго,1,"['https://homes.bg/2024-03-02_1/108622965', 'https://homes.bg/2024-03-02_1/108622966', 'https://homes.bg/2024-03-02_1/108622967', 'https://homes.bg/2024-03-02_1/108622968', 'https://homes.bg/2024-03-02_1/108622969', 'https://homes.bg/2024-03-02_1/108622970', 'https://homes.bg/2024-03-02_1/108622971']",179500.0,EUR,30 EUR/m²,,,False, продажба,,2025-01-25 06:03:21.885992,https://www.homes.bg/api/offers??currencyId=1&filterOrderBy=0&locationId=0&typeId=LandAgro,2241,,7.0,[],земеделска земя
33680,la,https://homes.bg/offer/zemya-za-prodazhba/zemedelska-zemya-1001m2-burgas-s.varvara/la33680,,"с.Варвара, Бургас","Земеделска земя, 1001m²",Друго,1,"['https://homes.bg/2023-12-23_1/107711988', 'https://homes.bg/2023-12-23_1/107711989', 'https://homes.bg/2023-12-23_1/107711990', 'https://homes.bg/2023-12-23_1/107711991', 'https://homes.bg/2023-12-23_1/107711992']",52000.0,EUR,51 EUR/m²,,,False, продажба,,2025-01-25 06:03:21.886009,https://www.homes.bg/api/offers??currencyId=1&filterOrderBy=0&locationId=0&typeId=LandAgro,2241,,5.0,[],земеделска земя
24091,la,https://homes.bg/offer/zemya-za-prodazhba/zemedelska-zemya-1120m2-sofiya---grad-s.chepinci/la24091,,"с.Чепинци, София - град","Земеделска земя, 1120m²",Друго,1,['https://homes.bg/2022-09-17_1/88657724'],21000.0,EUR,18 EUR/m²,,,False, продажба,,2025-01-25 06:03:21.886020,https://www.homes.bg/api/offers??currencyId=1&filterOrderBy=0&locationId=0&typeId=LandAgro,2241,,1.0,[],земеделска земя
24086,la,https://homes.bg/offer/zemya-za-prodazhba/zemedelska-zemya-2419m2-sofiya---grad-s.chepinci/la24086,,"с.Чепинци, София - град","Земеделска земя, 2419m²",Друго,1,"['https://homes.bg/2023-03-27_1/96871643', 'https://homes.bg/2023-03-27_1/96871645']",84000.0,EUR,34 EUR/m²,,,False, продажба,,2025-01-25 06:03:21.886031,https://www.homes.bg/api/offers??currencyId=1&filterOrderBy=0&locationId=0&typeId=LandAgro,2241,,2.0,[],земеделска земя
24972,la,https://homes.bg/offer/zemya-za-prodazhba/zemedelska-zemya-5115m2-burgas-s.aheloj/la24972,,"с.Ахелой, Бургас","Земеделска земя, 5115m²",Друго,1,['https://homes.bg/2023-06-24_1/101181451'],264950.0,EUR,51 EUR/m²,,,False, продажба,,2025-01-25 06:03:21.886045,https://www.homes.bg/api/offers??currencyId=1&filterOrderBy=0&locationId=0&typeId=LandAgro,2241,,1.0,[],земеделска земя
21923,la,https://homes.bg/offer/zemya-za-prodazhba/zemedelska-zemya-1098m2-blagoevgrad-s.zheleznica/la21923,,"с.Железница, Благоевград","Земеделска земя, 1098m²",,1,['https://homes.bg/2020-03-10_1/49647215'],14000.0,ЛЕВА,12 ЛЕВА/m²,,,False, продажба,,2025-01-25 06:03:21.886056,https://www.homes.bg/api/offers??currencyId=1&filterOrderBy=0&locationId=0&typeId=LandAgro,2241,,1.0,[],земеделска земя
21925,la,https://homes.bg/offer/zemya-za-prodazhba/zemedelska-zemya-4231m2-blagoevgrad-s.zheleznica/la21925,,"с.Железница, Благоевград","Земеделска земя, 4231m²",,1,['https://homes.bg/2020-03-10_1/49647311'],26000.0,ЛЕВА,6 ЛЕВА/m²,,,False, продажба,,2025-01-25 06:03:21.886067,https://www.homes.bg/api/offers??currencyId=1&filterOrderBy=0&locationId=0&typeId=LandAgro,2241,,1.0,[],земеделска земя
21932,la,https://homes.bg/offer/zemya-za-prodazhba/zemedelska-zemya-2776m2-blagoevgrad-s.zheleznica/la21932,,"с.Железница, Благоевград","Земеделска земя, 2776m²",,1,['https://homes.bg/2020-03-11_1/49679474'],27000.0,ЛЕВА,9 ЛЕВА/m²,,,False, продажба,,2025-01-25 06:03:21.886078,https://www.homes.bg/api/offers??currencyId=1&filterOrderBy=0&locationId=0&typeId=LandAgro,2241,,1.0,[],земеделска земя
20408,la,https://homes.bg/offer/zemya-za-prodazhba/zemedelska-zemya-1000m2-dobrich-gr.balchik/la20408,,"гр.Балчик, Добрич","Земеделска земя, 1000m²",,1,['https://homes.bg/2018-10-19_2/30496900'],7600.0,ЛЕВА,7 ЛЕВА/m²,,,False, продажба,,2025-01-25 06:03:21.886088,https://www.homes.bg/api/offers??currencyId=1&filterOrderBy=0&locationId=0&typeId=LandAgro,2241,,1.0,[],земеделска земя
34644,la,https://homes.bg/offer/zemya-za-prodazhba/zemedelska-zemya-1050m2-asenovgrad-s.kozanovo/la34644,,"с.Козаново, Асеновград","Земеделска земя, 1050m²","Категория 3, Лозе",1,"['https://homes.bg/2024-12-01_2/112276759', 'https://homes.bg/2024-12-01_2/112276760', 'https://homes.bg/2024-12-01_2/112276761']",5500.0,EUR,5 EUR/m²,,,False, продажба,,2025-01-25 06:03:21.886104,https://www.homes.bg/api/offers??currencyId=1&filterOrderBy=0&locationId=0&typeId=LandAgro,2241,,3.0,[],земеделска земя
33943,la,https://homes.bg/offer/zemya-za-prodazhba/zemedelska-zemya-1900m2-straldzha-s.kamenec/la33943,,"с.Каменец, Стралджа","Земеделска земя, 1900m²","Категория 5, Лозе",1,['https://homes.bg/2024-11-30_2/112273812'],0.0,EUR,0 EUR/m²,,,False, продажба,,2025-01-25 06:03:21.886115,https://www.homes.bg/api/offers??currencyId=1&filterOrderBy=0&locationId=0&typeId=LandAgro,2241,,1.0,[],земеделска земя
23999,la,https://homes.bg/offer/zemya-za-prodazhba/zemedelska-zemya-2712m2-sandanski-s.debrene/la23999,,"с.Дебрене, Сандански","Земеделска земя, 2712m²","Категория 8, Пасище",1,"['https://homes.bg/2022-08-17_2/87604903', 'https://homes.bg/2022-08-17_2/87604904', 'https://homes.bg/2022-08-17_2/87604905', 'https://homes.bg/2022-08-17_2/87604906']",3900.0,EUR,1 EUR/m²,,,False, продажба,,2025-01-25 06:03:21.886128,https://www.homes.bg/api/offers??currencyId=1&filterOrderBy=0&locationId=0&typeId=LandAgro,2241,,4.0,[],земеделска земя
23998,la,https://homes.bg/offer/zemya-za-prodazhba/zemedelska-zemya-2712m2-sandanski-gr.sandanski/la23998,,"гр.Сандански, Сандански","Земеделска земя, 2712m²","Категория 8, Пасище",1,"['https://homes.bg/2022-08-17_2/87604899', 'https://homes.bg/2022-08-17_2/87604900', 'https://homes.bg/2022-08-17_2/87604901', 'https://homes.bg/2022-08-17_2/87604902']",3900.0,EUR,1 EUR/m²,,,False, продажба,,2025-01-25 06:03:21.886141,https://www.homes.bg/api/offers??currencyId=1&filterOrderBy=0&locationId=0&typeId=LandAgro,2241,,4.0,[],земеделска земя
21718,la,https://homes.bg/offer/zemya-za-prodazhba/zemedelska-zemya-1000m2-sozopol-gr.sozopol/la21718,,"гр.Созопол, Созопол","Земеделска земя, 1000m²",Гора,1,['https://homes.bg/2020-01-03_1/46724962'],35000.0,EUR,35 EUR/m²,,,False, продажба,,2025-01-25 06:03:21.886152,https://www.homes.bg/api/offers??currencyId=1&filterOrderBy=0&locationId=0&typeId=LandAgro,2241,,1.0,[],земеделска земя
21717,la,https://homes.bg/offer/zemya-za-prodazhba/zemedelska-zemya-2915m2-sozopol-s.ravadinovo/la21717,,"с.Равадиново, Созопол","Земеделска земя, 2915m²","Категория 4, Пасище",1,['https://homes.bg/2020-01-03_1/46724961'],58300.0,EUR,20 EUR/m²,,,False, продажба,,2025-01-25 06:03:21.886163,https://www.homes.bg/api/offers??currencyId=1&filterOrderBy=0&locationId=0&typeId=LandAgro,2241,,1.0,[],земеделска земя
21716,la,https://homes.bg/offer/zemya-za-prodazhba/zemedelska-zemya-3175m2-sozopol-s.ravadinovo/la21716,,"с.Равадиново, Созопол","Земеделска земя, 3175m²","Категория 10, Нива",1,['https://homes.bg/2020-01-03_1/46724960'],63500.0,EUR,20 EUR/m²,,,False, продажба,,2025-01-25 06:03:21.886174,https://www.homes.bg/api/offers??currencyId=1&filterOrderBy=0&locationId=0&typeId=LandAgro,2241,,1.0,[],земеделска земя
34635,la,https://homes.bg/offer/zemya-za-prodazhba/zemedelska-zemya-1613m2-varna-gr.aksakovo/la34635,,"гр.Аксаково, Варна","Земеделска земя, 1613m²",,1,['https://homes.bg/2024-11-26_1/112201909'],81000.0,EUR,50 EUR/m²,,,False, продажба,,2025-01-25 06:03:21.886184,https://www.homes.bg/api/offers??currencyId=1&filterOrderBy=0&locationId=0&typeId=LandAgro,2241,,1.0,[],земеделска земя
34638,la,https://homes.bg/offer/zemya-za-prodazhba/zemedelska-zemya-7013m2-plovdiv-gr.asenovgrad/la34638,,"гр.Асеновград, Пловдив","Земеделска земя, 7013m²","Категория 3, Нива",1,"['https://homes.bg/2024-11-29_2/112262494', 'https://homes.bg/2024-11-29_2/112262495', 'https://homes.bg/2024-11-29_2/112262496', 'https://homes.bg/2024-11-29_2/112262497', 'https://homes.bg/2024-11-29_2/112262498']",28500.0,EUR,4 EUR/m²,,,False, продажба,,2025-01-25 06:03:21.886197,https://www.homes.bg/api/offers??currencyId=1&filterOrderBy=0&locationId=0&typeId=LandAgro,2241,,5.0,[],земеделска земя
34591,la,https://homes.bg/offer/zemya-za-prodazhba/zemedelska-zemya-6670m2-plovdiv-s.radinovo/la34591,,"с.Радиново, Пловдив","Земеделска земя, 6670m²","Категория 10, Нива",1,"['https://homes.bg/2024-11-29_2/112262509', 'https://homes.bg/2024-11-29_2/112262510']",106720.0,EUR,16 EUR/m²,,,False, продажба,,2025-01-25 06:03:21.886211,https://www.homes.bg/api/offers??currencyId=1&filterOrderBy=0&locationId=0&typeId=LandAgro,2241,,2.0,[],земеделска земя
22591,la,https://homes.bg/offer/zemya-za-prodazhba/zemedelska-zemya-1445m2-pernik-s.ljulin/la22591,,"с.Люлин, Перник","Земеделска земя, 1445m²","Категория 4, Ливада",1,[],12000.0,ЛЕВА,8 ЛЕВА/m²,,,False, продажба,,2025-01-25 06:03:21.886225,https://www.homes.bg/api/offers??currencyId=1&filterOrderBy=0&locationId=0&typeId=LandAgro,2241,,0.0,[],земеделска земя
34639,la,https://homes.bg/offer/zemya-za-prodazhba/zemedelska-zemya-4302m2-sofijska-s.prolesha/la34639,,"с.Пролеша, Софийска","Земеделска земя, 4302m²","Категория 4, Нива",1,"['https://homes.bg/2024-11-29_2/112264321', 'https://homes.bg/2024-11-29_2/112264322', 'https://homes.bg/2024-11-29_2/112264323']",150570.0,EUR,35 EUR/m²,,,False, продажба,,2025-01-25 06:03:21.886237,https://www.homes.bg/api/offers??currencyId=1&filterOrderBy=0&locationId=0&typeId=LandAgro,2241,,3.0,[],земеделска земя
34643,la,https://homes.bg/offer/zemya-za-prodazhba/zemedelska-zemya-10000m2-yambol-s.tyrnava/la34643,,"с.Търнава, Ямбол","Земеделска земя, 10000m²",Гора,1,"['https://homes.bg/2024-11-30_1/112265995', 'https://homes.bg/2024-11-30_1/112265996', 'https://homes.bg/2024-11-30_1/112265997', 'https://homes.bg/2024-11-30_1/112265998', 'https://homes.bg/2024-11-30_1/112265999']",8000.0,EUR,0 EUR/m²,,,False, продажба,,2025-01-25 06:03:21.886250,https://www.homes.bg/api/offers??currencyId=1&filterOrderBy=0&locationId=0&typeId=LandAgro,2241,,5.0,[],земеделска земя
34017,la,https://homes.bg/offer/zemya-za-prodazhba/zemedelska-zemya-999m2-blagoevgrad-gr.razlog/la34017,,"гр.Разлог, Благоевград","Земеделска земя, 999m²",Друго,1,['https://homes.bg/2024-04-09_1/109173050'],21000.0,EUR,21 EUR/m²,,,False, продажба,,2025-01-25 06:03:21.886263,https://www.homes.bg/api/offers??currencyId=1&filterOrderBy=0&locationId=0&typeId=LandAgro,2241,,1.0,[],земеделска земя
34275,la,https://homes.bg/offer/zemya-za-prodazhba/zemedelska-zemya-6992m2-sofiya---grad-s.lozen/la34275,,"с.Лозен, София - град","Земеделска земя, 6992m²",Друго,1,['https://homes.bg/2024-06-29_1/110214683'],253529.0,EUR,36 EUR/m²,,,False, продажба,,2025-01-25 06:03:21.886274,https://www.homes.bg/api/offers??currencyId=1&filterOrderBy=0&locationId=0&typeId=LandAgro,2241,,1.0,[],земеделска земя
33902,la,https://homes.bg/offer/zemya-za-prodazhba/zemedelska-zemya-15000m2-elhovo-s.chernozem/la33902,,"с.Чернозем, Елхово","Земеделска земя, 15000m²","Категория 5, Нива",1,"['https://homes.bg/2024-02-27_2/108547447', 'https://homes.bg/2024-02-27_2/108547448', 'https://homes.bg/2024-02-27_2/108547449']",28000.0,ЛЕВА,1 ЛЕВА/m²,,,False, продажба,,2025-01-25 06:03:21.886286,https://www.homes.bg/api/offers??currencyId=1&filterOrderBy=0&locationId=0&typeId=LandAgro,2241,,3.0,[],земеделска земя
21701,la,https://homes.bg/offer/zemya-za-prodazhba/zemedelska-zemya-3730m2-plovdiv-s.brestnik/la21701,,"с.Брестник, Пловдив","Земеделска земя, 3730m²","Категория 3, Овощна градина",1,[],35600.0,EUR,9 EUR/m²,,,False, продажба,,2025-01-25 06:03:21.886299,https://www.homes.bg/api/offers??currencyId=1&filterOrderBy=0&locationId=0&typeId=LandAgro,2241,,0.0,[],земеделска земя
23574,la,https://homes.bg/offer/zemya-za-prodazhba/zemedelska-zemya-5700m2-rodopi-s.calapica/la23574,,"с.Цалапица, Родопи","Земеделска земя, 5700m²","Категория 6, Овощна градина",1,"['https://homes.bg/2022-03-08_2/80861853', 'https://homes.bg/2022-03-08_2/80861855']",13000.0,EUR,2 EUR/m²,,,False, продажба,,2025-01-25 06:03:21.886311,https://www.homes.bg/api/offers??currencyId=1&filterOrderBy=0&locationId=0&typeId=LandAgro,2241,,2.0,[],земеделска земя
21699,la,https://homes.bg/offer/zemya-za-prodazhba/zemedelska-zemya-28000m2-plovdiv-s.kalekovec/la21699,,"с.Калековец, Пловдив","Земеделска земя, 28000m²","Категория 3, Овощна градина",1,"['https://homes.bg/2019-12-18_2/46416316', 'https://homes.bg/2019-12-18_2/46416317']",204000.0,EUR,7 EUR/m²,,,False, продажба,,2025-01-25 06:03:21.886326,https://www.homes.bg/api/offers??currencyId=1&filterOrderBy=0&locationId=0&typeId=LandAgro,2241,,2.0,[],земеделска земя
33849,la,https://homes.bg/offer/zemya-za-prodazhba/zemedelska-zemya-10700m2-marica-s.caracovo/la33849,,"с.Царацово, Марица","Земеделска земя, 10700m²","Категория 5, Нива",1,[],32500.0,ЛЕВА,3 ЛЕВА/m²,,,False, продажба,,2025-01-25 06:03:21.886342,https://www.homes.bg/api/offers??currencyId=1&filterOrderBy=0&locationId=0&typeId=LandAgro,2241,,0.0,[],земеделска земя
21421,la,https://homes.bg/offer/zemya-za-prodazhba/zemedelska-zemya-4800m2-plovdiv-s.caracovo/la21421,,"с.Царацово, Пловдив","Земеделска земя, 4800m²","Категория 4, Нива",1,['https://homes.bg/2019-10-06_1/43423472'],115000.0,EUR,23 EUR/m²,,,False, продажба,,2025-01-25 06:03:21.886354,https://www.homes.bg/api/offers??currencyId=1&filterOrderBy=0&locationId=0&typeId=LandAgro,2241,,1.0,[],земеделска земя
34311,la,https://homes.bg/offer/zemya-za-prodazhba/zemedelska-zemya-5700m2-marica-s.trud/la34311,,"с.Труд, Марица","Земеделска земя, 5700m²","Категория 4, Нива",1,"['https://homes.bg/2024-07-15_2/110427668', 'https://homes.bg/2024-07-15_2/110427670', 'https://homes.bg/2024-07-15_2/110427673']",15300.0,EUR,2 EUR/m²,,,False, продажба,,2025-01-25 06:03:21.886366,https://www.homes.bg/api/offers??currencyId=1&filterOrderBy=0&locationId=0&typeId=LandAgro,2241,,3.0,[],земеделска земя
34314,la,https://homes.bg/offer/zemya-za-prodazhba/zemedelska-zemya-9000m2-marica-s.kalekovec/la34314,,"с.Калековец, Марица","Земеделска земя, 9000m²","Категория 4, Овощна градина",1,"['https://homes.bg/2024-07-16_2/110438811', 'https://homes.bg/2024-07-16_2/110438812', 'https://homes.bg/2024-07-16_2/110438813']",62000.0,EUR,6 EUR/m²,,,False, продажба,,2025-01-25 06:03:21.886378,https://www.homes.bg/api/offers??currencyId=1&filterOrderBy=0&locationId=0&typeId=LandAgro,2241,,3.0,[],земеделска земя
20507,la,https://homes.bg/offer/zemya-za-prodazhba/zemedelska-zemya-20100m2-plovdiv-s.mominsko/la20507,,"с.Моминско, Пловдив","Земеделска земя, 20100m²","Категория 4, Овощна градина",1,"['https://homes.bg/2018-11-04_1/31025656', 'https://homes.bg/2018-11-04_1/31025660', 'https://homes.bg/2018-11-04_1/31025663']",138690.0,ЛЕВА,6 ЛЕВА/m²,,,False, продажба,,2025-01-25 06:03:21.886391,https://www.homes.bg/api/offers??currencyId=1&filterOrderBy=0&locationId=0&typeId=LandAgro,2241,,3.0,[],земеделска земя
22222,la,https://homes.bg/offer/zemya-za-prodazhba/zemedelska-zemya-9140m2-rodopi-s.brestovica/la22222,,"с.Брестовица, Родопи","Земеделска земя, 9140m²","Категория 4, Нива",1,"['https://homes.bg/2020-07-08_2/52577521', 'https://homes.bg/2020-07-08_2/52577526', 'https://homes.bg/2020-07-08_2/52577531']",93500.0,ЛЕВА,10 ЛЕВА/m²,,,False, продажба,,2025-01-25 06:03:21.886412,https://www.homes.bg/api/offers??currencyId=1&filterOrderBy=0&locationId=0&typeId=LandAgro,2241,,3.0,[],земеделска земя
33941,la,https://homes.bg/offer/zemya-za-prodazhba/zemedelska-zemya-3900m2-asenovgrad-s.stoevo/la33941,,"с.Стоево, Асеновград","Земеделска земя, 3900m²","Категория 6, Нива",1,"['https://homes.bg/2024-07-21_2/110511604', 'https://homes.bg/2024-07-21_2/110511605']",12800.0,ЛЕВА,3 ЛЕВА/m²,,,False, продажба,,2025-01-25 06:03:21.886422,https://www.homes.bg/api/offers??currencyId=1&filterOrderBy=0&locationId=0&typeId=LandAgro,2241,,2.0,[],земеделска земя
34331,la,https://homes.bg/offer/zemya-za-prodazhba/zemedelska-zemya-20000m2-kaloyanovo-s.chernozemen/la34331,,"с.Черноземен, Калояново","Земеделска земя, 20000m²","Категория 6, Гора",1,[],46000.0,ЛЕВА,2 ЛЕВА/m²,,,False, продажба,,2025-01-25 06:03:21.886435,https://www.homes.bg/api/offers??currencyId=1&filterOrderBy=0&locationId=0&typeId=LandAgro,2241,,0.0,[],земеделска земя
34332,la,https://homes.bg/offer/zemya-za-prodazhba/zemedelska-zemya-11500m2-rodopi-s.krumovo/la34332,,"с.Крумово, Родопи","Земеделска земя, 11500m²","Категория 3, Нива",1,"['https://homes.bg/2024-07-22_1/110516762', 'https://homes.bg/2024-07-22_1/110516763']",211000.0,EUR,18 EUR/m²,,,False, продажба,,2025-01-25 06:03:21.886447,https://www.homes.bg/api/offers??currencyId=1&filterOrderBy=0&locationId=0&typeId=LandAgro,2241,,2.0,[],земеделска земя
33858,la,https://homes.bg/offer/zemya-za-prodazhba/zemedelska-zemya-7000m2-stambolijski-s.kurtovo-konare/la33858,,"с.Куртово Конаре, Стамболийски","Земеделска земя, 7000m²","Категория 8, Нива",1,"['https://homes.bg/2024-02-15_2/108365988', 'https://homes.bg/2024-02-15_2/108365989', 'https://homes.bg/2024-02-15_2/108365990']",11000.0,ЛЕВА,1 ЛЕВА/m²,,,False, продажба,,2025-01-25 06:03:21.886457,https://www.homes.bg/api/offers??currencyId=1&filterOrderBy=0&locationId=0&typeId=LandAgro,2241,,3.0,[],земеделска земя
33773,la,https://homes.bg/offer/zemya-za-prodazhba/zemedelska-zemya-1800m2-stambolijski-s.novo-selo/la33773,,"с.Ново Село, Стамболийски","Земеделска земя, 1800m²","Категория 4, Нива",1,"['https://homes.bg/2024-01-22_2/108002754', 'https://homes.bg/2024-01-22_2/108002755', 'https://homes.bg/2024-01-22_2/108002756']",9800.0,EUR,5 EUR/m²,,,False, продажба,,2025-01-25 06:03:21.886471,https://www.homes.bg/api/offers??currencyId=1&filterOrderBy=0&locationId=0&typeId=LandAgro,2241,,3.0,[],земеделска земя
22845,la,https://homes.bg/offer/zemya-za-prodazhba/zemedelska-zemya-13000m2-marica-s.kalekovec/la22845,,"с.Калековец, Марица","Земеделска земя, 13000m²","Категория 5, Нива",1,"['https://homes.bg/2021-04-14_1/63571144', 'https://homes.bg/2021-04-14_1/63571146', 'https://homes.bg/2021-04-14_1/63571148']",36900.0,EUR,2 EUR/m²,,,False, продажба,,2025-01-25 06:03:21.886483,https://www.homes.bg/api/offers??currencyId=1&filterOrderBy=0&locationId=0&typeId=LandAgro,2241,,3.0,[],земеделска земя
22536,la,https://homes.bg/offer/zemya-za-prodazhba/zemedelska-zemya-25600m2-brezovo-gr.brezovo/la22536,,"гр.Брезово, Брезово","Земеделска земя, 25600m²","Категория 8, Нива",1,"['https://homes.bg/2020-12-02_1/56852929', 'https://homes.bg/2020-12-02_1/56852932', 'https://homes.bg/2020-12-02_1/56852934', 'https://homes.bg/2020-12-02_1/56852937', 'https://homes.bg/2020-12-02_1/56852940', 'https://homes.bg/2024-06-30_2/110225888', 'https://homes.bg/2024-06-30_2/110225889', 'https://homes.bg/2024-06-30_2/110225890']",44000.0,ЛЕВА,1 ЛЕВА/m²,,,False, продажба,,2025-01-25 06:03:21.886497,https://www.homes.bg/api/offers??currencyId=1&filterOrderBy=0&locationId=0&typeId=LandAgro,2241,,8.0,[],земеделска земя
33710,la,https://homes.bg/offer/zemya-za-prodazhba/zemedelska-zemya-19000m2-brezovo-gr.brezovo/la33710,,"гр.Брезово, Брезово","Земеделска земя, 19000m²","Категория 4, Овощна градина",1,[],58000.0,ЛЕВА,3 ЛЕВА/m²,,,False, продажба,,2025-01-25 06:03:21.886506,https://www.homes.bg/api/offers??currencyId=1&filterOrderBy=0&locationId=0&typeId=LandAgro,2241,,0.0,[],земеделска земя
20180,la,https://homes.bg/offer/zemya-za-prodazhba/zemedelska-zemya-4000m2-marica-s.caracovo/la20180,,"с.Царацово, Марица","Земеделска земя, 4000m²","Категория 4, Нива",1,"['https://homes.bg/2018-07-29_2/26891156', 'https://homes.bg/2018-07-29_2/26891157', 'https://homes.bg/2021-05-13_1/65422793', 'https://homes.bg/2021-05-13_1/65422795', 'https://homes.bg/2021-05-13_1/65422798']",81000.0,ЛЕВА,20 ЛЕВА/m²,,,False, продажба,,2025-01-25 06:03:21.886519,https://www.homes.bg/api/offers??currencyId=1&filterOrderBy=0&locationId=0&typeId=LandAgro,2241,,5.0,[],земеделска земя
33865,la,https://homes.bg/offer/zemya-za-prodazhba/zemedelska-zemya-10000m2-stambolijski-s.kurtovo-konare/la33865,,"с.Куртово Конаре, Стамболийски","Земеделска земя, 10000m²","Категория 5, Нива",1,[],62000.0,ЛЕВА,6 ЛЕВА/m²,,,False, продажба,,2025-01-25 06:03:21.886530,https://www.homes.bg/api/offers??currencyId=1&filterOrderBy=0&locationId=0&typeId=LandAgro,2241,,0.0,[],земеделска земя
21441,la,https://homes.bg/offer/zemya-za-prodazhba/zemedelska-zemya-120000m2-rodopi-s.brestovica/la21441,,"с.Брестовица, Родопи","Земеделска земя, 120000m²","Категория 4, Овощна градина",1,[],300000.0,EUR,2 EUR/m²,,,False, продажба,,2025-01-25 06:03:21.886540,https://www.homes.bg/api/offers??currencyId=1&filterOrderBy=0&locationId=0&typeId=LandAgro,2241,,0.0,[],земеделска земя
23425,la,https://homes.bg/offer/zemya-za-prodazhba/zemedelska-zemya-1000m2-rodopi-s.brestovica/la23425,,"с.Брестовица, Родопи","Земеделска земя, 1000m²",Гора,1,"['https://homes.bg/2022-01-19_2/79237674', 'https://homes.bg/2022-01-19_2/79237675', 'https://homes.bg/2022-01-19_2/79237676']",20500.0,EUR,20 EUR/m²,,,False, продажба,,2025-01-25 06:03:24.726643,https://www.homes.bg/api/offers??currencyId=1&filterOrderBy=0&locationId=0&typeId=LandAgro,2241,,3.0,[],земеделска земя
33842,la,https://homes.bg/offer/zemya-za-prodazhba/zemedelska-zemya-2700m2-stambolijski-s.novo-selo/la33842,,"с.Ново Село, Стамболийски","Земеделска земя, 2700m²","Категория 5, Нива",1,"['https://homes.bg/2024-02-11_2/108305322', 'https://homes.bg/2024-02-11_2/108305323', 'https://homes.bg/2024-02-11_2/108305324', 'https://homes.bg/2024-02-11_2/108305325', 'https://homes.bg/2024-02-11_2/108305326', 'https://homes.bg/2024-02-11_2/108305327']",14500.0,EUR,5 EUR/m²,,,False, продажба,,2025-01-25 06:03:24.726721,https://www.homes.bg/api/offers??currencyId=1&filterOrderBy=0&locationId=0&typeId=LandAgro,2241,,6.0,[],земеделска земя
23137,la,https://homes.bg/offer/zemya-za-prodazhba/zemedelska-zemya-3500m2-marica-s.caracovo/la23137,,"с.Царацово, Марица","Земеделска земя, 3500m²","Категория 5, Нива",1,"['https://homes.bg/2021-08-19_2/71924206', 'https://homes.bg/2021-08-19_2/71924209', 'https://homes.bg/2021-08-19_2/71924211', 'https://homes.bg/2021-08-19_2/71924213']",18800.0,EUR,5 EUR/m²,,,False, продажба,,2025-01-25 06:03:24.726744,https://www.homes.bg/api/offers??currencyId=1&filterOrderBy=0&locationId=0&typeId=LandAgro,2241,,4.0,[],земеделска земя
19425,la,https://homes.bg/offer/zemya-za-prodazhba/zemedelska-zemya-5000m2-marica-s.kalekovec/la19425,,"с.Калековец, Марица","Земеделска земя, 5000m²","Категория 5, Нива",1,[],25000.0,EUR,5 EUR/m²,,,False, продажба,,2025-01-25 06:03:24.726760,https://www.homes.bg/api/offers??currencyId=1&filterOrderBy=0&locationId=0&typeId=LandAgro,2241,,0.0,[],земеделска земя
33768,la,https://homes.bg/offer/zemya-za-prodazhba/zemedelska-zemya-10000m2-brezovo-gr.brezovo/la33768,,"гр.Брезово, Брезово","Земеделска земя, 10000m²","Категория 3, Овощна градина",1,[],13500.0,EUR,1 EUR/m²,,,False, продажба,,2025-01-25 06:03:24.726774,https://www.homes.bg/api/offers??currencyId=1&filterOrderBy=0&locationId=0&typeId=LandAgro,2241,,0.0,[],земеделска земя
21711,la,https://homes.bg/offer/zemya-za-prodazhba/zemedelska-zemya-3200m2-plovdiv-s.zlatitrap/la21711,,"с.Златитрап, Пловдив","Земеделска земя, 3200m²",Нива,1,[],32800.0,EUR,10 EUR/m²,,,False, продажба,,2025-01-25 06:03:24.726787,https://www.homes.bg/api/offers??currencyId=1&filterOrderBy=0&locationId=0&typeId=LandAgro,2241,,0.0,[],земеделска земя
21423,la,https://homes.bg/offer/zemya-za-prodazhba/zemedelska-zemya-5500m2-plovdiv-s.caracovo/la21423,,"с.Царацово, Пловдив","Земеделска земя, 5500m²","Категория 5, Нива",1,"['https://homes.bg/2019-10-06_1/43423814', 'https://homes.bg/2019-10-06_1/43423817']",148500.0,EUR,27 EUR/m²,,,False, продажба,,2025-01-25 06:03:24.726816,https://www.homes.bg/api/offers??currencyId=1&filterOrderBy=0&locationId=0&typeId=LandAgro,2241,,2.0,[],земеделска земя
21396,la,https://homes.bg/offer/zemya-za-prodazhba/zemedelska-zemya-9200m2-plovdiv-s.kalekovec/la21396,,"с.Калековец, Пловдив","Земеделска земя, 9200m²",Нива,1,"['https://homes.bg/2019-09-27_1/43043948', 'https://homes.bg/2019-09-27_1/43043951', 'https://homes.bg/2019-09-27_1/43043954']",216000.0,EUR,23 EUR/m²,,,False, продажба,,2025-01-25 06:03:24.726831,https://www.homes.bg/api/offers??currencyId=1&filterOrderBy=0&locationId=0&typeId=LandAgro,2241,,3.0,[],земеделска земя
16643,la,https://homes.bg/offer/zemya-za-prodazhba/zemedelska-zemya-7000m2-marica-s.caracovo/la16643,,"с.Царацово, Марица","Земеделска земя, 7000m²","Категория 5, Нива",1,[],9500.0,ЛЕВА,1 ЛЕВА/m²,,,False, продажба,,2025-01-25 06:03:24.726845,https://www.homes.bg/api/offers??currencyId=1&filterOrderBy=0&locationId=0&typeId=LandAgro,2241,,0.0,[],земеделска земя
19820,la,https://homes.bg/offer/zemya-za-prodazhba/zemedelska-zemya-2000m2-plovdiv-s.brestovica/la19820,,"с.Брестовица, Пловдив","Земеделска земя, 2000m²",Гора,1,[],20000.0,EUR,10 EUR/m²,,,False, продажба,,2025-01-25 06:03:24.726859,https://www.homes.bg/api/offers??currencyId=1&filterOrderBy=0&locationId=0&typeId=LandAgro,2241,,0.0,[],земеделска земя
34330,la,https://homes.bg/offer/zemya-za-prodazhba/zemedelska-zemya-4200m2-rodopi-s.krumovo/la34330,,"с.Крумово, Родопи","Земеделска земя, 4200m²","Категория 4, Овощна градина",1,"['https://homes.bg/2024-07-21_1/110511520', 'https://homes.bg/2024-07-21_1/110511521']",26500.0,ЛЕВА,6 ЛЕВА/m²,,,False, продажба,,2025-01-25 06:03:24.726873,https://www.homes.bg/api/offers??currencyId=1&filterOrderBy=0&locationId=0&typeId=LandAgro,2241,,2.0,[],земеделска земя
20855,la,https://homes.bg/offer/zemya-za-prodazhba/zemedelska-zemya-19200m2-plovdiv-s.calapica/la20855,,"с.Цалапица, Пловдив","Земеделска земя, 19200m²","Категория 3, Нива",1,[],275000.0,EUR,14 EUR/m²,,,False, продажба,,2025-01-25 06:03:24.726886,https://www.homes.bg/api/offers??currencyId=1&filterOrderBy=0&locationId=0&typeId=LandAgro,2241,,0.0,[],земеделска земя
21692,la,https://homes.bg/offer/zemya-za-prodazhba/zemedelska-zemya-26000m2-plovdiv-s.karadzhovo/la21692,,"с.Караджово, Пловдив","Земеделска земя, 26000m²",Овощна градина,1,[],265000.0,ЛЕВА,10 ЛЕВА/m²,,,False, продажба,,2025-01-25 06:03:24.726899,https://www.homes.bg/api/offers??currencyId=1&filterOrderBy=0&locationId=0&typeId=LandAgro,2241,,0.0,[],земеделска земя
23556,la,https://homes.bg/offer/zemya-za-prodazhba/zemedelska-zemya-16700m2-rodopi-s.calapica/la23556,,"с.Цалапица, Родопи","Земеделска земя, 16700m²","Категория 5, Нива",1,[],51500.0,EUR,3 EUR/m²,,,False, продажба,,2025-01-25 06:03:24.726942,https://www.homes.bg/api/offers??currencyId=1&filterOrderBy=0&locationId=0&typeId=LandAgro,2241,,0.0,[],земеделска земя
20469,la,https://homes.bg/offer/zemya-za-prodazhba/zemedelska-zemya-5224m2-plovdiv-s.vojvodinovo/la20469,,"с.Войводиново, Пловдив","Земеделска земя, 5224m²","Категория 4, Нива",1,[],55000.0,EUR,10 EUR/m²,,,False, продажба,,2025-01-25 06:03:24.726956,https://www.homes.bg/api/offers??currencyId=1&filterOrderBy=0&locationId=0&typeId=LandAgro,2241,,0.0,[],земеделска земя
18869,la,https://homes.bg/offer/zemya-za-prodazhba/zemedelska-zemya-9000m2-plovdiv-s.calapica/la18869,,"с.Цалапица, Пловдив","Земеделска земя, 9000m²","Категория 3, Лозе",1,[],20700.0,ЛЕВА,2 ЛЕВА/m²,,,False, продажба,,2025-01-25 06:03:24.726972,https://www.homes.bg/api/offers??currencyId=1&filterOrderBy=0&locationId=0&typeId=LandAgro,2241,,0.0,[],земеделска земя
23066,la,https://homes.bg/offer/zemya-za-prodazhba/zemedelska-zemya-5000m2-rodopi-s.belashtica/la23066,,"с.Белащица, Родопи","Земеделска земя, 5000m²",Нива,1,"['https://homes.bg/2021-07-15_1/70506990', 'https://homes.bg/2021-07-15_1/70506991', 'https://homes.bg/2021-11-17_2/76978260', 'https://homes.bg/2021-11-17_2/76978261', 'https://homes.bg/2021-11-17_2/76978262', 'https://homes.bg/2021-11-17_2/76978263', 'https://homes.bg/2021-11-17_2/76978264']",133000.0,EUR,26 EUR/m²,,,False, продажба,,2025-01-25 06:03:24.726990,https://www.homes.bg/api/offers??currencyId=1&filterOrderBy=0&locationId=0&typeId=LandAgro,2241,,7.0,[],земеделска земя
21217,la,https://homes.bg/offer/zemya-za-prodazhba/zemedelska-zemya-5000m2-plovdiv-s.vojvodinovo/la21217,,"с.Войводиново, Пловдив","Земеделска земя, 5000m²","Категория 3, Нива",1,['https://homes.bg/2019-07-15_2/40011000'],25600.0,EUR,5 EUR/m²,,,False, продажба,,2025-01-25 06:03:24.727008,https://www.homes.bg/api/offers??currencyId=1&filterOrderBy=0&locationId=0&typeId=LandAgro,2241,,1.0,[],земеделска земя
22250,la,https://homes.bg/offer/zemya-za-prodazhba/zemedelska-zemya-7200m2-rodopi-s.markovo/la22250,,"с.Марково, Родопи","Земеделска земя, 7200m²","Категория 4, Нива",1,"['https://homes.bg/2020-07-23_1/53030369', 'https://homes.bg/2020-07-23_1/53030380', 'https://homes.bg/2020-07-23_1/53030387']",75000.0,ЛЕВА,10 ЛЕВА/m²,,,False, продажба,,2025-01-25 06:03:24.727022,https://www.homes.bg/api/offers??currencyId=1&filterOrderBy=0&locationId=0&typeId=LandAgro,2241,,3.0,[],земеделска земя
21609,la,https://homes.bg/offer/zemya-za-prodazhba/zemedelska-zemya-78000m2-plovdiv-s.yasno-pole/la21609,,"с.Ясно Поле, Пловдив","Земеделска земя, 78000m²","Категория 5, Овощна градина",1,['https://homes.bg/2019-11-23_2/45270505'],119000.0,EUR,1 EUR/m²,,,False, продажба,,2025-01-25 06:03:24.727036,https://www.homes.bg/api/offers??currencyId=1&filterOrderBy=0&locationId=0&typeId=LandAgro,2241,,1.0,[],земеделска земя
33896,la,https://homes.bg/offer/zemya-za-prodazhba/zemedelska-zemya-9400m2-asenovgrad-s.zlatovryh/la33896,,"с.Златовръх, Асеновград","Земеделска земя, 9400m²","Категория 7, Лозе",1,"['https://homes.bg/2024-02-26_2/108530991', 'https://homes.bg/2024-02-26_2/108530992', 'https://homes.bg/2024-02-26_2/108530993', 'https://homes.bg/2024-02-26_2/108530994']",14200.0,EUR,1 EUR/m²,,,False, продажба,,2025-01-25 06:03:24.727048,https://www.homes.bg/api/offers??currencyId=1&filterOrderBy=0&locationId=0&typeId=LandAgro,2241,,4.0,[],земеделска земя
33884,la,https://homes.bg/offer/zemya-za-prodazhba/zemedelska-zemya-3000m2-hisarya-s.staro-zhelezare/la33884,,"с.Старо Железаре, Хисаря","Земеделска земя, 3000m²","Категория 4, Овощна градина",1,"['https://homes.bg/2024-02-26_2/108530421', 'https://homes.bg/2024-02-26_2/108530422', 'https://homes.bg/2024-02-26_2/108530423']",12000.0,ЛЕВА,4 ЛЕВА/m²,,,False, продажба,,2025-01-25 06:03:24.727062,https://www.homes.bg/api/offers??currencyId=1&filterOrderBy=0&locationId=0&typeId=LandAgro,2241,,3.0,[],земеделска земя
23576,la,https://homes.bg/offer/zemya-za-prodazhba/zemedelska-zemya-3500m2-rodopi-s.branipole/la23576,,"с.Браниполе, Родопи","Земеделска земя, 3500m²","Категория 4, Овощна градина",1,"['https://homes.bg/2022-03-08_2/80861890', 'https://homes.bg/2022-03-08_2/80861891', 'https://homes.bg/2022-03-08_2/80861892']",25600.0,EUR,7 EUR/m²,,,False, продажба,,2025-01-25 06:03:24.727073,https://www.homes.bg/api/offers??currencyId=1&filterOrderBy=0&locationId=0&typeId=LandAgro,2241,,3.0,[],земеделска земя
23154,la,https://homes.bg/offer/zemya-za-prodazhba/zemedelska-zemya-10200m2-marica-s.vojvodinovo/la23154,,"с.Войводиново, Марица","Земеделска земя, 10200m²","Категория 4, Нива",1,"['https://homes.bg/2021-08-29_2/72639508', 'https://homes.bg/2021-08-29_2/72639510', 'https://homes.bg/2021-08-29_2/72639512']",103000.0,EUR,10 EUR/m²,,,False, продажба,,2025-01-25 06:03:24.727085,https://www.homes.bg/api/offers??currencyId=1&filterOrderBy=0&locationId=0&typeId=LandAgro,2241,,3.0,[],земеделска земя
18896,la,https://homes.bg/offer/zemya-za-prodazhba/zemedelska-zemya-10000m2-plovdiv-s.zlatitrap/la18896,,"с.Златитрап, Пловдив","Земеделска земя, 10000m²","Категория 4, Нива",1,[],175000.0,EUR,17 EUR/m²,,,False, продажба,,2025-01-25 06:03:24.727095,https://www.homes.bg/api/offers??currencyId=1&filterOrderBy=0&locationId=0&typeId=LandAgro,2241,,0.0,[],земеделска земя
18882,la,https://homes.bg/offer/zemya-za-prodazhba/zemedelska-zemya-5000m2-plovdiv-s.bogdanica/la18882,,"с.Богданица, Пловдив","Земеделска земя, 5000m²","Категория 6, Нива",1,[],4750.0,EUR,0 EUR/m²,,,False, продажба,,2025-01-25 06:03:24.727105,https://www.homes.bg/api/offers??currencyId=1&filterOrderBy=0&locationId=0&typeId=LandAgro,2241,,0.0,[],земеделска земя
33769,la,https://homes.bg/offer/zemya-za-prodazhba/zemedelska-zemya-10000m2-syedinenie-s.najden-gerovo/la33769,,"с.Найден-Герово, Съединение","Земеделска земя, 10000m²","Категория 3, Овощна градина",1,"['https://homes.bg/2024-01-20_2/107993260', 'https://homes.bg/2024-01-20_2/107993265', 'https://homes.bg/2024-01-20_2/107993258', 'https://homes.bg/2024-01-20_2/107993263', 'https://homes.bg/2024-01-20_2/107993268']",43000.0,ЛЕВА,4 ЛЕВА/m²,,,False, продажба,,2025-01-25 06:03:24.727118,https://www.homes.bg/api/offers??currencyId=1&filterOrderBy=0&locationId=0&typeId=LandAgro,2241,,5.0,[],земеделска земя
34335,la,https://homes.bg/offer/zemya-za-prodazhba/zemedelska-zemya-7900m2-rodopi-s.brestovica/la34335,,"с.Брестовица, Родопи","Земеделска земя, 7900m²","Категория 3, Лозе",1,"['https://homes.bg/2024-07-23_2/110531510', 'https://homes.bg/2024-07-23_2/110531511', 'https://homes.bg/2024-07-23_2/110531512']",14500.0,EUR,1 EUR/m²,,,False, продажба,,2025-01-25 06:03:24.727130,https://www.homes.bg/api/offers??currencyId=1&filterOrderBy=0&locationId=0&typeId=LandAgro,2241,,3.0,[],земеделска земя
34120,la,https://homes.bg/offer/zemya-za-prodazhba/zemedelska-zemya-90000m2-kaloyanovo-s.kaloyanovo/la34120,,"с.Калояново, Калояново","Земеделска земя, 90000m²","Категория 4, Нива",1,[],277000.0,ЛЕВА,3 ЛЕВА/m²,,,False, продажба,,2025-01-25 06:03:24.727141,https://www.homes.bg/api/offers??currencyId=1&filterOrderBy=0&locationId=0&typeId=LandAgro,2241,,0.0,[],земеделска земя
34118,la,https://homes.bg/offer/zemya-za-prodazhba/zemedelska-zemya-4600m2-borovo-s.brestovica/la34118,,"с.Брестовица, Борово","Земеделска земя, 4600m²","Категория 3, Лозе",1,"['https://homes.bg/2024-05-12_2/109595231', 'https://homes.bg/2024-05-12_2/109595232', 'https://homes.bg/2024-05-12_2/109595233', 'https://homes.bg/2024-05-12_2/109595234']",29000.0,ЛЕВА,6 ЛЕВА/m²,,,False, продажба,,2025-01-25 06:03:24.727153,https://www.homes.bg/api/offers??currencyId=1&filterOrderBy=0&locationId=0&typeId=LandAgro,2241,,4.0,[],земеделска земя
19841,la,https://homes.bg/offer/zemya-za-prodazhba/zemedelska-zemya-6500m2-plovdiv-s.krumovo/la19841,,"с.Крумово, Пловдив","Земеделска земя, 6500m²","Категория 3, Нива",1,[],143000.0,EUR,22 EUR/m²,,,False, продажба,,2025-01-25 06:03:24.727163,https://www.homes.bg/api/offers??currencyId=1&filterOrderBy=0&locationId=0&typeId=LandAgro,2241,,0.0,[],земеделска земя
21232,la,https://homes.bg/offer/zemya-za-prodazhba/zemedelska-zemya-11000m2-plovdiv-s.zlatitrap/la21232,,"с.Златитрап, Пловдив","Земеделска земя, 11000m²","Категория 4, Овощна градина",1,[],100000.0,EUR,9 EUR/m²,,,False, продажба,,2025-01-25 06:03:24.727174,https://www.homes.bg/api/offers??currencyId=1&filterOrderBy=0&locationId=0&typeId=LandAgro,2241,,0.0,[],земеделска земя
21230,la,https://homes.bg/offer/zemya-za-prodazhba/zemedelska-zemya-3800m2-plovdiv-s.zlatitrap/la21230,,"с.Златитрап, Пловдив","Земеделска земя, 3800m²","Категория 4, Нива",1,[],38000.0,EUR,10 EUR/m²,,,False, продажба,,2025-01-25 06:03:24.727184,https://www.homes.bg/api/offers??currencyId=1&filterOrderBy=0&locationId=0&typeId=LandAgro,2241,,0.0,[],земеделска земя
19293,la,https://homes.bg/offer/zemya-za-prodazhba/zemedelska-zemya-15000m2-plovdiv-s.yavrovo/la19293,,"с.Яврово, Пловдив","Земеделска земя, 15000m²","Категория 5, Гора",1,[],17000.0,ЛЕВА,1 ЛЕВА/m²,,,False, продажба,,2025-01-25 06:03:24.727194,https://www.homes.bg/api/offers??currencyId=1&filterOrderBy=0&locationId=0&typeId=LandAgro,2241,,0.0,[],земеделска земя
33616,la,https://homes.bg/offer/zemya-za-prodazhba/zemedelska-zemya-3000m2-krichim-gr.krichim/la33616,,"гр.Кричим, Кричим","Земеделска земя, 3000m²","Категория 8, Овощна градина",1,[],15000.0,ЛЕВА,5 ЛЕВА/m²,,,False, продажба,,2025-01-25 06:03:24.727204,https://www.homes.bg/api/offers??currencyId=1&filterOrderBy=0&locationId=0&typeId=LandAgro,2241,,0.0,[],земеделска земя
33752,la,https://homes.bg/offer/zemya-za-prodazhba/zemedelska-zemya-4900m2-rodopi-s.bojkovo/la33752,,"с.Бойково, Родопи","Земеделска земя, 4900m²",Гора,1,"['https://homes.bg/2024-01-17_2/107938264', 'https://homes.bg/2024-01-17_2/107938265', 'https://homes.bg/2024-01-17_2/107938266']",14000.0,ЛЕВА,2 ЛЕВА/m²,,,False, продажба,,2025-01-25 06:03:24.727219,https://www.homes.bg/api/offers??currencyId=1&filterOrderBy=0&locationId=0&typeId=LandAgro,2241,,3.0,[],земеделска земя
33796,la,https://homes.bg/offer/zemya-za-prodazhba/zemedelska-zemya-21000m2-pyrvomaj-s.ezerovo/la33796,,"с.Езерово, Първомай","Земеделска земя, 21000m²","Категория 5, Нива",1,"['https://homes.bg/2024-01-26_2/108073742', 'https://homes.bg/2024-01-26_2/108073744', 'https://homes.bg/2024-01-26_2/108073747']",23000.0,EUR,1 EUR/m²,,,False, продажба,,2025-01-25 06:03:24.727233,https://www.homes.bg/api/offers??currencyId=1&filterOrderBy=0&locationId=0&typeId=LandAgro,2241,,3.0,[],земеделска земя
33771,la,https://homes.bg/offer/zemya-za-prodazhba/zemedelska-zemya-5000m2-asenovgrad-s.dolnoslav/la33771,,"с.Долнослав, Асеновград","Земеделска земя, 5000m²","Категория 5, Лозе",1,"['https://homes.bg/2024-01-21_2/107997854', 'https://homes.bg/2024-01-21_2/107997855']",5500.0,EUR,1 EUR/m²,,,False, продажба,,2025-01-25 06:03:24.727244,https://www.homes.bg/api/offers??currencyId=1&filterOrderBy=0&locationId=0&typeId=LandAgro,2241,,2.0,[],земеделска земя
20513,la,https://homes.bg/offer/zemya-za-prodazhba/zemedelska-zemya-53560m2-plovdiv-s.popovica/la20513,,"с.Поповица, Пловдив","Земеделска земя, 53560m²","Категория 3, Нива",1,[],636000.0,ЛЕВА,11 ЛЕВА/m²,,,False, продажба,,2025-01-25 06:03:24.727254,https://www.homes.bg/api/offers??currencyId=1&filterOrderBy=0&locationId=0&typeId=LandAgro,2241,,0.0,[],земеделска земя
15425,la,https://homes.bg/offer/zemya-za-prodazhba/zemedelska-zemya-3360m2-asenovgrad-gr.asenovgrad/la15425,,"гр.Асеновград, Асеновград","Земеделска земя, 3360m²","Категория 3, Овощна градина",1,['https://homes.bg/2015-04-19_2/125603'],9500.0,ЛЕВА,2 ЛЕВА/m²,,,False, продажба,,2025-01-25 06:03:24.727266,https://www.homes.bg/api/offers??currencyId=1&filterOrderBy=0&locationId=0&typeId=LandAgro,2241,,1.0,[],земеделска земя
19840,la,https://homes.bg/offer/zemya-za-prodazhba/zemedelska-zemya-56000m2-plovdiv-s.zhelyazno/la19840,,"с.Желязно, Пловдив","Земеделска земя, 56000m²","Категория 4, Овощна градина",1,[],300000.0,ЛЕВА,5 ЛЕВА/m²,,,False, продажба,,2025-01-25 06:03:24.727277,https://www.homes.bg/api/offers??currencyId=1&filterOrderBy=0&locationId=0&typeId=LandAgro,2241,,0.0,[],земеделска земя
21514,la,https://homes.bg/offer/zemya-za-prodazhba/zemedelska-zemya-3000m2-plovdiv-s.belashtica/la21514,,"с.Белащица, Пловдив","Земеделска земя, 3000m²","Категория 3, Овощна градина",1,[],75000.0,EUR,25 EUR/m²,,,False, продажба,,2025-01-25 06:03:24.727288,https://www.homes.bg/api/offers??currencyId=1&filterOrderBy=0&locationId=0&typeId=LandAgro,2241,,0.0,[],земеделска земя
22058,la,https://homes.bg/offer/zemya-za-prodazhba/zemedelska-zemya-57000m2-plovdiv-gr.asenovgrad/la22058,,"гр.Асеновград, Пловдив","Земеделска земя, 57000m²","Категория 4, Нива",1,[],173000.0,ЛЕВА,3 ЛЕВА/m²,,,False, продажба,,2025-01-25 06:03:24.727298,https://www.homes.bg/api/offers??currencyId=1&filterOrderBy=0&locationId=0&typeId=LandAgro,2241,,0.0,[],земеделска земя
21577,la,https://homes.bg/offer/zemya-za-prodazhba/zemedelska-zemya-5200m2-plovdiv-gr.asenovgrad/la21577,,"гр.Асеновград, Пловдив","Земеделска земя, 5200m²","Категория 3, Нива",1,['https://homes.bg/2019-11-18_2/45040170'],66500.0,ЛЕВА,12 ЛЕВА/m²,,,False, продажба,,2025-01-25 06:03:24.727310,https://www.homes.bg/api/offers??currencyId=1&filterOrderBy=0&locationId=0&typeId=LandAgro,2241,,1.0,[],земеделска земя
20493,la,https://homes.bg/offer/zemya-za-prodazhba/zemedelska-zemya-4100m2-plovdiv-s.trud/la20493,,"с.Труд, Пловдив","Земеделска земя, 4100m²","Категория 5, Нива",1,[],49200.0,EUR,12 EUR/m²,,,False, продажба,,2025-01-25 06:03:24.727319,https://www.homes.bg/api/offers??currencyId=1&filterOrderBy=0&locationId=0&typeId=LandAgro,2241,,0.0,[],земеделска земя
19619,la,https://homes.bg/offer/zemya-za-prodazhba/zemedelska-zemya-7000m2-plovdiv-s.popovica/la19619,,"с.Поповица, Пловдив","Земеделска земя, 7000m²","Категория 5, Нива",1,[],7000.0,ЛЕВА,1 ЛЕВА/m²,,,False, продажба,,2025-01-25 06:03:24.727329,https://www.homes.bg/api/offers??currencyId=1&filterOrderBy=0&locationId=0&typeId=LandAgro,2241,,0.0,[],земеделска земя
19845,la,https://homes.bg/offer/zemya-za-prodazhba/zemedelska-zemya-24000m2-plovdiv-s.radinovo/la19845,,"с.Радиново, Пловдив","Земеделска земя, 24000m²",Нива,1,[],60000.0,EUR,2 EUR/m²,,,False, продажба,,2025-01-25 06:03:24.727340,https://www.homes.bg/api/offers??currencyId=1&filterOrderBy=0&locationId=0&typeId=LandAgro,2241,,0.0,[],земеделска земя
20851,la,https://homes.bg/offer/zemya-za-prodazhba/zemedelska-zemya-20000m2-rodopi-s.calapica/la20851,,"с.Цалапица, Родопи","Земеделска земя, 20000m²","Категория 4, Нива",1,"['https://homes.bg/2022-01-27_1/79498964', 'https://homes.bg/2022-01-27_1/79498966', 'https://homes.bg/2019-03-19_1/35443041', 'https://homes.bg/2022-01-27_1/79498965', 'https://homes.bg/2022-01-27_1/79498967']",65000.0,ЛЕВА,3 ЛЕВА/m²,,,False, продажба,,2025-01-25 06:03:24.727354,https://www.homes.bg/api/offers??currencyId=1&filterOrderBy=0&locationId=0&typeId=LandAgro,2241,,5.0,[],земеделска земя
21706,la,https://homes.bg/offer/zemya-za-prodazhba/zemedelska-zemya-15000m2-plovdiv-s.bachkovo/la21706,,"с.Бачково, Пловдив","Земеделска земя, 15000m²","Категория 7, Овощна градина",1,[],205000.0,ЛЕВА,13 ЛЕВА/m²,,,False, продажба,,2025-01-25 06:03:24.727364,https://www.homes.bg/api/offers??currencyId=1&filterOrderBy=0&locationId=0&typeId=LandAgro,2241,,0.0,[],земеделска земя
23829,la,https://homes.bg/offer/zemya-za-prodazhba/zemedelska-zemya-3500m2-marica-s.trud/la23829,,"с.Труд, Марица","Земеделска земя, 3500m²",Нива,1,[],70500.0,EUR,20 EUR/m²,,,False, продажба,,2025-01-25 06:03:24.727375,https://www.homes.bg/api/offers??currencyId=1&filterOrderBy=0&locationId=0&typeId=LandAgro,2241,,0.0,[],земеделска земя
21611,la,https://homes.bg/offer/zemya-za-prodazhba/zemedelska-zemya-6400m2-plovdiv-s.trud/la21611,,"с.Труд, Пловдив","Земеделска земя, 6400m²",Нива,1,"['https://homes.bg/2019-11-24_1/45293975', 'https://homes.bg/2019-11-24_1/45293978']",109500.0,EUR,17 EUR/m²,,,False, продажба,,2025-01-25 06:03:24.727386,https://www.homes.bg/api/offers??currencyId=1&filterOrderBy=0&locationId=0&typeId=LandAgro,2241,,2.0,[],земеделска земя
33924,la,https://homes.bg/offer/zemya-za-prodazhba/zemedelska-zemya-4000m2-kuklen-gr.kuklen/la33924,,"гр.Куклен, Куклен","Земеделска земя, 4000m²","Категория 4, Нива",1,"['https://homes.bg/2024-03-03_2/108636111', 'https://homes.bg/2024-03-03_2/108636112', 'https://homes.bg/2024-03-03_2/108636113']",25500.0,EUR,6 EUR/m²,,,False, продажба,,2025-01-25 06:03:24.727397,https://www.homes.bg/api/offers??currencyId=1&filterOrderBy=0&locationId=0&typeId=LandAgro,2241,,3.0,[],земеделска земя
33905,la,https://homes.bg/offer/zemya-za-prodazhba/zemedelska-zemya-26000m2-karlovo-s.vojnyagovo/la33905,,"с.Войнягово, Карлово","Земеделска земя, 26000m²","Категория 5, Нива",1,[],44000.0,ЛЕВА,1 ЛЕВА/m²,,,False, продажба,,2025-01-25 06:03:24.727409,https://www.homes.bg/api/offers??currencyId=1&filterOrderBy=0&locationId=0&typeId=LandAgro,2241,,0.0,[],земеделска земя
33904,la,https://homes.bg/offer/zemya-za-prodazhba/zemedelska-zemya-26000m2-karlovo-s.gorni-domlyan/la33904,,"с.Горни Домлян, Карлово","Земеделска земя, 26000m²","Категория 4, Нива",1,[],45000.0,ЛЕВА,1 ЛЕВА/m²,,,False, продажба,,2025-01-25 06:03:24.727420,https://www.homes.bg/api/offers??currencyId=1&filterOrderBy=0&locationId=0&typeId=LandAgro,2241,,0.0,[],земеделска земя
24952,la,https://homes.bg/offer/zemya-za-prodazhba/zemedelska-zemya-100000m2-nevestino-s.chekanec/la24952,,"с.Чеканец, Невестино","Земеделска земя, 100000m²","Категория 1, Гора",1,"['https://homes.bg/2023-06-21_2/101041393', 'https://homes.bg/2023-06-21_2/101041396', 'https://homes.bg/2023-06-21_2/101041398']",110000.0,ЛЕВА,1 ЛЕВА/m²,,,False, продажба,,2025-01-25 06:03:24.727431,https://www.homes.bg/api/offers??currencyId=1&filterOrderBy=0&locationId=0&typeId=LandAgro,2241,,3.0,[],земеделска земя
23498,la,https://homes.bg/offer/zemya-za-prodazhba/zemedelska-zemya-4000m2-rodopi-s.belashtica/la23498,,"с.Белащица, Родопи","Земеделска земя, 4000m²","Категория 5, Нива",1,[],40500.0,EUR,10 EUR/m²,,,False, продажба,,2025-01-25 06:03:24.727442,https://www.homes.bg/api/offers??currencyId=1&filterOrderBy=0&locationId=0&typeId=LandAgro,2241,,0.0,[],земеделска земя
21640,la,https://homes.bg/offer/zemya-za-prodazhba/zemedelska-zemya-5400m2-plovdiv-s.belashtica/la21640,,"с.Белащица, Пловдив","Земеделска земя, 5400m²",Нива,1,[],162000.0,EUR,30 EUR/m²,,,False, продажба,,2025-01-25 06:03:24.727452,https://www.homes.bg/api/offers??currencyId=1&filterOrderBy=0&locationId=0&typeId=LandAgro,2241,,0.0,[],земеделска земя
20499,la,https://homes.bg/offer/zemya-za-prodazhba/zemedelska-zemya-8950m2-plovdiv-s.graf-ignatievo/la20499,,"с.Граф-Игнатиево, Пловдив","Земеделска земя, 8950m²",Нива,1,[],150000.0,EUR,16 EUR/m²,,,False, продажба,,2025-01-25 06:03:24.727462,https://www.homes.bg/api/offers??currencyId=1&filterOrderBy=0&locationId=0&typeId=LandAgro,2241,,0.0,[],земеделска земя
21438,la,https://homes.bg/offer/zemya-za-prodazhba/zemedelska-zemya-18700m2-plovdiv-s.manolsko-konare/la21438,,"с.Манолско Конаре, Пловдив","Земеделска земя, 18700m²","Категория 4, Нива",1,[],149000.0,EUR,7 EUR/m²,,,False, продажба,,2025-01-25 06:03:24.727471,https://www.homes.bg/api/offers??currencyId=1&filterOrderBy=0&locationId=0&typeId=LandAgro,2241,,0.0,[],земеделска земя
23374,la,https://homes.bg/offer/zemya-za-prodazhba/zemedelska-zemya-3000m2-rodopi-s.branipole/la23374,,"с.Браниполе, Родопи","Земеделска земя, 3000m²","Категория 3, Лозе",1,"['https://homes.bg/2021-12-19_2/78267307', 'https://homes.bg/2021-12-19_2/78267308', 'https://homes.bg/2021-12-19_2/78267309']",79500.0,EUR,26 EUR/m²,,,False, продажба,,2025-01-25 06:03:24.727482,https://www.homes.bg/api/offers??currencyId=1&filterOrderBy=0&locationId=0&typeId=LandAgro,2241,,3.0,[],земеделска земя
22537,la,https://homes.bg/offer/zemya-za-prodazhba/zemedelska-zemya-1640m2-marica-s.vojvodinovo/la22537,,"с.Войводиново, Марица","Земеделска земя, 1640m²","Категория 4, Нива",1,"['https://homes.bg/2021-04-25_2/64463894', 'https://homes.bg/2021-04-25_2/64463896', 'https://homes.bg/2021-04-25_2/64463899', 'https://homes.bg/2021-04-25_2/64463901']",11500.0,ЛЕВА,7 ЛЕВА/m²,,,False, продажба,,2025-01-25 06:03:24.727495,https://www.homes.bg/api/offers??currencyId=1&filterOrderBy=0&locationId=0&typeId=LandAgro,2241,,4.0,[],земеделска земя
23513,la,https://homes.bg/offer/zemya-za-prodazhba/zemedelska-zemya-18000m2-marica-s.zhelyazno/la23513,,"с.Желязно, Марица","Земеделска земя, 18000m²","Категория 4, Нива",1,"['https://homes.bg/2022-02-17_2/80317699', 'https://homes.bg/2022-02-17_2/80317700', 'https://homes.bg/2022-02-17_2/80317701']",103000.0,EUR,5 EUR/m²,,,False, продажба,,2025-01-25 06:03:24.727508,https://www.homes.bg/api/offers??currencyId=1&filterOrderBy=0&locationId=0&typeId=LandAgro,2241,,3.0,[],земеделска земя
23486,la,https://homes.bg/offer/zemya-za-prodazhba/zemedelska-zemya-3000m2-rodopi-s.calapica/la23486,,"с.Цалапица, Родопи","Земеделска земя, 3000m²","Категория 4, Нива",1,"['https://homes.bg/2022-02-10_2/80102634', 'https://homes.bg/2022-02-10_2/80102637']",9500.0,EUR,3 EUR/m²,,,False, продажба,,2025-01-25 06:03:24.727520,https://www.homes.bg/api/offers??currencyId=1&filterOrderBy=0&locationId=0&typeId=LandAgro,2241,,2.0,[],земеделска земя
20854,la,https://homes.bg/offer/zemya-za-prodazhba/zemedelska-zemya-16649m2-plovdiv-s.calapica/la20854,,"с.Цалапица, Пловдив","Земеделска земя, 16649m²","Категория 5, Нива",1,"['https://homes.bg/2019-03-19_1/35443926', 'https://homes.bg/2019-03-19_1/35443931']",80000.0,EUR,4 EUR/m²,,,False, продажба,,2025-01-25 06:03:24.727531,https://www.homes.bg/api/offers??currencyId=1&filterOrderBy=0&locationId=0&typeId=LandAgro,2241,,2.0,[],земеделска земя
21502,la,https://homes.bg/offer/zemya-za-prodazhba/zemedelska-zemya-15000m2-plovdiv-s.branipole/la21502,,"с.Браниполе, Пловдив","Земеделска земя, 15000m²","Категория 4, Нива",1,"['https://homes.bg/2019-11-02_2/44512162', 'https://homes.bg/2019-11-02_2/44512163']",375000.0,EUR,25 EUR/m²,,,False, продажба,,2025-01-25 06:03:24.727542,https://www.homes.bg/api/offers??currencyId=1&filterOrderBy=0&locationId=0&typeId=LandAgro,2241,,2.0,[],земеделска земя
23369,la,https://homes.bg/offer/zemya-za-prodazhba/zemedelska-zemya-2500m2-rodopi-s.pyrvenec/la23369,,"с.Първенец, Родопи","Земеделска земя, 2500m²",Нива,1,"['https://homes.bg/2021-12-16_2/78150093', 'https://homes.bg/2021-12-16_2/78150094', 'https://homes.bg/2021-12-16_2/78150095']",38000.0,EUR,15 EUR/m²,,,False, продажба,,2025-01-25 06:03:24.727554,https://www.homes.bg/api/offers??currencyId=1&filterOrderBy=0&locationId=0&typeId=LandAgro,2241,,3.0,[],земеделска земя
21902,la,https://homes.bg/offer/zemya-za-prodazhba/zemedelska-zemya-15300m2-rodopi-s.calapica/la21902,,"с.Цалапица, Родопи","Земеделска земя, 15300m²","Категория 4, Нива",1,"['https://homes.bg/2020-03-02_2/49485662', 'https://homes.bg/2020-03-02_2/49485663']",51500.0,EUR,3 EUR/m²,,,False, продажба,,2025-01-25 06:03:24.727565,https://www.homes.bg/api/offers??currencyId=1&filterOrderBy=0&locationId=0&typeId=LandAgro,2241,,2.0,[],земеделска земя
21584,la,https://homes.bg/offer/zemya-za-prodazhba/zemedelska-zemya-8900m2-marica-s.trud/la21584,,"с.Труд, Марица","Земеделска земя, 8900m²",Нива,1,"['https://homes.bg/2019-11-19_2/45075956', 'https://homes.bg/2019-11-19_2/45075957']",135000.0,EUR,15 EUR/m²,,,False, продажба,,2025-01-25 06:03:24.727576,https://www.homes.bg/api/offers??currencyId=1&filterOrderBy=0&locationId=0&typeId=LandAgro,2241,,2.0,[],земеделска земя
23245,la,https://homes.bg/offer/zemya-za-prodazhba/zemedelska-zemya-7000m2-rodopi-s.brestovica/la23245,,"с.Брестовица, Родопи","Земеделска земя, 7000m²","Категория 4, Лозе",1,"['https://homes.bg/2021-10-22_2/75961040', 'https://homes.bg/2021-10-22_2/75961041']",29500.0,ЛЕВА,4 ЛЕВА/m²,,,False, продажба,,2025-01-25 06:03:24.727586,https://www.homes.bg/api/offers??currencyId=1&filterOrderBy=0&locationId=0&typeId=LandAgro,2241,,2.0,[],земеделска земя
23559,la,https://homes.bg/offer/zemya-za-prodazhba/zemedelska-zemya-15000m2-rodopi-s.calapica/la23559,,"с.Цалапица, Родопи","Земеделска земя, 15000m²",Нива,1,"['https://homes.bg/2022-03-06_2/80782291', 'https://homes.bg/2022-03-06_2/80782292', 'https://homes.bg/2022-03-06_2/80782293']",121000.0,ЛЕВА,8 ЛЕВА/m²,,,False, продажба,,2025-01-25 06:03:24.727597,https://www.homes.bg/api/offers??currencyId=1&filterOrderBy=0&locationId=0&typeId=LandAgro,2241,,3.0,[],земеделска земя
33928,la,https://homes.bg/offer/zemya-za-prodazhba/zemedelska-zemya-1800m2-brezovo-s.zelenikovo/la33928,,"с.Зелениково, Брезово","Земеделска земя, 1800m²","Категория 6, Нива",1,"['https://homes.bg/2024-03-05_1/108648330', 'https://homes.bg/2024-03-05_1/108648331', 'https://homes.bg/2024-03-05_1/108648332', 'https://homes.bg/2024-03-05_1/108648333', 'https://homes.bg/2024-03-05_1/108648334']",9000.0,EUR,5 EUR/m²,,,False, продажба,,2025-01-25 06:03:24.727609,https://www.homes.bg/api/offers??currencyId=1&filterOrderBy=0&locationId=0&typeId=LandAgro,2241,,5.0,[],земеделска земя
23391,la,https://homes.bg/offer/zemya-za-prodazhba/zemedelska-zemya-41800m2-velingrad-gr.velingrad/la23391,,"гр.Велинград, Велинград","Земеделска земя, 41800m²",Гора,1,"['https://homes.bg/2021-12-30_2/78585916', 'https://homes.bg/2021-12-30_2/78585917', 'https://homes.bg/2021-12-30_2/78585918', 'https://homes.bg/2021-12-30_2/78585919', 'https://homes.bg/2021-12-30_2/78585920', 'https://homes.bg/2021-12-30_2/78585921', 'https://homes.bg/2021-12-30_2/78585922', 'https://homes.bg/2021-12-30_2/78585923']",3345000.0,EUR,80 EUR/m²,,,False, продажба,,2025-01-25 06:03:24.727621,https://www.homes.bg/api/offers??currencyId=1&filterOrderBy=0&locationId=0&typeId=LandAgro,2241,,8.0,[],земеделска земя
33668,la,https://homes.bg/offer/zemya-za-prodazhba/zemedelska-zemya-3300m2-asenovgrad-s.stoevo/la33668,,"с.Стоево, Асеновград","Земеделска земя, 3300m²","Категория 4, Нива",1,"['https://homes.bg/2023-12-20_2/107681211', 'https://homes.bg/2023-12-20_2/107681212', 'https://homes.bg/2023-12-20_2/107681213']",16000.0,EUR,4 EUR/m²,,,False, продажба,,2025-01-25 06:03:24.727632,https://www.homes.bg/api/offers??currencyId=1&filterOrderBy=0&locationId=0&typeId=LandAgro,2241,,3.0,[],земеделска земя
21702,la,https://homes.bg/offer/zemya-za-prodazhba/zemedelska-zemya-10500m2-plovdiv-s.yagodovo/la21702,,"с.Ягодово, Пловдив","Земеделска земя, 10500m²","Категория 3, Нива",1,['https://homes.bg/2019-12-17_1/46361702'],107000.0,EUR,10 EUR/m²,,,False, продажба,,2025-01-25 06:03:24.727643,https://www.homes.bg/api/offers??currencyId=1&filterOrderBy=0&locationId=0&typeId=LandAgro,2241,,1.0,[],земеделска земя
33682,la,https://homes.bg/offer/zemya-za-prodazhba/zemedelska-zemya-1900m2-rodopi-s.yagodovo/la33682,,"с.Ягодово, Родопи","Земеделска земя, 1900m²","Категория 4, Нива",1,"['https://homes.bg/2023-12-24_2/107717440', 'https://homes.bg/2023-12-24_2/107717441', 'https://homes.bg/2023-12-24_2/107717442']",21000.0,EUR,11 EUR/m²,,,False, продажба,,2025-01-25 06:03:24.727653,https://www.homes.bg/api/offers??currencyId=1&filterOrderBy=0&locationId=0&typeId=LandAgro,2241,,3.0,[],земеделска земя
33983,la,https://homes.bg/offer/zemya-za-prodazhba/zemedelska-zemya-17000m2-asenovgrad-s.stoevo/la33983,,"с.Стоево, Асеновград","Земеделска земя, 17000m²","Категория 4, Нива",1,[],45000.0,ЛЕВА,2 ЛЕВА/m²,,,False, продажба,,2025-01-25 06:03:24.727662,https://www.homes.bg/api/offers??currencyId=1&filterOrderBy=0&locationId=0&typeId=LandAgro,2241,,0.0,[],земеделска земя
33979,la,https://homes.bg/offer/zemya-za-prodazhba/zemedelska-zemya-3500m2-hisarya-s.belovica/la33979,,"с.Беловица, Хисаря","Земеделска земя, 3500m²","Категория 5, Нива",1,"['https://homes.bg/2024-03-25_2/108949255', 'https://homes.bg/2024-03-25_2/108949256', 'https://homes.bg/2024-03-25_2/108949257']",14500.0,ЛЕВА,4 ЛЕВА/m²,,,False, продажба,,2025-01-25 06:03:24.727672,https://www.homes.bg/api/offers??currencyId=1&filterOrderBy=0&locationId=0&typeId=LandAgro,2241,,3.0,[],земеделска земя
23557,la,https://homes.bg/offer/zemya-za-prodazhba/zemedelska-zemya-4000m2-rodopi-s.yagodovo/la23557,,"с.Ягодово, Родопи","Земеделска земя, 4000m²","Категория 4, Овощна градина",1,"['https://homes.bg/2022-03-04_2/80708012', 'https://homes.bg/2022-03-04_2/80708013', 'https://homes.bg/2022-03-04_2/80708014', 'https://homes.bg/2022-03-04_2/80708015', 'https://homes.bg/2022-03-04_2/80708016']",82000.0,ЛЕВА,20 ЛЕВА/m²,,,False, продажба,,2025-01-25 06:03:24.727684,https://www.homes.bg/api/offers??currencyId=1&filterOrderBy=0&locationId=0&typeId=LandAgro,2241,,5.0,[],земеделска земя
23826,la,https://homes.bg/offer/zemya-za-prodazhba/zemedelska-zemya-6500m2-rodopi-s.yagodovo/la23826,,"с.Ягодово, Родопи","Земеделска земя, 6500m²","Категория 4, Овощна градина",1,"['https://homes.bg/2022-06-09_1/84733985', 'https://homes.bg/2022-06-09_1/84733986', 'https://homes.bg/2022-06-09_1/84733987']",39900.0,EUR,6 EUR/m²,,,False, продажба,,2025-01-25 06:03:24.727695,https://www.homes.bg/api/offers??currencyId=1&filterOrderBy=0&locationId=0&typeId=LandAgro,2241,,3.0,[],земеделска земя
23496,la,https://homes.bg/offer/zemya-za-prodazhba/zemedelska-zemya-8400m2-rodopi-s.yagodovo/la23496,,"с.Ягодово, Родопи","Земеделска земя, 8400m²",Нива,1,"['https://homes.bg/2022-02-11_2/80140473', 'https://homes.bg/2022-02-11_2/80140474', 'https://homes.bg/2022-02-11_2/80140475']",82000.0,ЛЕВА,9 ЛЕВА/m²,,,False, продажба,,2025-01-25 06:03:24.727706,https://www.homes.bg/api/offers??currencyId=1&filterOrderBy=0&locationId=0&typeId=LandAgro,2241,,3.0,[],земеделска земя
21641,la,https://homes.bg/offer/zemya-za-prodazhba/zemedelska-zemya-10000m2-rodopi-s.yagodovo/la21641,,"с.Ягодово, Родопи","Земеделска земя, 10000m²","Категория 4, Нива",1,"['https://homes.bg/2019-11-29_1/45533347', 'https://homes.bg/2019-11-29_1/45533352']",102000.0,EUR,10 EUR/m²,,,False, продажба,,2025-01-25 06:03:24.727716,https://www.homes.bg/api/offers??currencyId=1&filterOrderBy=0&locationId=0&typeId=LandAgro,2241,,2.0,[],земеделска земя
22386,la,https://homes.bg/offer/zemya-za-prodazhba/zemedelska-zemya-8000m2-rodopi-s.yagodovo/la22386,,"с.Ягодово, Родопи","Земеделска земя, 8000m²","Категория 3, Нива",1,"['https://homes.bg/2020-09-21_2/54501009', 'https://homes.bg/2020-09-21_2/54501010', 'https://homes.bg/2020-09-21_2/54501011']",115000.0,EUR,14 EUR/m²,,,False, продажба,,2025-01-25 06:03:24.727730,https://www.homes.bg/api/offers??currencyId=1&filterOrderBy=0&locationId=0&typeId=LandAgro,2241,,3.0,[],земеделска земя
19436,la,https://homes.bg/offer/zemya-za-prodazhba/zemedelska-zemya-5853m2-plovdiv-s.skutare/la19436,,"с.Скутаре, Пловдив","Земеделска земя, 5853m²",Нива,1,"['https://homes.bg/2017-12-03_2/18748794', 'https://homes.bg/2017-12-03_2/18748795', 'https://homes.bg/2017-12-03_2/18748796', 'https://homes.bg/2017-12-03_2/18748797']",128766.0,EUR,22 EUR/m²,,,False, продажба,,2025-01-25 06:03:24.727741,https://www.homes.bg/api/offers??currencyId=1&filterOrderBy=0&locationId=0&typeId=LandAgro,2241,,4.0,[],земеделска земя
23508,la,https://homes.bg/offer/zemya-za-prodazhba/zemedelska-zemya-3900m2-marica-s.skutare/la23508,,"с.Скутаре, Марица","Земеделска земя, 3900m²","Категория 4, Нива",1,"['https://homes.bg/2022-02-16_1/80312648', 'https://homes.bg/2022-02-16_1/80312649', 'https://homes.bg/2022-02-16_1/80312650']",57000.0,ЛЕВА,14 ЛЕВА/m²,,,False, продажба,,2025-01-25 06:03:24.727755,https://www.homes.bg/api/offers??currencyId=1&filterOrderBy=0&locationId=0&typeId=LandAgro,2241,,3.0,[],земеделска земя
21450,la,https://homes.bg/offer/zemya-za-prodazhba/zemedelska-zemya-6100m2-marica-s.skutare/la21450,,"с.Скутаре, Марица","Земеделска земя, 6100m²","Категория 4, Нива",1,"['https://homes.bg/2022-02-15_2/80300215', 'https://homes.bg/2022-02-15_2/80300216', 'https://homes.bg/2022-02-15_2/80300217']",75000.0,ЛЕВА,12 ЛЕВА/m²,,,False, продажба,,2025-01-25 06:03:24.727766,https://www.homes.bg/api/offers??currencyId=1&filterOrderBy=0&locationId=0&typeId=LandAgro,2241,,3.0,[],земеделска земя
23495,la,https://homes.bg/offer/zemya-za-prodazhba/zemedelska-zemya-3400m2-marica-s.skutare/la23495,,"с.Скутаре, Марица","Земеделска земя, 3400m²","Категория 5, Нива",1,"['https://homes.bg/2022-02-11_2/80139268', 'https://homes.bg/2022-02-11_2/80139269', 'https://homes.bg/2022-02-11_2/80139270']",71500.0,ЛЕВА,21 ЛЕВА/m²,,,False, продажба,,2025-01-25 06:03:24.727778,https://www.homes.bg/api/offers??currencyId=1&filterOrderBy=0&locationId=0&typeId=LandAgro,2241,,3.0,[],земеделска земя
33799,la,https://homes.bg/offer/zemya-za-prodazhba/zemedelska-zemya-5400m2-marica-s.skutare/la33799,,"с.Скутаре, Марица","Земеделска земя, 5400m²","Категория 5, Нива",1,"['https://homes.bg/2024-01-28_1/108102256', 'https://homes.bg/2024-01-28_1/108102253', 'https://homes.bg/2024-01-28_1/108102254', 'https://homes.bg/2024-01-28_1/108102255', 'https://homes.bg/2024-06-17_2/110046929', 'https://homes.bg/2024-06-17_2/110046930', 'https://homes.bg/2024-06-17_2/110046931', 'https://homes.bg/2024-06-17_2/110046932']",56600.0,EUR,10 EUR/m²,,,False, продажба,,2025-01-25 06:03:24.727791,https://www.homes.bg/api/offers??currencyId=1&filterOrderBy=0&locationId=0&typeId=LandAgro,2241,,8.0,[],земеделска земя
21216,la,https://homes.bg/offer/zemya-za-prodazhba/zemedelska-zemya-4740m2-marica-s.skutare/la21216,,"с.Скутаре, Марица","Земеделска земя, 4740m²","Категория 4, Нива",1,"['https://homes.bg/2019-07-15_2/40010718', 'https://homes.bg/2019-07-15_2/40010720']",168500.0,EUR,35 EUR/m²,,,False, продажба,,2025-01-25 06:03:24.727804,https://www.homes.bg/api/offers??currencyId=1&filterOrderBy=0&locationId=0&typeId=LandAgro,2241,,2.0,[],земеделска земя
34472,la,https://homes.bg/offer/zemya-za-prodazhba/zemedelska-zemya-16200m2-rakovski-s.stryama/la34472,,"с.Стряма, Раковски","Земеделска земя, 16200m²","Категория 4, Нива",1,"['https://homes.bg/2024-09-23_1/111347569', 'https://homes.bg/2024-09-23_1/111347570', 'https://homes.bg/2024-09-23_1/111347571']",82500.0,EUR,5 EUR/m²,,,False, продажба,,2025-01-25 06:03:24.727816,https://www.homes.bg/api/offers??currencyId=1&filterOrderBy=0&locationId=0&typeId=LandAgro,2241,,3.0,[],земеделска земя
21215,la,https://homes.bg/offer/zemya-za-prodazhba/zemedelska-zemya-39200m2-rakovski-s.stryama/la21215,,"с.Стряма, Раковски","Земеделска земя, 39200m²","Категория 5, Нива",1,"['https://homes.bg/2024-09-24_2/111354699', 'https://homes.bg/2024-09-24_2/111354700', 'https://homes.bg/2024-09-24_2/111354701', 'https://homes.bg/2024-09-24_2/111354702']",242000.0,EUR,6 EUR/m²,,,False, продажба,,2025-01-25 06:03:24.727829,https://www.homes.bg/api/offers??currencyId=1&filterOrderBy=0&locationId=0&typeId=LandAgro,2241,,4.0,[],земеделска земя
34474,la,https://homes.bg/offer/zemya-za-prodazhba/zemedelska-zemya-5000m2-pleven-s.bukovlyk/la34474,,"с.Буковлък, Плевен","Земеделска земя, 5000m²","Категория 2, Нива",1,"['https://homes.bg/2024-09-26_1/111383600', 'https://homes.bg/2024-09-26_1/111383601']",15000.0,ЛЕВА,3 ЛЕВА/m²,,,False, продажба,,2025-01-25 06:03:24.727838,https://www.homes.bg/api/offers??currencyId=1&filterOrderBy=0&locationId=0&typeId=LandAgro,2241,,2.0,[],земеделска земя
23117,la,https://homes.bg/offer/zemya-za-prodazhba/zemedelska-zemya-2809m2-plovdiv-s.izvor/la23117,,"с.Извор, Пловдив","Земеделска земя, 2809m²",Нива,1,"['https://homes.bg/2024-11-28_2/112246483', 'https://homes.bg/2024-11-28_2/112246484', 'https://homes.bg/2024-11-28_2/112246485', 'https://homes.bg/2024-11-28_2/112246486']",67388.0,EUR,23 EUR/m²,,,False, продажба,,2025-01-25 06:03:24.727851,https://www.homes.bg/api/offers??currencyId=1&filterOrderBy=0&locationId=0&typeId=LandAgro,2241,,4.0,[],земеделска земя
24663,la,https://homes.bg/offer/zemya-za-prodazhba/zemedelska-zemya-1000m2-suhindol-s.gorsko-kalugerovo/la24663,,"с.Горско Калугерово, Сухиндол","Земеделска земя, 1000m²","Категория 3, Лозе",1,['https://homes.bg/2023-03-31_2/97047605'],1280.0,EUR,1 EUR/m²,,,False, продажба,,2025-01-25 06:03:24.727866,https://www.homes.bg/api/offers??currencyId=1&filterOrderBy=0&locationId=0&typeId=LandAgro,2241,,1.0,[],земеделска земя
24662,la,https://homes.bg/offer/zemya-za-prodazhba/zemedelska-zemya-4800m2-suhindol-s.gorsko-kalugerovo/la24662,,"с.Горско Калугерово, Сухиндол","Земеделска земя, 4800m²","Категория 9, Нива",1,['https://homes.bg/2023-03-31_2/97047587'],1500.0,EUR,0 EUR/m²,,,False, продажба,,2025-01-25 06:03:24.727876,https://www.homes.bg/api/offers??currencyId=1&filterOrderBy=0&locationId=0&typeId=LandAgro,2241,,1.0,[],земеделска земя
25142,la,https://homes.bg/offer/zemya-za-prodazhba/zemedelska-zemya-2500m2-aksakovo-s.kichevo/la25142,,"с.Кичево, Аксаково","Земеделска земя, 2500m²","Категория 6, Нива",1,['https://homes.bg/2023-08-21_2/103484500'],12800.0,EUR,5 EUR/m²,,,False, продажба,,2025-01-25 06:03:24.727898,https://www.homes.bg/api/offers??currencyId=1&filterOrderBy=0&locationId=0&typeId=LandAgro,2241,,1.0,[],земеделска земя
24664,la,https://homes.bg/offer/zemya-za-prodazhba/zemedelska-zemya-5600m2-suhindol-s.gorsko-kalugerovo/la24664,,"с.Горско Калугерово, Сухиндол","Земеделска земя, 5600m²","Категория 3, Нива",1,['https://homes.bg/2023-03-31_2/97047681'],7160.0,EUR,1 EUR/m²,,,False, продажба,,2025-01-25 06:03:24.727919,https://www.homes.bg/api/offers??currencyId=1&filterOrderBy=0&locationId=0&typeId=LandAgro,2241,,1.0,[],земеделска земя
25145,la,https://homes.bg/offer/zemya-za-prodazhba/zemedelska-zemya-4000m2-aksakovo-s.osenovo/la25145,,"с.Осеново, Аксаково","Земеделска земя, 4000m²","Категория 6, Нива",1,[],40000.0,EUR,10 EUR/m²,,,False, продажба,,2025-01-25 06:03:24.727932,https://www.homes.bg/api/offers??currencyId=1&filterOrderBy=0&locationId=0&typeId=LandAgro,2241,,0.0,[],земеделска земя
25143,la,https://homes.bg/offer/zemya-za-prodazhba/zemedelska-zemya-7000m2-varna-m-t-perchemliya/la25143,,"м-т Перчемлия, Варна","Земеделска земя, 7000m²","Категория 6, Нива",1,[],8200.0,EUR,1 EUR/m²,,,False, продажба,,2025-01-25 06:03:24.727942,https://www.homes.bg/api/offers??currencyId=1&filterOrderBy=0&locationId=0&typeId=LandAgro,2241,,0.0,[],земеделска земя
24851,la,https://homes.bg/offer/zemya-za-prodazhba/zemedelska-zemya-10000m2-varna-m-t-borovec/la24851,,"м-т Боровец, Варна","Земеделска земя, 10000m²","Категория 5, Нива",1,[],35000.0,EUR,3 EUR/m²,,,False, продажба,,2025-01-25 06:03:24.727954,https://www.homes.bg/api/offers??currencyId=1&filterOrderBy=0&locationId=0&typeId=LandAgro,2241,,0.0,[],земеделска земя
25144,la,https://homes.bg/offer/zemya-za-prodazhba/zemedelska-zemya-3000m2-varna-m-t-perchemliya/la25144,,"м-т Перчемлия, Варна","Земеделска земя, 3000m²","Категория 8, Нива",1,[],36000.0,EUR,12 EUR/m²,,,False, продажба,,2025-01-25 06:03:24.727965,https://www.homes.bg/api/offers??currencyId=1&filterOrderBy=0&locationId=0&typeId=LandAgro,2241,,0.0,[],земеделска земя
25171,la,https://homes.bg/offer/zemya-za-prodazhba/zemedelska-zemya-5000m2-varna-m-t-perchemliya/la25171,,"м-т Перчемлия, Варна","Земеделска земя, 5000m²","Категория 6, Нива",1,[],6500.0,EUR,1 EUR/m²,,,False, продажба,,2025-01-25 06:03:28.058697,https://www.homes.bg/api/offers??currencyId=1&filterOrderBy=0&locationId=0&typeId=LandAgro,2241,,0.0,[],земеделска земя
34469,la,https://homes.bg/offer/zemya-za-prodazhba/zemedelska-zemya-5750m2-varna-s.topoli/la34469,,"с.Тополи, Варна","Земеделска земя, 5750m²","Категория 5, Нива",1,[],57430.0,EUR,9 EUR/m²,,,False, продажба,,2025-01-25 06:03:28.058775,https://www.homes.bg/api/offers??currencyId=1&filterOrderBy=0&locationId=0&typeId=LandAgro,2241,,0.0,[],земеделска земя
22574,la,https://homes.bg/offer/zemya-za-prodazhba/zemedelska-zemya-3410m2-plovdiv-kv.-komatevo/la22574,,"кв. Коматево, Пловдив","Земеделска земя, 3410m²","Категория 4, Овощна градина",1,"['https://homes.bg/2020-12-07_2/56973616', 'https://homes.bg/2020-12-07_2/56973617', 'https://homes.bg/2020-12-07_2/56973619', 'https://homes.bg/2020-12-07_2/56973621', 'https://homes.bg/2020-12-07_2/56973620', 'https://homes.bg/2020-12-07_2/56973618', 'https://homes.bg/2020-12-07_2/56973622']",139810.0,EUR,41 EUR/m²,,,False, продажба,,2025-01-25 06:03:28.058800,https://www.homes.bg/api/offers??currencyId=1&filterOrderBy=0&locationId=0&typeId=LandAgro,2241,,7.0,[],земеделска земя
34242,la,https://homes.bg/offer/zemya-za-prodazhba/zemedelska-zemya-7563m2-plovdiv-s.rogosh/la34242,,"с.Рогош, Пловдив","Земеделска земя, 7563m²","Категория 3, Нива",1,"['https://homes.bg/2024-11-27_2/112231043', 'https://homes.bg/2024-11-27_2/112231044']",63000.0,EUR,8 EUR/m²,,,False, продажба,,2025-01-25 06:03:28.058819,https://www.homes.bg/api/offers??currencyId=1&filterOrderBy=0&locationId=0&typeId=LandAgro,2241,,2.0,[],земеделска земя
34177,la,https://homes.bg/offer/zemya-za-prodazhba/zemedelska-zemya-13400m2-plovdiv-gr.pyrvomaj/la34177,,"гр.Първомай, Пловдив","Земеделска земя, 13400m²",,1,['https://homes.bg/2024-06-04_1/109876024'],134000.0,EUR,10 EUR/m²,,,False, продажба,,2025-01-25 06:03:28.058835,https://www.homes.bg/api/offers??currencyId=1&filterOrderBy=0&locationId=0&typeId=LandAgro,2241,,1.0,[],земеделска земя
34619,la,https://homes.bg/offer/zemya-za-prodazhba/zemedelska-zemya-500m2-bojchinovci-s.myrchevo/la34619,,"с.Мърчево, Бойчиновци","Земеделска земя, 500m²","Категория 4, Ливада",1,"['https://homes.bg/2024-11-18_2/112096072', 'https://homes.bg/2024-11-18_2/112096073', 'https://homes.bg/2024-11-18_2/112096074', 'https://homes.bg/2024-11-18_2/112096075', 'https://homes.bg/2024-11-18_2/112096076']",6900.0,EUR,13 EUR/m²,,,False, продажба,,2025-01-25 06:03:28.058852,https://www.homes.bg/api/offers??currencyId=1&filterOrderBy=0&locationId=0&typeId=LandAgro,2241,,5.0,[],земеделска земя
20782,la,https://homes.bg/offer/zemya-za-prodazhba/zemedelska-zemya-3124m2-popovo-s.dolna-kabda/la20782,,"с.Долна Кабда, Попово","Земеделска земя, 3124m²","Категория 4, Пасище",1,[],2343.0,ЛЕВА,0 ЛЕВА/m²,,,False, продажба,,2025-01-25 06:03:28.058866,https://www.homes.bg/api/offers??currencyId=1&filterOrderBy=0&locationId=0&typeId=LandAgro,2241,,0.0,[],земеделска земя
20779,la,https://homes.bg/offer/zemya-za-prodazhba/zemedelska-zemya-6160m2-popovo-s.dolna-kabda/la20779,,"с.Долна Кабда, Попово","Земеделска земя, 6160m²","Категория 3, Нива",1,[],4620.0,ЛЕВА,0 ЛЕВА/m²,,,False, продажба,,2025-01-25 06:03:28.058879,https://www.homes.bg/api/offers??currencyId=1&filterOrderBy=0&locationId=0&typeId=LandAgro,2241,,0.0,[],земеделска земя
34671,la,https://homes.bg/offer/zemya-za-prodazhba/zemedelska-zemya-4061m2-plovdiv-plovdiv/la34671,,"Пловдив, Пловдив","Земеделска земя, 4061m²",Друго,1,['https://homes.bg/2024-12-04_1/112309598'],40610.0,EUR,10 EUR/m²,,,False, продажба,,2025-01-25 06:03:28.058892,https://www.homes.bg/api/offers??currencyId=1&filterOrderBy=0&locationId=0&typeId=LandAgro,2241,,1.0,[],земеделска земя
34648,la,https://homes.bg/offer/zemya-za-prodazhba/zemedelska-zemya-4200m2-plovdiv-s.pyrvenec/la34648,,"с.Първенец, Пловдив","Земеделска земя, 4200m²",Друго,1,"['https://homes.bg/2024-12-04_1/112309565', 'https://homes.bg/2024-12-04_1/112309566', 'https://homes.bg/2024-12-04_1/112309567']",30000.0,EUR,7 EUR/m²,,,False, продажба,,2025-01-25 06:03:28.058931,https://www.homes.bg/api/offers??currencyId=1&filterOrderBy=0&locationId=0&typeId=LandAgro,2241,,3.0,[],земеделска земя
34673,la,https://homes.bg/offer/zemya-za-prodazhba/zemedelska-zemya-6905m2-pazardzhik-/la34673,,", Пазарджик","Земеделска земя, 6905m²",Друго,1,"['https://homes.bg/2024-12-04_1/112309602', 'https://homes.bg/2024-12-04_1/112309603', 'https://homes.bg/2024-12-04_1/112309604', 'https://homes.bg/2024-12-04_1/112309605']",14000.0,EUR,2 EUR/m²,,,False, продажба,,2025-01-25 06:03:28.058952,https://www.homes.bg/api/offers??currencyId=1&filterOrderBy=0&locationId=0&typeId=LandAgro,2241,,4.0,[],земеделска земя
34670,la,https://homes.bg/offer/zemya-za-prodazhba/zemedelska-zemya-4007m2-plovdiv-s.radinovo/la34670,,"с.Радиново, Пловдив","Земеделска земя, 4007m²",Друго,1,['https://homes.bg/2024-12-04_1/112309597'],0.0,EUR,0 EUR/m²,,,False, продажба,,2025-01-25 06:03:28.058967,https://www.homes.bg/api/offers??currencyId=1&filterOrderBy=0&locationId=0&typeId=LandAgro,2241,,1.0,[],земеделска земя
34178,la,https://homes.bg/offer/zemya-za-prodazhba/zemedelska-zemya-2500m2-smolyan-s.kiselichevo/la34178,,"с.Киселичево, Смолян","Земеделска земя, 2500m²",,1,['https://homes.bg/2024-06-04_1/109876091'],17500.0,ЛЕВА,7 ЛЕВА/m²,,,False, продажба,,2025-01-25 06:03:28.058981,https://www.homes.bg/api/offers??currencyId=1&filterOrderBy=0&locationId=0&typeId=LandAgro,2241,,1.0,[],земеделска земя
34633,la,https://homes.bg/offer/zemya-za-prodazhba/zemedelska-zemya-21402m2-plovdiv-s.cheshnegirovo/la34633,,"с.Чешнегирово, Пловдив","Земеделска земя, 21402m²",,1,"['https://homes.bg/2024-11-24_1/112184344', 'https://homes.bg/2024-11-24_1/112184345', 'https://homes.bg/2024-11-24_1/112184346', 'https://homes.bg/2024-11-24_1/112184347', 'https://homes.bg/2024-11-24_1/112184348', 'https://homes.bg/2024-11-24_1/112184349', 'https://homes.bg/2024-11-24_1/112184350']",129000.0,EUR,6 EUR/m²,,,False, продажба,,2025-01-25 06:03:28.058998,https://www.homes.bg/api/offers??currencyId=1&filterOrderBy=0&locationId=0&typeId=LandAgro,2241,,7.0,[],земеделска земя
34179,la,https://homes.bg/offer/zemya-za-prodazhba/zemedelska-zemya-10001m2-smolyan-s.kiselichevo/la34179,,"с.Киселичево, Смолян","Земеделска земя, 10001m²",,1,['https://homes.bg/2024-06-04_1/109876092'],70000.0,ЛЕВА,6 ЛЕВА/m²,,,False, продажба,,2025-01-25 06:03:28.059016,https://www.homes.bg/api/offers??currencyId=1&filterOrderBy=0&locationId=0&typeId=LandAgro,2241,,1.0,[],земеделска земя
34540,la,https://homes.bg/offer/zemya-za-prodazhba/zemedelska-zemya-120000m2-yambol-s.malomir/la34540,,"с.Маломир, Ямбол","Земеделска земя, 120000m²",,1,['https://homes.bg/2024-10-30_1/111837353'],456000.0,ЛЕВА,3 ЛЕВА/m²,,,False, продажба,,2025-01-25 06:03:28.059029,https://www.homes.bg/api/offers??currencyId=1&filterOrderBy=0&locationId=0&typeId=LandAgro,2241,,1.0,[],земеделска земя
21378,la,https://homes.bg/offer/zemya-za-prodazhba/zemedelska-zemya-15557m2-elin-pelin-gr.elin-pelin/la21378,,"гр.Елин Пелин, Елин Пелин","Земеделска земя, 15557m²","Категория 4, Нива",1,['https://homes.bg/2019-09-18_2/42697834'],150000.0,EUR,9 EUR/m²,,,False, продажба,,2025-01-25 06:03:28.059041,https://www.homes.bg/api/offers??currencyId=1&filterOrderBy=0&locationId=0&typeId=LandAgro,2241,,1.0,[],земеделска земя
34626,la,https://homes.bg/offer/zemya-za-prodazhba/zemedelska-zemya-3324m2-plovdiv-s.belashtica/la34626,,"с.Белащица, Пловдив","Земеделска земя, 3324m²",,1,['https://homes.bg/2024-11-22_1/112155503'],99720.0,EUR,30 EUR/m²,,,False, продажба,,2025-01-25 06:03:28.059055,https://www.homes.bg/api/offers??currencyId=1&filterOrderBy=0&locationId=0&typeId=LandAgro,2241,,1.0,[],земеделска земя
34507,la,https://homes.bg/offer/zemya-za-prodazhba/zemedelska-zemya-2700m2-plovdiv-s.pyrvenec/la34507,,"с.Първенец, Пловдив","Земеделска земя, 2700m²",Нива,1,"['https://homes.bg/2024-11-21_2/112152150', 'https://homes.bg/2024-11-21_2/112152151']",34000.0,EUR,12 EUR/m²,,,False, продажба,,2025-01-25 06:03:28.059068,https://www.homes.bg/api/offers??currencyId=1&filterOrderBy=0&locationId=0&typeId=LandAgro,2241,,2.0,[],земеделска земя
34627,la,https://homes.bg/offer/zemya-za-prodazhba/zemedelska-zemya-500m2-tervel-s.bezmer/la34627,,"с.Безмер, Тервел","Земеделска земя, 500m²",,1,[],350.0,EUR,0 EUR/m²,,,False, продажба,,2025-01-25 06:03:28.059080,https://www.homes.bg/api/offers??currencyId=1&filterOrderBy=0&locationId=0&typeId=LandAgro,2241,,0.0,[],земеделска земя
34397,la,https://homes.bg/offer/zemya-za-prodazhba/zemedelska-zemya-4741m2-sofiya---grad-s.negovan/la34397,,"с.Негован, София - град","Земеделска земя, 4741m²",,1,[],237050.0,EUR,50 EUR/m²,,,False, продажба,,2025-01-25 06:03:28.059093,https://www.homes.bg/api/offers??currencyId=1&filterOrderBy=0&locationId=0&typeId=LandAgro,2241,,0.0,[],земеделска земя
34532,la,https://homes.bg/offer/zemya-za-prodazhba/zemedelska-zemya-30008m2-yambol-s.ljulin/la34532,,"с.Люлин, Ямбол","Земеделска земя, 30008m²",,1,['https://homes.bg/2024-10-26_1/111789609'],60000.0,ЛЕВА,1 ЛЕВА/m²,,,False, продажба,,2025-01-25 06:03:28.059105,https://www.homes.bg/api/offers??currencyId=1&filterOrderBy=0&locationId=0&typeId=LandAgro,2241,,1.0,[],земеделска земя
34407,la,https://homes.bg/offer/zemya-za-prodazhba/zemedelska-zemya-1045m2-plovdiv-s.krasnovo/la34407,,"с.Красново, Пловдив","Земеделска земя, 1045m²",,1,['https://homes.bg/2024-08-27_1/111003276'],10450.0,EUR,10 EUR/m²,,,False, продажба,,2025-01-25 06:03:28.059117,https://www.homes.bg/api/offers??currencyId=1&filterOrderBy=0&locationId=0&typeId=LandAgro,2241,,1.0,[],земеделска земя
23025,la,https://homes.bg/offer/zemya-za-prodazhba/zemedelska-zemya-7992m2-haskovo-gr.ivajlovgrad/la23025,,"гр.Ивайловград, Хасково","Земеделска земя, 7992m²",,1,[],4500.0,EUR,0 EUR/m²,,,False, продажба,,2025-01-25 06:03:28.059143,https://www.homes.bg/api/offers??currencyId=1&filterOrderBy=0&locationId=0&typeId=LandAgro,2241,,0.0,[],земеделска земя
24345,la,https://homes.bg/offer/zemya-za-prodazhba/zemedelska-zemya-2935m2-varna-gr.byala/la24345,,"гр.Бяла, Варна","Земеделска земя, 2935m²",Гора,1,[],146750.0,EUR,50 EUR/m²,,,False, продажба,,2025-01-25 06:03:28.059177,https://www.homes.bg/api/offers??currencyId=1&filterOrderBy=0&locationId=0&typeId=LandAgro,2241,,0.0,[],земеделска земя
24346,la,https://homes.bg/offer/zemya-za-prodazhba/zemedelska-zemya-4399m2-varna-gr.byala/la24346,,"гр.Бяла, Варна","Земеделска земя, 4399m²",Нива,1,[],240000.0,EUR,54 EUR/m²,,,False, продажба,,2025-01-25 06:03:28.059191,https://www.homes.bg/api/offers??currencyId=1&filterOrderBy=0&locationId=0&typeId=LandAgro,2241,,0.0,[],земеделска земя
34621,la,https://homes.bg/offer/zemya-za-prodazhba/zemedelska-zemya-21000m2-dobrich-s.smolnica/la34621,,"с.Смолница, Добрич","Земеделска земя, 21000m²",Нива,1,"['https://homes.bg/2024-11-19_2/112116582', 'https://homes.bg/2024-11-19_2/112116583']",129780.0,ЛЕВА,6 ЛЕВА/m²,,,False, продажба,,2025-01-25 06:03:28.059207,https://www.homes.bg/api/offers??currencyId=1&filterOrderBy=0&locationId=0&typeId=LandAgro,2241,,2.0,[],земеделска земя
25123,la,https://homes.bg/offer/zemya-za-prodazhba/zemedelska-zemya-4600m2-varna-s.ezerovo/la25123,,"с.Езерово, Варна","Земеделска земя, 4600m²",,1,['https://homes.bg/2023-08-12_1/103128102'],92000.0,EUR,20 EUR/m²,,,False, продажба,,2025-01-25 06:03:28.059221,https://www.homes.bg/api/offers??currencyId=1&filterOrderBy=0&locationId=0&typeId=LandAgro,2241,,1.0,[],земеделска земя
34064,la,https://homes.bg/offer/zemya-za-prodazhba/zemedelska-zemya-2600m2-asenovgrad-gr.asenovgrad/la34064,,"гр.Асеновград, Асеновград","Земеделска земя, 2600m²","Категория 9, Лозе",1,"['https://homes.bg/2024-04-17_1/109297019', 'https://homes.bg/2024-04-17_1/109297020']",45000.0,ЛЕВА,17 ЛЕВА/m²,,,False, продажба,,2025-01-25 06:03:28.059236,https://www.homes.bg/api/offers??currencyId=1&filterOrderBy=0&locationId=0&typeId=LandAgro,2241,,2.0,[],земеделска земя
34622,la,https://homes.bg/offer/zemya-za-prodazhba/zemedelska-zemya-10000m2-yambol-gr.straldzha/la34622,,"гр.Стралджа, Ямбол","Земеделска земя, 10000m²",,1,['https://homes.bg/2024-11-19_1/112107931'],3800.0,ЛЕВА,0 ЛЕВА/m²,,,False, продажба,,2025-01-25 06:03:28.059249,https://www.homes.bg/api/offers??currencyId=1&filterOrderBy=0&locationId=0&typeId=LandAgro,2241,,1.0,[],земеделска земя
24521,la,https://homes.bg/offer/zemya-za-prodazhba/zemedelska-zemya-2000m2-blagoevgrad-s.logodazh/la24521,,"с.Логодаж, Благоевград","Земеделска земя, 2000m²",,1,['https://homes.bg/2023-02-18_1/95173999'],24000.0,ЛЕВА,12 ЛЕВА/m²,,,False, продажба,,2025-01-25 06:03:28.059262,https://www.homes.bg/api/offers??currencyId=1&filterOrderBy=0&locationId=0&typeId=LandAgro,2241,,1.0,[],земеделска земя
33590,la,https://homes.bg/offer/zemya-za-prodazhba/zemedelska-zemya-4000m2-plovdiv-s.orizari/la33590,,"с.Оризари, Пловдив","Земеделска земя, 4000m²","Категория 4, Нива",1,"['https://homes.bg/2024-11-17_2/112093381', 'https://homes.bg/2024-11-17_2/112093382']",100000.0,EUR,25 EUR/m²,,,False, продажба,,2025-01-25 06:03:28.059276,https://www.homes.bg/api/offers??currencyId=1&filterOrderBy=0&locationId=0&typeId=LandAgro,2241,,2.0,[],земеделска земя
34243,la,https://homes.bg/offer/zemya-za-prodazhba/zemedelska-zemya-1906m2-sofiya---grad-s.zheleznica/la34243,,"с.Железница, София - град","Земеделска земя, 1906m²",,1,['https://homes.bg/2024-06-19_1/110071942'],47700.0,EUR,25 EUR/m²,,,False, продажба,,2025-01-25 06:03:28.059290,https://www.homes.bg/api/offers??currencyId=1&filterOrderBy=0&locationId=0&typeId=LandAgro,2241,,1.0,[],земеделска земя
34406,la,https://homes.bg/offer/zemya-za-prodazhba/zemedelska-zemya-10043m2-plovdiv-s.kostievo/la34406,,"с.Костиево, Пловдив","Земеделска земя, 10043m²",,1,['https://homes.bg/2024-08-27_1/111003275'],251075.0,EUR,25 EUR/m²,,,False, продажба,,2025-01-25 06:03:28.059302,https://www.homes.bg/api/offers??currencyId=1&filterOrderBy=0&locationId=0&typeId=LandAgro,2241,,1.0,[],земеделска земя
34244,la,https://homes.bg/offer/zemya-za-prodazhba/zemedelska-zemya-901m2-sofiya---grad-s.zheleznica/la34244,,"с.Железница, София - град","Земеделска земя, 901m²",,1,['https://homes.bg/2024-06-19_1/110071943'],22600.0,EUR,25 EUR/m²,,,False, продажба,,2025-01-25 06:03:28.059313,https://www.homes.bg/api/offers??currencyId=1&filterOrderBy=0&locationId=0&typeId=LandAgro,2241,,1.0,[],земеделска земя
24010,la,https://homes.bg/offer/zemya-za-prodazhba/zemedelska-zemya-2003m2-razlog-gr.razlog/la24010,,"гр.Разлог, Разлог","Земеделска земя, 2003m²","Категория 7, Ливада",1,"['https://homes.bg/2024-09-27_2/111398654', 'https://homes.bg/2022-08-24_2/87818009', 'https://homes.bg/2022-08-24_2/87818011', 'https://homes.bg/2024-09-27_2/111398653', 'https://homes.bg/2022-08-24_2/87818008', 'https://homes.bg/2022-08-24_2/87818010']",65000.0,EUR,32 EUR/m²,,,False, продажба,,2025-01-25 06:03:28.059327,https://www.homes.bg/api/offers??currencyId=1&filterOrderBy=0&locationId=0&typeId=LandAgro,2241,,6.0,[],земеделска земя
34602,la,https://homes.bg/offer/zemya-za-prodazhba/zemedelska-zemya-1500m2-plovdiv-s.pyrvenec/la34602,,"с.Първенец, Пловдив","Земеделска земя, 1500m²",Нива,1,['https://homes.bg/2024-11-15_2/112074341'],62000.0,ЛЕВА,41 ЛЕВА/m²,,,False, продажба,,2025-01-25 06:03:28.059339,https://www.homes.bg/api/offers??currencyId=1&filterOrderBy=0&locationId=0&typeId=LandAgro,2241,,1.0,[],земеделска земя
34601,la,https://homes.bg/offer/zemya-za-prodazhba/zemedelska-zemya-3016m2-kyrdzhali-s.opylchensko/la34601,,"с.Опълченско, Кърджали","Земеделска земя, 3016m²","Категория 9, Нива",1,['https://homes.bg/2024-11-14_2/112045605'],90480.0,EUR,30 EUR/m²,,,False, продажба,,2025-01-25 06:03:28.059350,https://www.homes.bg/api/offers??currencyId=1&filterOrderBy=0&locationId=0&typeId=LandAgro,2241,,1.0,[],земеделска земя
34600,la,https://homes.bg/offer/zemya-za-prodazhba/zemedelska-zemya-1500m2-kyrdzhali-s.opylchensko/la34600,,"с.Опълченско, Кърджали","Земеделска земя, 1500m²","Категория 8, Нива",1,['https://homes.bg/2024-11-14_2/112045597'],45000.0,EUR,30 EUR/m²,,,False, продажба,,2025-01-25 06:03:28.059361,https://www.homes.bg/api/offers??currencyId=1&filterOrderBy=0&locationId=0&typeId=LandAgro,2241,,1.0,[],земеделска земя
33606,la,https://homes.bg/offer/zemya-za-prodazhba/zemedelska-zemya-7198m2-plovdiv-s.brestnik/la33606,,"с.Брестник, Пловдив","Земеделска земя, 7198m²","Категория 5, Овощна градина",1,"['https://homes.bg/2024-11-13_2/112040852', 'https://homes.bg/2024-11-13_2/112040853', 'https://homes.bg/2024-11-13_2/112040854', 'https://homes.bg/2024-11-13_2/112040855', 'https://homes.bg/2024-11-13_2/112040856']",454000.0,EUR,63 EUR/m²,,,False, продажба,,2025-01-25 06:03:28.059375,https://www.homes.bg/api/offers??currencyId=1&filterOrderBy=0&locationId=0&typeId=LandAgro,2241,,5.0,[],земеделска земя
34007,la,https://homes.bg/offer/zemya-za-prodazhba/zemedelska-zemya-3800m2-plovdiv-s.stroevo/la34007,,"с.Строево, Пловдив","Земеделска земя, 3800m²","Категория 5, Нива",1,"['https://homes.bg/2024-11-13_2/112040900', 'https://homes.bg/2024-11-13_2/112040901', 'https://homes.bg/2024-11-13_2/112040902', 'https://homes.bg/2024-11-13_2/112040903', 'https://homes.bg/2024-11-13_2/112040904']",38000.0,EUR,10 EUR/m²,,,False, продажба,,2025-01-25 06:03:28.059389,https://www.homes.bg/api/offers??currencyId=1&filterOrderBy=0&locationId=0&typeId=LandAgro,2241,,5.0,[],земеделска земя
34597,la,https://homes.bg/offer/zemya-za-prodazhba/zemedelska-zemya-3999m2-sofiya-dolni-pasarel/la34597,," Долни Пасарел, София","Земеделска земя, 3999m²","Категория 9, Друго",1,['https://homes.bg/2024-11-13_2/112025975'],37900.0,EUR,9 EUR/m²,,,False, продажба,,2025-01-25 06:03:28.059401,https://www.homes.bg/api/offers??currencyId=1&filterOrderBy=0&locationId=0&typeId=LandAgro,2241,,1.0,[],земеделска земя
34664,la,https://homes.bg/offer/zemya-za-prodazhba/zemedelska-zemya-4751m2-plovdiv-s.belashtica/la34664,,"с.Белащица, Пловдив","Земеделска земя, 4751m²",Друго,1,['https://homes.bg/2024-12-04_1/112309591'],108000.0,EUR,22 EUR/m²,,,False, продажба,,2025-01-25 06:03:28.059414,https://www.homes.bg/api/offers??currencyId=1&filterOrderBy=0&locationId=0&typeId=LandAgro,2241,,1.0,[],земеделска земя
34663,la,https://homes.bg/offer/zemya-za-prodazhba/zemedelska-zemya-14252m2-plovdiv-s.branipole/la34663,,"с.Браниполе, Пловдив","Земеделска земя, 14252m²",Друго,1,['https://homes.bg/2024-12-04_1/112309590'],285000.0,EUR,19 EUR/m²,,,False, продажба,,2025-01-25 06:03:28.059426,https://www.homes.bg/api/offers??currencyId=1&filterOrderBy=0&locationId=0&typeId=LandAgro,2241,,1.0,[],земеделска земя
34665,la,https://homes.bg/offer/zemya-za-prodazhba/zemedelska-zemya-5183m2-plovdiv-s.pyrvenec/la34665,,"с.Първенец, Пловдив","Земеделска земя, 5183m²",Друго,1,['https://homes.bg/2024-12-04_1/112309592'],40000.0,EUR,7 EUR/m²,,,False, продажба,,2025-01-25 06:03:28.059437,https://www.homes.bg/api/offers??currencyId=1&filterOrderBy=0&locationId=0&typeId=LandAgro,2241,,1.0,[],земеделска земя
34649,la,https://homes.bg/offer/zemya-za-prodazhba/zemedelska-zemya-9100m2-plovdiv-s.skutare/la34649,,"с.Скутаре, Пловдив","Земеделска земя, 9100m²",Друго,1,"['https://homes.bg/2024-12-04_1/112309568', 'https://homes.bg/2024-12-04_1/112309569', 'https://homes.bg/2024-12-04_1/112309570']",91000.0,EUR,10 EUR/m²,,,False, продажба,,2025-01-25 06:03:28.059449,https://www.homes.bg/api/offers??currencyId=1&filterOrderBy=0&locationId=0&typeId=LandAgro,2241,,3.0,[],земеделска земя
33591,la,https://homes.bg/offer/zemya-za-prodazhba/zemedelska-zemya-4322m2-burgas-s.tynkovo/la33591,,"с.Тънково, Бургас","Земеделска земя, 4322m²",,1,['https://homes.bg/2023-11-18_1/107328733'],30000.0,EUR,6 EUR/m²,,,False, продажба,,2025-01-25 06:03:28.059460,https://www.homes.bg/api/offers??currencyId=1&filterOrderBy=0&locationId=0&typeId=LandAgro,2241,,1.0,[],земеделска земя
23176,la,https://homes.bg/offer/zemya-za-prodazhba/zemedelska-zemya-1500m2-plovdiv-s.brestnik/la23176,,"с.Брестник, Пловдив","Земеделска земя, 1500m²",Нива,1,['https://homes.bg/2024-11-12_2/112021642'],90000.0,EUR,60 EUR/m²,,,False, продажба,,2025-01-25 06:03:28.059471,https://www.homes.bg/api/offers??currencyId=1&filterOrderBy=0&locationId=0&typeId=LandAgro,2241,,1.0,[],земеделска земя
34650,la,https://homes.bg/offer/zemya-za-prodazhba/zemedelska-zemya-4930m2-plovdiv-s.vojvodinovo/la34650,,"с.Войводиново, Пловдив","Земеделска земя, 4930m²",Друго,1,"['https://homes.bg/2024-12-04_1/112309571', 'https://homes.bg/2024-12-04_1/112309572']",34510.0,EUR,7 EUR/m²,,,False, продажба,,2025-01-25 06:03:28.059484,https://www.homes.bg/api/offers??currencyId=1&filterOrderBy=0&locationId=0&typeId=LandAgro,2241,,2.0,[],земеделска земя
34137,la,https://homes.bg/offer/zemya-za-prodazhba/zemedelska-zemya-1890m2-plovdiv-s.calapica/la34137,,"с.Цалапица, Пловдив","Земеделска земя, 1890m²",,1,['https://homes.bg/2024-05-16_1/109644690'],45000.0,EUR,23 EUR/m²,,,False, продажба,,2025-01-25 06:03:28.059495,https://www.homes.bg/api/offers??currencyId=1&filterOrderBy=0&locationId=0&typeId=LandAgro,2241,,1.0,[],земеделска земя
34588,la,https://homes.bg/offer/zemya-za-prodazhba/zemedelska-zemya-20000m2-antonovo-s.veljovo/la34588,,"с.Вельово, Антоново","Земеделска земя, 20000m²","Категория 8, Нива",1,[],26000.0,ЛЕВА,1 ЛЕВА/m²,,,False, продажба,,2025-01-25 06:03:28.059507,https://www.homes.bg/api/offers??currencyId=1&filterOrderBy=0&locationId=0&typeId=LandAgro,2241,,0.0,[],земеделска земя
34481,la,https://homes.bg/offer/zemya-za-prodazhba/zemedelska-zemya-4548m2-burgas-burgas/la34481,,"Бургас, Бургас","Земеделска земя, 4548m²",Друго,1,"['https://homes.bg/2024-10-01_1/111446547', 'https://homes.bg/2024-10-01_1/111446548']",113700.0,EUR,25 EUR/m²,,,False, продажба,,2025-01-25 06:03:28.059521,https://www.homes.bg/api/offers??currencyId=1&filterOrderBy=0&locationId=0&typeId=LandAgro,2241,,2.0,[],земеделска земя
25127,la,https://homes.bg/offer/zemya-za-prodazhba/zemedelska-zemya-892m2-sofiya-kv.-suhodol/la25127,,"кв. Суходол, София","Земеделска земя, 892m²",,1,"['https://homes.bg/2023-08-15_1/103241140', 'https://homes.bg/2023-08-15_1/103241141', 'https://homes.bg/2023-08-15_1/103241142', 'https://homes.bg/2023-08-15_1/103241143']",49000.0,EUR,54 EUR/m²,,,False, продажба,,2025-01-25 06:03:28.059534,https://www.homes.bg/api/offers??currencyId=1&filterOrderBy=0&locationId=0&typeId=LandAgro,2241,,4.0,[],земеделска земя
34583,la,https://homes.bg/offer/zemya-za-prodazhba/zemedelska-zemya-4276m2-plovdiv-gr.stambolijski/la34583,,"гр.Стамболийски, Пловдив","Земеделска земя, 4276m²","Категория 8, Нива",1,['https://homes.bg/2024-11-10_2/111980745'],64140.0,EUR,15 EUR/m²,,,False, продажба,,2025-01-25 06:03:28.059545,https://www.homes.bg/api/offers??currencyId=1&filterOrderBy=0&locationId=0&typeId=LandAgro,2241,,1.0,[],земеделска земя
34576,la,https://homes.bg/offer/zemya-za-prodazhba/zemedelska-zemya-3600m2-plovdiv-s.brestovica/la34576,,"с.Брестовица, Пловдив","Земеделска земя, 3600m²",Нива,1,['https://homes.bg/2024-11-10_2/111980744'],16400.0,ЛЕВА,4 ЛЕВА/m²,,,False, продажба,,2025-01-25 06:03:28.059557,https://www.homes.bg/api/offers??currencyId=1&filterOrderBy=0&locationId=0&typeId=LandAgro,2241,,1.0,[],земеделска земя
24689,la,https://homes.bg/offer/zemya-za-prodazhba/zemedelska-zemya-12423m2-plovdiv-industrialna-zona---sever/la24689,," Индустриална зона - Север, Пловдив","Земеделска земя, 12423m²","Категория 5, Нива",1,"['https://homes.bg/2024-11-10_2/111991553', 'https://homes.bg/2024-11-10_2/111991554', 'https://homes.bg/2024-11-10_2/111991555', 'https://homes.bg/2024-11-10_2/111991556', 'https://homes.bg/2024-11-10_2/111991557', 'https://homes.bg/2024-11-10_2/111991558', 'https://homes.bg/2024-11-10_2/111991559']",468000.0,EUR,37 EUR/m²,,,False, продажба,,2025-01-25 06:03:28.059572,https://www.homes.bg/api/offers??currencyId=1&filterOrderBy=0&locationId=0&typeId=LandAgro,2241,,7.0,[],земеделска земя
34572,la,https://homes.bg/offer/zemya-za-prodazhba/zemedelska-zemya-4740m2-plovdiv-s.skutare/la34572,,"с.Скутаре, Пловдив","Земеделска земя, 4740m²","Категория 4, Нива",1,['https://homes.bg/2024-11-10_2/111989324'],172000.0,EUR,36 EUR/m²,,,False, продажба,,2025-01-25 06:03:28.059584,https://www.homes.bg/api/offers??currencyId=1&filterOrderBy=0&locationId=0&typeId=LandAgro,2241,,1.0,[],земеделска земя
34573,la,https://homes.bg/offer/zemya-za-prodazhba/zemedelska-zemya-1960m2-plovdiv-s.brestnik/la34573,,"с.Брестник, Пловдив","Земеделска земя, 1960m²",Нива,1,['https://homes.bg/2024-11-10_2/111989325'],88200.0,EUR,45 EUR/m²,,,False, продажба,,2025-01-25 06:03:28.059595,https://www.homes.bg/api/offers??currencyId=1&filterOrderBy=0&locationId=0&typeId=LandAgro,2241,,1.0,[],земеделска земя
34413,la,https://homes.bg/offer/zemya-za-prodazhba/zemedelska-zemya-3400m2-stambolijski-gr.stambolijski/la34413,,"гр.Стамболийски, Стамболийски","Земеделска земя, 3400m²","Категория 4, Овощна градина",1,"['https://homes.bg/2024-08-28_2/111019719', 'https://homes.bg/2024-08-28_2/111019720', 'https://homes.bg/2024-08-28_2/111019721']",43000.0,EUR,12 EUR/m²,,,False, продажба,,2025-01-25 06:03:28.059610,https://www.homes.bg/api/offers??currencyId=1&filterOrderBy=0&locationId=0&typeId=LandAgro,2241,,3.0,[],земеделска земя
33841,la,https://homes.bg/offer/zemya-za-prodazhba/zemedelska-zemya-2100m2-stambolijski-gr.stambolijski/la33841,,"гр.Стамболийски, Стамболийски","Земеделска земя, 2100m²","Категория 8, Нива",1,"['https://homes.bg/2024-02-11_2/108305313', 'https://homes.bg/2024-02-11_2/108305314', 'https://homes.bg/2024-02-11_2/108305315', 'https://homes.bg/2024-02-11_2/108305316']",7200.0,EUR,3 EUR/m²,,,False, продажба,,2025-01-25 06:03:28.059623,https://www.homes.bg/api/offers??currencyId=1&filterOrderBy=0&locationId=0&typeId=LandAgro,2241,,4.0,[],земеделска земя
33840,la,https://homes.bg/offer/zemya-za-prodazhba/zemedelska-zemya-13600m2-stambolijski-gr.stambolijski/la33840,,"гр.Стамболийски, Стамболийски","Земеделска земя, 13600m²","Категория 8, Нива",1,"['https://homes.bg/2024-02-11_2/108305303', 'https://homes.bg/2024-02-11_2/108305304']",43000.0,EUR,3 EUR/m²,,,False, продажба,,2025-01-25 06:03:28.059636,https://www.homes.bg/api/offers??currencyId=1&filterOrderBy=0&locationId=0&typeId=LandAgro,2241,,2.0,[],земеделска земя
34104,la,https://homes.bg/offer/zemya-za-prodazhba/zemedelska-zemya-5000m2-stambolijski-gr.stambolijski/la34104,,"гр.Стамболийски, Стамболийски","Земеделска земя, 5000m²","Категория 4, Овощна градина",1,"['https://homes.bg/2024-07-07_1/110327129', 'https://homes.bg/2024-07-07_1/110327131', 'https://homes.bg/2024-07-08_1/110332375', 'https://homes.bg/2024-07-08_1/110332376']",19500.0,ЛЕВА,3 ЛЕВА/m²,,,False, продажба,,2025-01-25 06:03:28.059648,https://www.homes.bg/api/offers??currencyId=1&filterOrderBy=0&locationId=0&typeId=LandAgro,2241,,4.0,[],земеделска земя
33805,la,https://homes.bg/offer/zemya-za-prodazhba/zemedelska-zemya-3400m2-stambolijski-gr.stambolijski/la33805,,"гр.Стамболийски, Стамболийски","Земеделска земя, 3400m²",Овощна градина,1,"['https://homes.bg/2024-01-30_2/108128090', 'https://homes.bg/2024-01-30_2/108128093', 'https://homes.bg/2024-01-30_2/108128095']",41300.0,EUR,12 EUR/m²,,,False, продажба,,2025-01-25 06:03:28.059661,https://www.homes.bg/api/offers??currencyId=1&filterOrderBy=0&locationId=0&typeId=LandAgro,2241,,3.0,[],земеделска земя
21526,la,https://homes.bg/offer/zemya-za-prodazhba/zemedelska-zemya-1800m2-stambolijski-gr.stambolijski/la21526,,"гр.Стамболийски, Стамболийски","Земеделска земя, 1800m²","Категория 3, Овощна градина",1,[],41000.0,ЛЕВА,22 ЛЕВА/m²,,,False, продажба,,2025-01-25 06:03:28.059672,https://www.homes.bg/api/offers??currencyId=1&filterOrderBy=0&locationId=0&typeId=LandAgro,2241,,0.0,[],земеделска земя
25167,la,https://homes.bg/offer/zemya-za-prodazhba/zemedelska-zemya-4900m2-stambolijski-gr.stambolijski/la25167,,"гр.Стамболийски, Стамболийски","Земеделска земя, 4900m²","Категория 8, Нива",1,['https://homes.bg/2024-06-26_2/110168275'],14000.0,ЛЕВА,2 ЛЕВА/m²,,,False, продажба,,2025-01-25 06:03:28.059683,https://www.homes.bg/api/offers??currencyId=1&filterOrderBy=0&locationId=0&typeId=LandAgro,2241,,1.0,[],земеделска земя
34426,la,https://homes.bg/offer/zemya-za-prodazhba/zemedelska-zemya-1530m2-stambolijski-gr.stambolijski/la34426,,"гр.Стамболийски, Стамболийски","Земеделска земя, 1530m²","Категория 4, Нива",1,[],17000.0,ЛЕВА,11 ЛЕВА/m²,,,False, продажба,,2025-01-25 06:03:28.059693,https://www.homes.bg/api/offers??currencyId=1&filterOrderBy=0&locationId=0&typeId=LandAgro,2241,,0.0,[],земеделска земя
34585,la,https://homes.bg/offer/zemya-za-prodazhba/zemedelska-zemya-4861m2-burgas-gr.carevo/la34585,,"гр.Царево, Бургас","Земеделска земя, 4861m²",Друго,1,"['https://homes.bg/2024-11-09_1/111977462', 'https://homes.bg/2024-11-09_1/111977463', 'https://homes.bg/2024-11-09_1/111977464']",142000.0,EUR,29 EUR/m²,,,False, продажба,,2025-01-25 06:03:28.059705,https://www.homes.bg/api/offers??currencyId=1&filterOrderBy=0&locationId=0&typeId=LandAgro,2241,,3.0,[],земеделска земя
34587,la,https://homes.bg/offer/zemya-za-prodazhba/zemedelska-zemya-6000m2-burgas-gr.carevo/la34587,,"гр.Царево, Бургас","Земеделска земя, 6000m²",Друго,1,['https://homes.bg/2024-11-09_1/111977468'],0.0,EUR,0 EUR/m²,,,False, продажба,,2025-01-25 06:03:28.059715,https://www.homes.bg/api/offers??currencyId=1&filterOrderBy=0&locationId=0&typeId=LandAgro,2241,,1.0,[],земеделска земя
34579,la,https://homes.bg/offer/zemya-za-prodazhba/zemedelska-zemya-1865m2-burgas-sarafovo/la34579,," Сарафово, Бургас","Земеделска земя, 1865m²","Категория 3, Нива",1,[],11200.0,EUR,6 EUR/m²,,,False, продажба,,2025-01-25 06:03:28.059725,https://www.homes.bg/api/offers??currencyId=1&filterOrderBy=0&locationId=0&typeId=LandAgro,2241,,0.0,[],земеделска земя
24202,la,https://homes.bg/offer/zemya-za-prodazhba/zemedelska-zemya-1000m2-blagoevgrad-s.buchino/la24202,,"с.Бучино, Благоевград","Земеделска земя, 1000m²",,1,"['https://homes.bg/2022-11-11_1/91118527', 'https://homes.bg/2022-11-11_1/91118529', 'https://homes.bg/2022-11-11_1/91118532', 'https://homes.bg/2022-11-11_1/91118535', 'https://homes.bg/2022-11-11_1/91118539', 'https://homes.bg/2022-11-11_1/91118541']",31500.0,ЛЕВА,31 ЛЕВА/m²,,,False, продажба,,2025-01-25 06:03:28.059737,https://www.homes.bg/api/offers??currencyId=1&filterOrderBy=0&locationId=0&typeId=LandAgro,2241,,6.0,[],земеделска земя
25245,la,https://homes.bg/offer/zemya-za-prodazhba/zemedelska-zemya-300m2-blagoevgrad-s.dybrava/la25245,,"с.Дъбрава, Благоевград","Земеделска земя, 300m²","Категория 9, Лозе",1,"['https://homes.bg/2024-10-24_1/111760676', 'https://homes.bg/2024-10-24_1/111760674', 'https://homes.bg/2024-10-24_1/111760675', 'https://homes.bg/2023-09-12_2/104336086', 'https://homes.bg/2023-09-12_2/104336090', 'https://homes.bg/2023-09-12_2/104336093', 'https://homes.bg/2023-09-12_2/104336089', 'https://homes.bg/2024-10-24_1/111760677', 'https://homes.bg/2024-10-24_1/111760673']",9500.0,EUR,31 EUR/m²,,,False, продажба,,2025-01-25 06:03:28.059750,https://www.homes.bg/api/offers??currencyId=1&filterOrderBy=0&locationId=0&typeId=LandAgro,2241,,9.0,[],земеделска земя
34440,la,https://homes.bg/offer/zemya-za-prodazhba/zemedelska-zemya-1201m2-sofiya---grad-s.kubratovo/la34440,,"с.Кубратово, София - град","Земеделска земя, 1201m²",Друго,1,"['https://homes.bg/2024-09-11_1/111181270', 'https://homes.bg/2024-09-11_1/111181271', 'https://homes.bg/2024-09-11_1/111181272', 'https://homes.bg/2024-09-11_1/111181273', 'https://homes.bg/2024-09-11_1/111181274']",44500.0,EUR,37 EUR/m²,,,False, продажба,,2025-01-25 06:03:28.059762,https://www.homes.bg/api/offers??currencyId=1&filterOrderBy=0&locationId=0&typeId=LandAgro,2241,,5.0,[],земеделска земя
34578,la,https://homes.bg/offer/zemya-za-prodazhba/zemedelska-zemya-3711m2-plovdiv-kv.-ostromila/la34578,,"кв. Остромила, Пловдив","Земеделска земя, 3711m²",,1,['https://homes.bg/2024-11-08_1/111963899'],371100.0,EUR,100 EUR/m²,,,False, продажба,,2025-01-25 06:03:28.059774,https://www.homes.bg/api/offers??currencyId=1&filterOrderBy=0&locationId=0&typeId=LandAgro,2241,,1.0,[],земеделска земя
24622,la,https://homes.bg/offer/zemya-za-prodazhba/zemedelska-zemya-2088m2-plovdiv-kv.-ostromila/la24622,,"кв. Остромила, Пловдив","Земеделска земя, 2088m²",,1,['https://homes.bg/2023-03-20_1/96522045'],208800.0,EUR,100 EUR/m²,,,False, продажба,,2025-01-25 06:03:28.059785,https://www.homes.bg/api/offers??currencyId=1&filterOrderBy=0&locationId=0&typeId=LandAgro,2241,,1.0,[],земеделска земя
34546,la,https://homes.bg/offer/zemya-za-prodazhba/zemedelska-zemya-5400m2-plovdiv-zhk-juzhen/la34546,,"жк Южен, Пловдив","Земеделска земя, 5400m²",Нива,1,"['https://homes.bg/2024-11-06_2/111937245', 'https://homes.bg/2024-11-06_2/111937246']",270000.0,EUR,50 EUR/m²,,,False, продажба,,2025-01-25 06:03:28.059795,https://www.homes.bg/api/offers??currencyId=1&filterOrderBy=0&locationId=0&typeId=LandAgro,2241,,2.0,[],земеделска земя
22830,la,https://homes.bg/offer/zemya-za-prodazhba/zemedelska-zemya-2088m2-batak-gr.batak/la22830,,"гр.Батак, Батак","Земеделска земя, 2088m²","Категория 8, Ливада",1,['https://homes.bg/2021-04-07_2/63012226'],41760.0,EUR,20 EUR/m²,,,False, продажба,,2025-01-25 06:03:28.059805,https://www.homes.bg/api/offers??currencyId=1&filterOrderBy=0&locationId=0&typeId=LandAgro,2241,,1.0,[],земеделска земя
22831,la,https://homes.bg/offer/zemya-za-prodazhba/zemedelska-zemya-2000m2-batak-gr.batak/la22831,,"гр.Батак, Батак","Земеделска земя, 2000m²","Категория 9, Нива",1,['https://homes.bg/2021-04-07_2/63012522'],20000.0,EUR,10 EUR/m²,,,False, продажба,,2025-01-25 06:03:28.059816,https://www.homes.bg/api/offers??currencyId=1&filterOrderBy=0&locationId=0&typeId=LandAgro,2241,,1.0,[],земеделска земя
22829,la,https://homes.bg/offer/zemya-za-prodazhba/zemedelska-zemya-4000m2-batak-gr.batak/la22829,,"гр.Батак, Батак","Земеделска земя, 4000m²","Категория 7, Ливада",1,['https://homes.bg/2021-04-07_2/63012196'],80000.0,EUR,20 EUR/m²,,,False, продажба,,2025-01-25 06:03:28.059826,https://www.homes.bg/api/offers??currencyId=1&filterOrderBy=0&locationId=0&typeId=LandAgro,2241,,1.0,[],земеделска земя
22833,la,https://homes.bg/offer/zemya-za-prodazhba/zemedelska-zemya-1001m2-batak-gr.batak/la22833,,"гр.Батак, Батак","Земеделска земя, 1001m²","Категория 8, Ливада",1,['https://homes.bg/2021-04-07_2/63012810'],15000.0,ЛЕВА,14 ЛЕВА/m²,,,False, продажба,,2025-01-25 06:03:28.059839,https://www.homes.bg/api/offers??currencyId=1&filterOrderBy=0&locationId=0&typeId=LandAgro,2241,,1.0,[],земеделска земя
22832,la,https://homes.bg/offer/zemya-za-prodazhba/zemedelska-zemya-383m2-batak-gr.batak/la22832,,"гр.Батак, Батак","Земеделска земя, 383m²","Категория 10, Ливада",1,['https://homes.bg/2021-04-07_2/63012667'],11490.0,EUR,30 EUR/m²,,,False, продажба,,2025-01-25 06:03:28.059848,https://www.homes.bg/api/offers??currencyId=1&filterOrderBy=0&locationId=0&typeId=LandAgro,2241,,1.0,[],земеделска земя
34262,la,https://homes.bg/offer/zemya-za-prodazhba/zemedelska-zemya-3959m2-batak-yaz.batak/la34262,,"яз.Батак, Батак","Земеделска земя, 3959m²","Категория 8, Ливада",1,"['https://homes.bg/2024-06-26_2/110166225', 'https://homes.bg/2024-06-26_2/110166236', 'https://homes.bg/2024-06-26_2/110166238', 'https://homes.bg/2024-06-26_2/110166240', 'https://homes.bg/2024-06-26_2/110166242', 'https://homes.bg/2024-06-26_2/110166249', 'https://homes.bg/2024-06-26_2/110166254']",39590.0,EUR,10 EUR/m²,,,False, продажба,,2025-01-25 06:03:28.059860,https://www.homes.bg/api/offers??currencyId=1&filterOrderBy=0&locationId=0&typeId=LandAgro,2241,,7.0,[],земеделска земя
34263,la,https://homes.bg/offer/zemya-za-prodazhba/zemedelska-zemya-2819m2-batak-yaz.batak/la34263,,"яз.Батак, Батак","Земеделска земя, 2819m²","Категория 9, Ливада",1,"['https://homes.bg/2024-06-26_2/110166753', 'https://homes.bg/2024-06-26_2/110166761']",14095.0,EUR,5 EUR/m²,,,False, продажба,,2025-01-25 06:03:28.059872,https://www.homes.bg/api/offers??currencyId=1&filterOrderBy=0&locationId=0&typeId=LandAgro,2241,,2.0,[],земеделска земя
34264,la,https://homes.bg/offer/zemya-za-prodazhba/zemedelska-zemya-1729m2-batak-yaz.batak/la34264,,"яз.Батак, Батак","Земеделска земя, 1729m²","Категория 10, Ливада",1,"['https://homes.bg/2024-06-26_2/110167217', 'https://homes.bg/2024-06-26_2/110167224']",8645.0,EUR,5 EUR/m²,,,False, продажба,,2025-01-25 06:03:28.059883,https://www.homes.bg/api/offers??currencyId=1&filterOrderBy=0&locationId=0&typeId=LandAgro,2241,,2.0,[],земеделска земя
34265,la,https://homes.bg/offer/zemya-za-prodazhba/zemedelska-zemya-5210m2-batak-yaz.batak/la34265,,"яз.Батак, Батак","Земеделска земя, 5210m²","Категория 9, Ливада",1,"['https://homes.bg/2024-06-26_2/110167643', 'https://homes.bg/2024-06-26_2/110167656']",26050.0,EUR,5 EUR/m²,,,False, продажба,,2025-01-25 06:03:28.059894,https://www.homes.bg/api/offers??currencyId=1&filterOrderBy=0&locationId=0&typeId=LandAgro,2241,,2.0,[],земеделска земя
34266,la,https://homes.bg/offer/zemya-za-prodazhba/zemedelska-zemya-783m2-batak-yaz.batak/la34266,,"яз.Батак, Батак","Земеделска земя, 783m²","Категория 10, Ливада",1,"['https://homes.bg/2024-06-26_2/110168005', 'https://homes.bg/2024-06-26_2/110168006']",3915.0,EUR,5 EUR/m²,,,False, продажба,,2025-01-25 06:03:28.059904,https://www.homes.bg/api/offers??currencyId=1&filterOrderBy=0&locationId=0&typeId=LandAgro,2241,,2.0,[],земеделска земя
34267,la,https://homes.bg/offer/zemya-za-prodazhba/zemedelska-zemya-1581m2-batak-gr.batak/la34267,,"гр.Батак, Батак","Земеделска земя, 1581m²","Категория 9, Ливада",1,"['https://homes.bg/2024-06-26_2/110168029', 'https://homes.bg/2024-06-26_2/110168030']",1581.0,ЛЕВА,1 ЛЕВА/m²,,,False, продажба,,2025-01-25 06:03:28.059928,https://www.homes.bg/api/offers??currencyId=1&filterOrderBy=0&locationId=0&typeId=LandAgro,2241,,2.0,[],земеделска земя
33996,la,https://homes.bg/offer/zemya-za-prodazhba/zemedelska-zemya-3093m2-batak-k.cigov-chark/la33996,,"к.Цигов Чарк, Батак","Земеделска земя, 3093m²","Категория 7, Ливада",1,"['https://homes.bg/2024-04-04_1/109100666', 'https://homes.bg/2024-04-04_1/109100667']",61860.0,EUR,20 EUR/m²,,,False, продажба,,2025-01-25 06:03:28.059939,https://www.homes.bg/api/offers??currencyId=1&filterOrderBy=0&locationId=0&typeId=LandAgro,2241,,2.0,[],земеделска земя
24179,la,https://homes.bg/offer/zemya-za-prodazhba/zemedelska-zemya-939m2-septemvri-s.vinogradec/la24179,,"с.Виноградец, Септември","Земеделска земя, 939m²","Категория 6, Нива",1,['https://homes.bg/2022-11-03_2/90702086'],10000.0,ЛЕВА,10 ЛЕВА/m²,,,False, продажба,,2025-01-25 06:03:28.059948,https://www.homes.bg/api/offers??currencyId=1&filterOrderBy=0&locationId=0&typeId=LandAgro,2241,,1.0,[],земеделска земя
18354,la,https://homes.bg/offer/zemya-za-prodazhba/zemedelska-zemya-4820m2-pazardzhik-s.gelemenovo/la18354,,"с.Гелеменово, Пазарджик","Земеделска земя, 4820m²","Категория 5, Нива",1,"['https://homes.bg/2016-12-06_1/7933256', 'https://homes.bg/2016-12-06_1/7933259', 'https://homes.bg/2016-12-06_1/7933260', 'https://homes.bg/2016-12-06_1/7933261', 'https://homes.bg/2016-12-06_1/7933262', 'https://homes.bg/2016-12-06_1/7933263', 'https://homes.bg/2016-12-06_1/7933271', 'https://homes.bg/2016-12-06_1/7933272', 'https://homes.bg/2016-12-06_1/7933273']",120500.0,EUR,25 EUR/m²,,,False, продажба,,2025-01-25 06:03:28.059963,https://www.homes.bg/api/offers??currencyId=1&filterOrderBy=0&locationId=0&typeId=LandAgro,2241,,9.0,[],земеделска земя
23388,la,https://homes.bg/offer/zemya-za-prodazhba/zemedelska-zemya-523000m2-plovdiv-gr.krichim/la23388,,"гр.Кричим, Пловдив","Земеделска земя, 523000m²",,1,"['https://homes.bg/2021-12-30_1/78585295', 'https://homes.bg/2021-12-30_1/78585296']",1050000.0,EUR,2 EUR/m²,,,False, продажба,,2025-01-25 06:03:28.059973,https://www.homes.bg/api/offers??currencyId=1&filterOrderBy=0&locationId=0&typeId=LandAgro,2241,,2.0,[],земеделска земя
23017,la,https://homes.bg/offer/zemya-za-prodazhba/zemedelska-zemya-2905m2-blagoevgrad-s.logodazh/la23017,,"с.Логодаж, Благоевград","Земеделска земя, 2905m²",,1,"['https://homes.bg/2021-06-23_1/68791891', 'https://homes.bg/2021-06-23_1/68791894', 'https://homes.bg/2021-06-23_1/68791897', 'https://homes.bg/2021-06-23_1/68791899', 'https://homes.bg/2021-06-23_1/68791902']",43600.0,ЛЕВА,15 ЛЕВА/m²,,,False, продажба,,2025-01-25 06:03:28.059983,https://www.homes.bg/api/offers??currencyId=1&filterOrderBy=0&locationId=0&typeId=LandAgro,2241,,5.0,[],земеделска земя
34510,la,https://homes.bg/offer/zemya-za-prodazhba/zemedelska-zemya-1500m2-asenovgrad-gr.asenovgrad/la34510,,"гр.Асеновград, Асеновград","Земеделска земя, 1500m²","Категория 9, Нива",1,"['https://homes.bg/2024-10-10_2/111571516', 'https://homes.bg/2024-10-10_2/111571517']",32000.0,ЛЕВА,21 ЛЕВА/m²,,,False, продажба,,2025-01-25 06:03:28.059996,https://www.homes.bg/api/offers??currencyId=1&filterOrderBy=0&locationId=0&typeId=LandAgro,2241,,2.0,[],земеделска земя
33582,la,https://homes.bg/offer/zemya-za-prodazhba/zemedelska-zemya-8309m2-varna-s.topoli/la33582,,"с.Тополи, Варна","Земеделска земя, 8309m²",,1,['https://homes.bg/2023-11-17_1/107314426'],35000.0,EUR,4 EUR/m²,,,False, продажба,,2025-01-25 06:03:28.060007,https://www.homes.bg/api/offers??currencyId=1&filterOrderBy=0&locationId=0&typeId=LandAgro,2241,,1.0,[],земеделска земя
24147,la,https://homes.bg/offer/zemya-za-prodazhba/zemedelska-zemya-3900m2-plovdiv-s.branipole/la24147,,"с.Браниполе, Пловдив","Земеделска земя, 3900m²",,1,['https://homes.bg/2022-10-15_1/89791912'],222300.0,EUR,57 EUR/m²,,,False, продажба,,2025-01-25 06:03:28.060019,https://www.homes.bg/api/offers??currencyId=1&filterOrderBy=0&locationId=0&typeId=LandAgro,2241,,1.0,[],земеделска земя
34005,la,https://homes.bg/offer/zemya-za-prodazhba/zemedelska-zemya-7897m2-varna-kv.-asparuhovo/la34005,,"кв. Аспарухово, Варна","Земеделска земя, 7897m²","Категория 5, Нива",1,['https://homes.bg/2024-11-02_2/111893938'],57300.0,EUR,7 EUR/m²,,,False, продажба,,2025-01-25 06:03:28.060036,https://www.homes.bg/api/offers??currencyId=1&filterOrderBy=0&locationId=0&typeId=LandAgro,2241,,1.0,[],земеделска земя
34006,la,https://homes.bg/offer/zemya-za-prodazhba/zemedelska-zemya-3700m2-varna-kv.-asparuhovo/la34006,,"кв. Аспарухово, Варна","Земеделска земя, 3700m²","Категория 5, Нива",1,['https://homes.bg/2024-11-02_2/111893939'],27100.0,EUR,7 EUR/m²,,,False, продажба,,2025-01-25 06:03:28.060048,https://www.homes.bg/api/offers??currencyId=1&filterOrderBy=0&locationId=0&typeId=LandAgro,2241,,1.0,[],земеделска земя
34543,la,https://homes.bg/offer/zemya-za-prodazhba/zemedelska-zemya-2700m2-plovdiv-s.brestnik/la34543,,"с.Брестник, Пловдив","Земеделска земя, 2700m²",Нива,1,"['https://homes.bg/2024-11-01_2/111871579', 'https://homes.bg/2024-11-01_2/111871580']",22000.0,EUR,8 EUR/m²,,,False, продажба,,2025-01-25 06:03:28.060062,https://www.homes.bg/api/offers??currencyId=1&filterOrderBy=0&locationId=0&typeId=LandAgro,2241,,2.0,[],земеделска земя
34544,la,https://homes.bg/offer/zemya-za-prodazhba/zemedelska-zemya-3150m2-plovdiv-s.brestnik/la34544,,"с.Брестник, Пловдив","Земеделска земя, 3150m²",Нива,1,"['https://homes.bg/2024-11-01_2/111871581', 'https://homes.bg/2024-11-01_2/111871582']",24000.0,EUR,7 EUR/m²,,,False, продажба,,2025-01-25 06:03:28.060075,https://www.homes.bg/api/offers??currencyId=1&filterOrderBy=0&locationId=0&typeId=LandAgro,2241,,2.0,[],земеделска земя
34545,la,https://homes.bg/offer/zemya-za-prodazhba/zemedelska-zemya-3700m2-plovdiv-s.brestnik/la34545,,"с.Брестник, Пловдив","Земеделска земя, 3700m²",Нива,1,"['https://homes.bg/2024-11-01_2/111871583', 'https://homes.bg/2024-11-01_2/111871584', 'https://homes.bg/2024-11-01_2/111871585']",26000.0,EUR,7 EUR/m²,,,False, продажба,,2025-01-25 06:03:28.060089,https://www.homes.bg/api/offers??currencyId=1&filterOrderBy=0&locationId=0&typeId=LandAgro,2241,,3.0,[],земеделска земя
34497,la,https://homes.bg/offer/zemya-za-prodazhba/zemedelska-zemya-4998m2-plovdiv-s.vojvodinovo/la34497,,"с.Войводиново, Пловдив","Земеделска земя, 4998m²",Нива,1,['https://homes.bg/2024-11-01_2/111871448'],174930.0,EUR,35 EUR/m²,,,False, продажба,,2025-01-25 06:03:28.060098,https://www.homes.bg/api/offers??currencyId=1&filterOrderBy=0&locationId=0&typeId=LandAgro,2241,,1.0,[],земеделска земя
34554,la,https://homes.bg/offer/zemya-za-prodazhba/zemedelska-zemya-1881m2-batak-gr.batak/la34554,,"гр.Батак, Батак","Земеделска земя, 1881m²","Категория 8, Нива",1,"['https://homes.bg/2024-11-01_1/111868090', 'https://homes.bg/2024-11-01_1/111868091', 'https://homes.bg/2024-11-01_1/111868092', 'https://homes.bg/2024-11-01_1/111868093', 'https://homes.bg/2024-11-01_1/111868094', 'https://homes.bg/2024-11-01_1/111868095', 'https://homes.bg/2024-11-01_1/111868096', 'https://homes.bg/2024-11-01_1/111868097']",37620.0,EUR,20 EUR/m²,,,False, продажба,,2025-01-25 06:03:30.903610,https://www.homes.bg/api/offers??currencyId=1&filterOrderBy=0&locationId=0&typeId=LandAgro,2241,,8.0,[],земеделска земя
34553,la,https://homes.bg/offer/zemya-za-prodazhba/zemedelska-zemya-5744m2-burgas-severna-promishlena-zona/la34553,," Северна Промишлена Зона, Бургас","Земеделска земя, 5744m²","Категория 10, Пасище",1,[],40200.0,EUR,6 EUR/m²,,,False, продажба,,2025-01-25 06:03:30.903692,https://www.homes.bg/api/offers??currencyId=1&filterOrderBy=0&locationId=0&typeId=LandAgro,2241,,0.0,[],земеделска земя
34418,la,https://homes.bg/offer/zemya-za-prodazhba/zemedelska-zemya-4569m2-sofiya---grad-s.lokorsko/la34418,,"с.Локорско, София - град","Земеделска земя, 4569m²",Друго,1,"['https://homes.bg/2024-08-31_1/111067028', 'https://homes.bg/2024-08-31_1/111067029', 'https://homes.bg/2024-08-31_1/111067030', 'https://homes.bg/2024-08-31_1/111067031']",182760.0,EUR,40 EUR/m²,,,False, продажба,,2025-01-25 06:03:30.903716,https://www.homes.bg/api/offers??currencyId=1&filterOrderBy=0&locationId=0&typeId=LandAgro,2241,,4.0,[],земеделска земя
34467,la,https://homes.bg/offer/zemya-za-prodazhba/zemedelska-zemya-10513m2-plovdiv-s.brestnik/la34467,,"с.Брестник, Пловдив","Земеделска земя, 10513m²",Нива,1,"['https://homes.bg/2024-10-31_2/111856238', 'https://homes.bg/2024-10-31_2/111856239']",325000.0,ЛЕВА,30 ЛЕВА/m²,,,False, продажба,,2025-01-25 06:03:30.903734,https://www.homes.bg/api/offers??currencyId=1&filterOrderBy=0&locationId=0&typeId=LandAgro,2241,,2.0,[],земеделска земя
33992,la,https://homes.bg/offer/zemya-za-prodazhba/zemedelska-zemya-2940m2-plovdiv-s.brestnik/la33992,,"с.Брестник, Пловдив","Земеделска земя, 2940m²",Нива,1,['https://homes.bg/2024-10-31_2/111863434'],69000.0,ЛЕВА,23 ЛЕВА/m²,,,False, продажба,,2025-01-25 06:03:30.903748,https://www.homes.bg/api/offers??currencyId=1&filterOrderBy=0&locationId=0&typeId=LandAgro,2241,,1.0,[],земеделска земя
24088,la,https://homes.bg/offer/zemya-za-prodazhba/zemedelska-zemya-1580m2-sofiya---grad-s.chepinci/la24088,,"с.Чепинци, София - град","Земеделска земя, 1580m²",Друго,1,"['https://homes.bg/2023-03-27_1/96871647', 'https://homes.bg/2023-03-27_1/96871650']",49000.0,EUR,31 EUR/m²,,,False, продажба,,2025-01-25 06:03:30.903763,https://www.homes.bg/api/offers??currencyId=1&filterOrderBy=0&locationId=0&typeId=LandAgro,2241,,2.0,[],земеделска земя
24087,la,https://homes.bg/offer/zemya-za-prodazhba/zemedelska-zemya-3719m2-sofiya---grad-s.chepinci/la24087,,"с.Чепинци, София - град","Земеделска земя, 3719m²",Друго,1,"['https://homes.bg/2024-06-06_1/109909371', 'https://homes.bg/2024-06-06_1/109909372']",55000.0,EUR,14 EUR/m²,,,False, продажба,,2025-01-25 06:03:30.903794,https://www.homes.bg/api/offers??currencyId=1&filterOrderBy=0&locationId=0&typeId=LandAgro,2241,,2.0,[],земеделска земя
24089,la,https://homes.bg/offer/zemya-za-prodazhba/zemedelska-zemya-4024m2-sofiya---grad-s.chepinci/la24089,,"с.Чепинци, София - град","Земеделска земя, 4024m²",Друго,1,"['https://homes.bg/2023-03-28_1/96922392', 'https://homes.bg/2023-03-28_1/96922394', 'https://homes.bg/2023-03-28_1/96922396', 'https://homes.bg/2023-03-28_1/96922397']",60000.0,EUR,14 EUR/m²,,,False, продажба,,2025-01-25 06:03:30.903812,https://www.homes.bg/api/offers??currencyId=1&filterOrderBy=0&locationId=0&typeId=LandAgro,2241,,4.0,[],земеделска земя
24822,la,https://homes.bg/offer/zemya-za-prodazhba/zemedelska-zemya-2999m2-sofijska-s.gorna-malina/la24822,,"с.Горна Малина, Софийска","Земеделска земя, 2999m²",Друго,1,"['https://homes.bg/2023-10-24_1/106245226', 'https://homes.bg/2023-10-24_1/106245229']",24000.0,EUR,8 EUR/m²,,,False, продажба,,2025-01-25 06:03:30.903830,https://www.homes.bg/api/offers??currencyId=1&filterOrderBy=0&locationId=0&typeId=LandAgro,2241,,2.0,[],земеделска земя
24825,la,https://homes.bg/offer/zemya-za-prodazhba/zemedelska-zemya-3499m2-sofijska-s.gorna-malina/la24825,,"с.Горна Малина, Софийска","Земеделска земя, 3499m²",Друго,1,"['https://homes.bg/2023-10-24_1/106245231', 'https://homes.bg/2023-10-24_1/106245234']",28000.0,EUR,8 EUR/m²,,,False, продажба,,2025-01-25 06:03:30.903845,https://www.homes.bg/api/offers??currencyId=1&filterOrderBy=0&locationId=0&typeId=LandAgro,2241,,2.0,[],земеделска земя
32581,la,https://homes.bg/offer/zemya-za-prodazhba/zemedelska-zemya-2500m2-sofijska-s.gorna-malina/la32581,,"с.Горна Малина, Софийска","Земеделска земя, 2500m²",Друго,1,"['https://homes.bg/2023-10-11_1/105512861', 'https://homes.bg/2023-10-11_1/105512863', 'https://homes.bg/2023-10-11_1/105512866', 'https://homes.bg/2023-10-11_1/105512868']",50000.0,EUR,20 EUR/m²,,,False, продажба,,2025-01-25 06:03:30.903861,https://www.homes.bg/api/offers??currencyId=1&filterOrderBy=0&locationId=0&typeId=LandAgro,2241,,4.0,[],земеделска земя
24452,la,https://homes.bg/offer/zemya-za-prodazhba/zemedelska-zemya-1000m2-sofijska-s.gorna-malina/la24452,,"с.Горна Малина, Софийска","Земеделска земя, 1000m²",Друго,1,"['https://homes.bg/2024-07-30_1/110625226', 'https://homes.bg/2024-07-30_1/110625227', 'https://homes.bg/2024-07-30_1/110625228', 'https://homes.bg/2024-07-30_1/110625229', 'https://homes.bg/2024-07-30_1/110625230', 'https://homes.bg/2024-07-30_1/110625231', 'https://homes.bg/2024-07-30_1/110625232', 'https://homes.bg/2024-07-30_1/110625233', 'https://homes.bg/2024-07-30_1/110625234', 'https://homes.bg/2024-07-30_1/110625235']",7000.0,EUR,7 EUR/m²,,,False, продажба,,2025-01-25 06:03:30.903880,https://www.homes.bg/api/offers??currencyId=1&filterOrderBy=0&locationId=0&typeId=LandAgro,2241,,10.0,[],земеделска земя
34366,la,https://homes.bg/offer/zemya-za-prodazhba/zemedelska-zemya-2000m2-plovdiv-s.brestovica/la34366,,"с.Брестовица, Пловдив","Земеделска земя, 2000m²",Друго,1,"['https://homes.bg/2024-08-16_1/110864931', 'https://homes.bg/2024-08-16_1/110864932']",28500.0,EUR,14 EUR/m²,,,False, продажба,,2025-01-25 06:03:30.903894,https://www.homes.bg/api/offers??currencyId=1&filterOrderBy=0&locationId=0&typeId=LandAgro,2241,,2.0,[],земеделска земя
34367,la,https://homes.bg/offer/zemya-za-prodazhba/zemedelska-zemya-1000m2-plovdiv-s.brestovica/la34367,,"с.Брестовица, Пловдив","Земеделска земя, 1000m²",Друго,1,"['https://homes.bg/2024-08-16_1/110864933', 'https://homes.bg/2024-08-16_1/110864934', 'https://homes.bg/2024-08-16_1/110864935']",21000.0,EUR,21 EUR/m²,,,False, продажба,,2025-01-25 06:03:30.903944,https://www.homes.bg/api/offers??currencyId=1&filterOrderBy=0&locationId=0&typeId=LandAgro,2241,,3.0,[],земеделска земя
15504,la,https://homes.bg/offer/zemya-za-prodazhba/zemedelska-zemya-82000m2-dolni-chiflik-gr.dolni-chiflik/la15504,,"гр.Долни Чифлик, Долни Чифлик","Земеделска земя, 82000m²",Друго,1,[],574000.0,EUR,7 EUR/m²,,,False, продажба,,2025-01-25 06:03:30.903961,https://www.homes.bg/api/offers??currencyId=1&filterOrderBy=0&locationId=0&typeId=LandAgro,2241,,0.0,[],земеделска земя
34519,la,https://homes.bg/offer/zemya-za-prodazhba/zemedelska-zemya-3068m2-sofijska-s.musachevo/la34519,,"с.Мусачево, Софийска","Земеделска земя, 3068m²",Друго,1,"['https://homes.bg/2024-10-16_1/111651081', 'https://homes.bg/2024-10-16_1/111651082', 'https://homes.bg/2024-10-16_1/111651083', 'https://homes.bg/2024-10-16_1/111651084', 'https://homes.bg/2024-10-16_1/111651085']",79001.0,EUR,25 EUR/m²,,,False, продажба,,2025-01-25 06:03:30.903978,https://www.homes.bg/api/offers??currencyId=1&filterOrderBy=0&locationId=0&typeId=LandAgro,2241,,5.0,[],земеделска земя
34484,la,https://homes.bg/offer/zemya-za-prodazhba/zemedelska-zemya-5126m2-blagoevgrad-s.poleto/la34484,,"с.Полето, Благоевград","Земеделска земя, 5126m²",,1,['https://homes.bg/2024-10-02_1/111462664'],61500.0,ЛЕВА,11 ЛЕВА/m²,,,False, продажба,,2025-01-25 06:03:30.903992,https://www.homes.bg/api/offers??currencyId=1&filterOrderBy=0&locationId=0&typeId=LandAgro,2241,,1.0,[],земеделска земя
24543,la,https://homes.bg/offer/zemya-za-prodazhba/zemedelska-zemya-69149m2-stara-zagora-s.panicherevo/la24543,,"с.Паничерево, Стара Загора","Земеделска земя, 69149m²",,1,['https://homes.bg/2023-02-24_1/95474029'],36000.0,EUR,0 EUR/m²,,,False, продажба,,2025-01-25 06:03:30.904006,https://www.homes.bg/api/offers??currencyId=1&filterOrderBy=0&locationId=0&typeId=LandAgro,2241,,1.0,[],земеделска земя
34536,la,https://homes.bg/offer/zemya-za-prodazhba/zemedelska-zemya-500000m2-plovdiv-s.trud/la34536,,"с.Труд, Пловдив","Земеделска земя, 500000m²",Нива,1,"['https://homes.bg/2024-10-29_2/111826393', 'https://homes.bg/2024-10-29_2/111826394']",15000.0,EUR,0 EUR/m²,,,False, продажба,,2025-01-25 06:03:30.904020,https://www.homes.bg/api/offers??currencyId=1&filterOrderBy=0&locationId=0&typeId=LandAgro,2241,,2.0,[],земеделска земя
34534,la,https://homes.bg/offer/zemya-za-prodazhba/zemedelska-zemya-1821m2-plovdiv-s.markovo/la34534,,"с.Марково, Пловдив","Земеделска земя, 1821m²","Категория 4, Лозе",1,['https://homes.bg/2024-10-29_2/111826390'],36000.0,EUR,19 EUR/m²,,,False, продажба,,2025-01-25 06:03:30.904033,https://www.homes.bg/api/offers??currencyId=1&filterOrderBy=0&locationId=0&typeId=LandAgro,2241,,1.0,[],земеделска земя
34541,la,https://homes.bg/offer/zemya-za-prodazhba/zemedelska-zemya-2000m2-veliko-tyrnovo-s.belyakovec/la34541,,"с.Беляковец, Велико Търново","Земеделска земя, 2000m²",,1,['https://homes.bg/2024-10-30_1/111837728'],47500.0,EUR,23 EUR/m²,,,False, продажба,,2025-01-25 06:03:30.904051,https://www.homes.bg/api/offers??currencyId=1&filterOrderBy=0&locationId=0&typeId=LandAgro,2241,,1.0,[],земеделска земя
24922,la,https://homes.bg/offer/zemya-za-prodazhba/zemedelska-zemya-2700m2-burgas-s.varvara/la24922,,"с.Варвара, Бургас","Земеделска земя, 2700m²",Друго,1,"['https://homes.bg/2023-06-14_1/100699430', 'https://homes.bg/2023-06-14_1/100699431', 'https://homes.bg/2023-06-14_1/100699432', 'https://homes.bg/2023-06-14_1/100699433', 'https://homes.bg/2023-06-14_1/100699434', 'https://homes.bg/2023-06-14_1/100699435', 'https://homes.bg/2023-06-14_1/100699436']",140000.0,EUR,51 EUR/m²,,,False, продажба,,2025-01-25 06:03:30.904068,https://www.homes.bg/api/offers??currencyId=1&filterOrderBy=0&locationId=0&typeId=LandAgro,2241,,7.0,[],земеделска земя
24544,la,https://homes.bg/offer/zemya-za-prodazhba/zemedelska-zemya-7650m2-veliko-tyrnovo-zhk.-sveta-gora/la24544,,"жк. Света Гора, Велико Търново","Земеделска земя, 7650m²",,1,[],37000.0,EUR,4 EUR/m²,,,False, продажба,,2025-01-25 06:03:30.904084,https://www.homes.bg/api/offers??currencyId=1&filterOrderBy=0&locationId=0&typeId=LandAgro,2241,,0.0,[],земеделска земя
34436,la,https://homes.bg/offer/zemya-za-prodazhba/zemedelska-zemya-6261m2-marica-s.trud/la34436,,"с.Труд, Марица","Земеделска земя, 6261m²","Категория 4, Нива",1,"['https://homes.bg/2024-09-10_2/111166994', 'https://homes.bg/2024-09-10_2/111166995', 'https://homes.bg/2024-09-10_2/111166996', 'https://homes.bg/2024-09-10_2/111166997']",93900.0,EUR,14 EUR/m²,,,False, продажба,,2025-01-25 06:03:30.904100,https://www.homes.bg/api/offers??currencyId=1&filterOrderBy=0&locationId=0&typeId=LandAgro,2241,,4.0,[],земеделска земя
34437,la,https://homes.bg/offer/zemya-za-prodazhba/zemedelska-zemya-8872m2-marica-s.trud/la34437,,"с.Труд, Марица","Земеделска земя, 8872m²","Категория 4, Нива",1,"['https://homes.bg/2024-09-10_2/111166990', 'https://homes.bg/2024-09-10_2/111166991', 'https://homes.bg/2024-09-10_2/111166992', 'https://homes.bg/2024-09-10_2/111166993']",115400.0,EUR,13 EUR/m²,,,False, продажба,,2025-01-25 06:03:30.904115,https://www.homes.bg/api/offers??currencyId=1&filterOrderBy=0&locationId=0&typeId=LandAgro,2241,,4.0,[],земеделска земя
34438,la,https://homes.bg/offer/zemya-za-prodazhba/zemedelska-zemya-5070m2-marica-s.trud/la34438,,"с.Труд, Марица","Земеделска земя, 5070m²","Категория 4, Нива",1,"['https://homes.bg/2024-09-10_2/111166988', 'https://homes.bg/2024-09-10_2/111166989']",101400.0,EUR,20 EUR/m²,,,False, продажба,,2025-01-25 06:03:30.904129,https://www.homes.bg/api/offers??currencyId=1&filterOrderBy=0&locationId=0&typeId=LandAgro,2241,,2.0,[],земеделска земя
20116,la,https://homes.bg/offer/zemya-za-prodazhba/zemedelska-zemya-3000m2-plovdiv-gr.syedinenie/la20116,,"гр.Съединение, Пловдив","Земеделска земя, 3000m²","Категория 3, Нива",1,[],30000.0,ЛЕВА,10 ЛЕВА/m²,,,False, продажба,,2025-01-25 06:03:30.904146,https://www.homes.bg/api/offers??currencyId=1&filterOrderBy=0&locationId=0&typeId=LandAgro,2241,,0.0,[],земеделска земя
34420,la,https://homes.bg/offer/zemya-za-prodazhba/zemedelska-zemya-5528m2-kostinbrod-s.bezden/la34420,,"с.Безден, Костинброд","Земеделска земя, 5528m²","Категория 6, Нива",1,['https://homes.bg/2024-09-02_2/111085006'],66400.0,EUR,12 EUR/m²,,,False, продажба,,2025-01-25 06:03:30.904159,https://www.homes.bg/api/offers??currencyId=1&filterOrderBy=0&locationId=0&typeId=LandAgro,2241,,1.0,[],земеделска земя
34419,la,https://homes.bg/offer/zemya-za-prodazhba/zemedelska-zemya-1655m2-kostinbrod-s.bezden/la34419,,"с.Безден, Костинброд","Земеделска земя, 1655m²","Категория 4, Ливада",1,['https://homes.bg/2024-09-02_2/111085005'],20000.0,EUR,12 EUR/m²,,,False, продажба,,2025-01-25 06:03:30.904173,https://www.homes.bg/api/offers??currencyId=1&filterOrderBy=0&locationId=0&typeId=LandAgro,2241,,1.0,[],земеделска земя
24751,la,https://homes.bg/offer/zemya-za-prodazhba/zemedelska-zemya-870m2-rodopi-s.hrabrino/la24751,,"с.Храбрино, Родопи","Земеделска земя, 870m²","Категория 4, Нива",1,"['https://homes.bg/2024-07-11_2/110377666', 'https://homes.bg/2024-07-11_2/110377667', 'https://homes.bg/2024-07-11_2/110377668']",30000.0,EUR,34 EUR/m²,,,False, продажба,,2025-01-25 06:03:30.904187,https://www.homes.bg/api/offers??currencyId=1&filterOrderBy=0&locationId=0&typeId=LandAgro,2241,,3.0,[],земеделска земя
34373,la,https://homes.bg/offer/zemya-za-prodazhba/zemedelska-zemya-2399m2-burgas-gr.carevo/la34373,,"гр.Царево, Бургас","Земеделска земя, 2399m²",,1,"['https://homes.bg/2024-08-07_1/110737608', 'https://homes.bg/2024-08-07_1/110737609']",53000.0,EUR,22 EUR/m²,,,False, продажба,,2025-01-25 06:03:30.904204,https://www.homes.bg/api/offers??currencyId=1&filterOrderBy=0&locationId=0&typeId=LandAgro,2241,,2.0,[],земеделска земя
34533,la,https://homes.bg/offer/zemya-za-prodazhba/zemedelska-zemya-2000m2-blagoevgrad-s.dybrava/la34533,,"с.Дъбрава, Благоевград","Земеделска земя, 2000m²","Категория 7, Нива",1,"['https://homes.bg/2024-10-26_2/111790557', 'https://homes.bg/2024-10-26_2/111790558', 'https://homes.bg/2024-10-26_2/111790559']",20000.0,ЛЕВА,10 ЛЕВА/m²,,,False, продажба,,2025-01-25 06:03:30.904224,https://www.homes.bg/api/offers??currencyId=1&filterOrderBy=0&locationId=0&typeId=LandAgro,2241,,3.0,[],земеделска земя
20025,la,https://homes.bg/offer/zemya-za-prodazhba/zemedelska-zemya-658m2-blagoevgrad-s.dybrava/la20025,,"с.Дъбрава, Благоевград","Земеделска земя, 658m²","Категория 7, Нива",1,"['https://homes.bg/2024-10-26_2/111790551', 'https://homes.bg/2024-10-26_2/111790552', 'https://homes.bg/2024-10-26_2/111790553', 'https://homes.bg/2024-10-26_2/111790554', 'https://homes.bg/2024-10-26_2/111790555', 'https://homes.bg/2024-10-26_2/111790556']",15000.0,ЛЕВА,22 ЛЕВА/m²,,,False, продажба,,2025-01-25 06:03:30.904240,https://www.homes.bg/api/offers??currencyId=1&filterOrderBy=0&locationId=0&typeId=LandAgro,2241,,6.0,[],земеделска земя
24416,la,https://homes.bg/offer/zemya-za-prodazhba/zemedelska-zemya-2108m2-blagoevgrad-zhk.-strumsko/la24416,,"жк. Струмско, Благоевград","Земеделска земя, 2108m²","Категория 4, Ливада",1,"['https://homes.bg/2024-10-26_2/111790363', 'https://homes.bg/2024-10-26_2/111790364']",64500.0,EUR,30 EUR/m²,,,False, продажба,,2025-01-25 06:03:30.904256,https://www.homes.bg/api/offers??currencyId=1&filterOrderBy=0&locationId=0&typeId=LandAgro,2241,,2.0,[],земеделска земя
34483,la,https://homes.bg/offer/zemya-za-prodazhba/zemedelska-zemya-800m2-lovech-zhk.-mladost/la34483,,"жк. Младост, Ловеч","Земеделска земя, 800m²",,1,['https://homes.bg/2024-10-02_1/111462057'],8000.0,ЛЕВА,10 ЛЕВА/m²,,,False, продажба,,2025-01-25 06:03:30.904270,https://www.homes.bg/api/offers??currencyId=1&filterOrderBy=0&locationId=0&typeId=LandAgro,2241,,1.0,[],земеделска земя
24818,la,https://homes.bg/offer/zemya-za-prodazhba/zemedelska-zemya-12000m2-yambol-s.drazhevo/la24818,,"с.Дражево, Ямбол","Земеделска земя, 12000m²",,1,['https://homes.bg/2023-05-26_1/99742368'],43000.0,ЛЕВА,3 ЛЕВА/m²,,,False, продажба,,2025-01-25 06:03:30.904284,https://www.homes.bg/api/offers??currencyId=1&filterOrderBy=0&locationId=0&typeId=LandAgro,2241,,1.0,[],земеделска земя
20102,la,https://homes.bg/offer/zemya-za-prodazhba/zemedelska-zemya-17699m2-vraca-iztochna-promishlena-zona/la20102,," Източна Промишлена Зона, Враца","Земеделска земя, 17699m²",,1,['https://homes.bg/2018-07-09_2/26001335'],123893.0,ЛЕВА,7 ЛЕВА/m²,,,False, продажба,,2025-01-25 06:03:30.904297,https://www.homes.bg/api/offers??currencyId=1&filterOrderBy=0&locationId=0&typeId=LandAgro,2241,,1.0,[],земеделска земя
20109,la,https://homes.bg/offer/zemya-za-prodazhba/zemedelska-zemya-8000m2-vraca-iztochna-promishlena-zona/la20109,," Източна Промишлена Зона, Враца","Земеделска земя, 8000m²","Категория 9, Нива",1,['https://homes.bg/2018-07-09_2/26004040'],56000.0,ЛЕВА,7 ЛЕВА/m²,,,False, продажба,,2025-01-25 06:03:30.904316,https://www.homes.bg/api/offers??currencyId=1&filterOrderBy=0&locationId=0&typeId=LandAgro,2241,,1.0,[],земеделска земя
34221,la,https://homes.bg/offer/zemya-za-prodazhba/zemedelska-zemya-3750m2-vraca-kv.-studentski-grad/la34221,,"кв. Студентски Град, Враца","Земеделска земя, 3750m²","Категория 5, Ливада",1,['https://homes.bg/2024-06-05_1/109893896'],40000.0,ЛЕВА,10 ЛЕВА/m²,,,False, продажба,,2025-01-25 06:03:30.904329,https://www.homes.bg/api/offers??currencyId=1&filterOrderBy=0&locationId=0&typeId=LandAgro,2241,,1.0,[],земеделска земя
20104,la,https://homes.bg/offer/zemya-za-prodazhba/zemedelska-zemya-3601m2-vraca-iztochna-promishlena-zona/la20104,," Източна Промишлена Зона, Враца","Земеделска земя, 3601m²",,1,['https://homes.bg/2018-07-09_2/26003054'],28808.0,ЛЕВА,8 ЛЕВА/m²,,,False, продажба,,2025-01-25 06:03:30.904343,https://www.homes.bg/api/offers??currencyId=1&filterOrderBy=0&locationId=0&typeId=LandAgro,2241,,1.0,[],земеделска земя
20103,la,https://homes.bg/offer/zemya-za-prodazhba/zemedelska-zemya-3599m2-vraca-iztochna-promishlena-zona/la20103,," Източна Промишлена Зона, Враца","Земеделска земя, 3599m²","Категория 9, Нива",1,['https://homes.bg/2018-07-09_2/26002982'],28792.0,ЛЕВА,8 ЛЕВА/m²,,,False, продажба,,2025-01-25 06:03:30.904360,https://www.homes.bg/api/offers??currencyId=1&filterOrderBy=0&locationId=0&typeId=LandAgro,2241,,1.0,[],земеделска земя
20108,la,https://homes.bg/offer/zemya-za-prodazhba/zemedelska-zemya-3000m2-vraca-iztochna-promishlena-zona/la20108,," Източна Промишлена Зона, Враца","Земеделска земя, 3000m²",Нива,1,['https://homes.bg/2018-07-09_2/26003994'],21000.0,ЛЕВА,7 ЛЕВА/m²,,,False, продажба,,2025-01-25 06:03:30.904377,https://www.homes.bg/api/offers??currencyId=1&filterOrderBy=0&locationId=0&typeId=LandAgro,2241,,1.0,[],земеделска земя
21664,la,https://homes.bg/offer/zemya-za-prodazhba/zemedelska-zemya-3408m2-yambol-s.zavoj/la21664,,"с.Завой, Ямбол","Земеделска земя, 3408m²",,1,['https://homes.bg/2019-12-07_1/45874764'],22000.0,ЛЕВА,6 ЛЕВА/m²,,,False, продажба,,2025-01-25 06:03:30.904392,https://www.homes.bg/api/offers??currencyId=1&filterOrderBy=0&locationId=0&typeId=LandAgro,2241,,1.0,[],земеделска земя
34530,la,https://homes.bg/offer/zemya-za-prodazhba/zemedelska-zemya-10128m2-plovdiv-s.calapica/la34530,,"с.Цалапица, Пловдив","Земеделска земя, 10128m²","Категория 4, Нива",1,"['https://homes.bg/2024-10-23_2/111757918', 'https://homes.bg/2024-10-23_2/111757919', 'https://homes.bg/2024-10-23_2/111757920']",35000.0,EUR,3 EUR/m²,,,False, продажба,,2025-01-25 06:03:30.904409,https://www.homes.bg/api/offers??currencyId=1&filterOrderBy=0&locationId=0&typeId=LandAgro,2241,,3.0,[],земеделска земя
34164,la,https://homes.bg/offer/zemya-za-prodazhba/zemedelska-zemya-4000m2-plovdiv-s.pyrvenec/la34164,,"с.Първенец, Пловдив","Земеделска земя, 4000m²","Категория 4, Нива",1,['https://homes.bg/2024-10-23_2/111756254'],112000.0,EUR,28 EUR/m²,,,False, продажба,,2025-01-25 06:03:30.904423,https://www.homes.bg/api/offers??currencyId=1&filterOrderBy=0&locationId=0&typeId=LandAgro,2241,,1.0,[],земеделска земя
24144,la,https://homes.bg/offer/zemya-za-prodazhba/zemedelska-zemya-16500m2-burgas-gr.carevo/la24144,,"гр.Царево, Бургас","Земеделска земя, 16500m²",Друго,1,"['https://homes.bg/2022-10-14_1/89732483', 'https://homes.bg/2022-10-14_1/89732485', 'https://homes.bg/2022-10-14_1/89732487']",22000.0,EUR,1 EUR/m²,,,False, продажба,,2025-01-25 06:03:30.904436,https://www.homes.bg/api/offers??currencyId=1&filterOrderBy=0&locationId=0&typeId=LandAgro,2241,,3.0,[],земеделска земя
21004,la,https://homes.bg/offer/zemya-za-prodazhba/zemedelska-zemya-5500m2-burgas-s.bylgari/la21004,,"с.Българи, Бургас","Земеделска земя, 5500m²",Друго,1,['https://homes.bg/2019-05-09_1/37409050'],5300.0,EUR,0 EUR/m²,,,False, продажба,,2025-01-25 06:03:30.904451,https://www.homes.bg/api/offers??currencyId=1&filterOrderBy=0&locationId=0&typeId=LandAgro,2241,,1.0,[],земеделска земя
34523,la,https://homes.bg/offer/zemya-za-prodazhba/zemedelska-zemya-15767m2-dobrich-gr.balchik/la34523,,"гр.Балчик, Добрич","Земеделска земя, 15767m²","Категория 3, Нива",1,['https://homes.bg/2024-10-22_2/111730586'],63068.0,ЛЕВА,4 ЛЕВА/m²,,,False, продажба,,2025-01-25 06:03:30.904464,https://www.homes.bg/api/offers??currencyId=1&filterOrderBy=0&locationId=0&typeId=LandAgro,2241,,1.0,[],земеделска земя
34524,la,https://homes.bg/offer/zemya-za-prodazhba/zemedelska-zemya-3000m2-sofiya-lozen/la34524,," Лозен, София","Земеделска земя, 3000m²","Категория 3, Ливада",1,['https://homes.bg/2024-10-23_1/111741591'],300000.0,EUR,100 EUR/m²,,,False, продажба,,2025-01-25 06:03:30.904477,https://www.homes.bg/api/offers??currencyId=1&filterOrderBy=0&locationId=0&typeId=LandAgro,2241,,1.0,[],земеделска земя
34525,la,https://homes.bg/offer/zemya-za-prodazhba/zemedelska-zemya-701m2-blagoevgrad-pyrva-promishlena-zona/la34525,," Първа Промишлена Зона, Благоевград","Земеделска земя, 701m²",,1,"['https://homes.bg/2024-10-22_1/111725844', 'https://homes.bg/2024-10-22_1/111725845', 'https://homes.bg/2024-10-22_1/111725846', 'https://homes.bg/2024-10-22_1/111725847']",29000.0,EUR,41 EUR/m²,,,False, продажба,,2025-01-25 06:03:30.904499,https://www.homes.bg/api/offers??currencyId=1&filterOrderBy=0&locationId=0&typeId=LandAgro,2241,,4.0,[],земеделска земя
24510,la,https://homes.bg/offer/zemya-za-prodazhba/zemedelska-zemya-2999m2-plovdiv-s.brestovica/la24510,,"с.Брестовица, Пловдив","Земеделска земя, 2999m²",Нива,1,['https://homes.bg/2024-10-19_2/111694610'],16000.0,ЛЕВА,5 ЛЕВА/m²,,,False, продажба,,2025-01-25 06:03:30.904516,https://www.homes.bg/api/offers??currencyId=1&filterOrderBy=0&locationId=0&typeId=LandAgro,2241,,1.0,[],земеделска земя
34521,la,https://homes.bg/offer/zemya-za-prodazhba/zemedelska-zemya-7787m2-sofiya-bankya/la34521,," Банкя, София","Земеделска земя, 7787m²","Категория 4, Нива",1,['https://homes.bg/2024-10-19_2/111694285'],2024620.0,EUR,260 EUR/m²,,,False, продажба,,2025-01-25 06:03:30.904532,https://www.homes.bg/api/offers??currencyId=1&filterOrderBy=0&locationId=0&typeId=LandAgro,2241,,1.0,[],земеделска земя
34520,la,https://homes.bg/offer/zemya-za-prodazhba/zemedelska-zemya-11515m2-burgas-severna-promishlena-zona/la34520,," Северна Промишлена Зона, Бургас","Земеделска земя, 11515m²","Категория 10, Пасище",1,[],69100.0,EUR,6 EUR/m²,,,False, продажба,,2025-01-25 06:03:30.904545,https://www.homes.bg/api/offers??currencyId=1&filterOrderBy=0&locationId=0&typeId=LandAgro,2241,,0.0,[],земеделска земя
24806,la,https://homes.bg/offer/zemya-za-prodazhba/zemedelska-zemya-3875m2-varna-letishte/la24806,," Летище, Варна","Земеделска земя, 3875m²",Нива,1,['https://homes.bg/2024-10-18_2/111682550'],581250.0,EUR,150 EUR/m²,,,False, продажба,,2025-01-25 06:03:30.904560,https://www.homes.bg/api/offers??currencyId=1&filterOrderBy=0&locationId=0&typeId=LandAgro,2241,,1.0,[],земеделска земя
24099,la,https://homes.bg/offer/zemya-za-prodazhba/zemedelska-zemya-6021m2-sofijska-s.herakovo/la24099,,"с.Хераково, Софийска","Земеделска земя, 6021m²",Друго,1,"['https://homes.bg/2022-09-22_1/88885002', 'https://homes.bg/2022-09-22_1/88885004']",132462.0,EUR,22 EUR/m²,,,False, продажба,,2025-01-25 06:03:30.904574,https://www.homes.bg/api/offers??currencyId=1&filterOrderBy=0&locationId=0&typeId=LandAgro,2241,,2.0,[],земеделска земя
21693,la,https://homes.bg/offer/zemya-za-prodazhba/zemedelska-zemya-9000m2-sozopol-s.atiya/la21693,,"с.Атия, Созопол","Земеделска земя, 9000m²",Нива,1,['https://homes.bg/2021-06-23_2/68825898'],0.0,EUR,0 EUR/m²,,,False, продажба,,2025-01-25 06:03:30.904587,https://www.homes.bg/api/offers??currencyId=1&filterOrderBy=0&locationId=0&typeId=LandAgro,2241,,1.0,[],земеделска земя
22378,la,https://homes.bg/offer/zemya-za-prodazhba/zemedelska-zemya-6800m2-varna-letishte/la22378,," Летище, Варна","Земеделска земя, 6800m²","Категория 7, Нива",1,[],748000.0,EUR,110 EUR/m²,,,False, продажба,,2025-01-25 06:03:30.904600,https://www.homes.bg/api/offers??currencyId=1&filterOrderBy=0&locationId=0&typeId=LandAgro,2241,,0.0,[],земеделска земя
34296,la,https://homes.bg/offer/zemya-za-prodazhba/zemedelska-zemya-6000m2-aksakovo-s.oreshak/la34296,,"с.Орешак, Аксаково","Земеделска земя, 6000m²","Категория 10, Нива",1,[],60000.0,ЛЕВА,10 ЛЕВА/m²,,,False, продажба,,2025-01-25 06:03:30.904613,https://www.homes.bg/api/offers??currencyId=1&filterOrderBy=0&locationId=0&typeId=LandAgro,2241,,0.0,[],земеделска земя
25072,la,https://homes.bg/offer/zemya-za-prodazhba/zemedelska-zemya-7400m2-plovdiv-s.kostievo/la25072,,"с.Костиево, Пловдив","Земеделска земя, 7400m²","Категория 5, Нива",1,['https://homes.bg/2024-10-17_2/111675604'],23000.0,EUR,3 EUR/m²,,,False, продажба,,2025-01-25 06:03:30.904625,https://www.homes.bg/api/offers??currencyId=1&filterOrderBy=0&locationId=0&typeId=LandAgro,2241,,1.0,[],земеделска земя
26561,la,https://homes.bg/offer/zemya-za-prodazhba/zemedelska-zemya-3090m2-plovdiv-s.markovo/la26561,,"с.Марково, Пловдив","Земеделска земя, 3090m²","Категория 4, Нива",1,['https://homes.bg/2024-10-17_2/111675606'],61800.0,EUR,20 EUR/m²,,,False, продажба,,2025-01-25 06:03:30.904638,https://www.homes.bg/api/offers??currencyId=1&filterOrderBy=0&locationId=0&typeId=LandAgro,2241,,1.0,[],земеделска земя
25092,la,https://homes.bg/offer/zemya-za-prodazhba/zemedelska-zemya-4440m2-plovdiv-s.belashtica/la25092,,"с.Белащица, Пловдив","Земеделска земя, 4440m²","Категория 3, Нива",1,['https://homes.bg/2024-10-17_2/111675605'],111000.0,EUR,25 EUR/m²,,,False, продажба,,2025-01-25 06:03:30.904650,https://www.homes.bg/api/offers??currencyId=1&filterOrderBy=0&locationId=0&typeId=LandAgro,2241,,1.0,[],земеделска земя
11311,la,https://homes.bg/offer/zemya-za-prodazhba/zemedelska-zemya-10000m2-haskovo-iztochna-industrialna-zona/la11311,," Източна Индустриална Зона, Хасково","Земеделска земя, 10000m²",Нива,1,"['https://homes.bg/2013-07-11_1/124418', 'https://homes.bg/2013-07-11_1/124419']",0.0,ЛЕВА,0 ЛЕВА/m²,,,False, продажба,,2025-01-25 06:03:30.904660,https://www.homes.bg/api/offers??currencyId=1&filterOrderBy=0&locationId=0&typeId=LandAgro,2241,,2.0,[],земеделска земя
11794,la,https://homes.bg/offer/zemya-za-prodazhba/zemedelska-zemya-10000m2-haskovo-s.uzundzhovo/la11794,,"с.Узунджово, Хасково","Земеделска земя, 10000m²",Друго,1,[],0.0,EUR,0 EUR/m²,,,False, продажба,,2025-01-25 06:03:30.904669,https://www.homes.bg/api/offers??currencyId=1&filterOrderBy=0&locationId=0&typeId=LandAgro,2241,,0.0,[],земеделска земя
11312,la,https://homes.bg/offer/zemya-za-prodazhba/zemedelska-zemya-10000m2-haskovo-severna-industrialna-zona/la11312,," Северна Индустриална Зона, Хасково","Земеделска земя, 10000m²",Нива,1,[],0.0,EUR,0 EUR/m²,,,False, продажба,,2025-01-25 06:03:30.904679,https://www.homes.bg/api/offers??currencyId=1&filterOrderBy=0&locationId=0&typeId=LandAgro,2241,,0.0,[],земеделска земя
21669,la,https://homes.bg/offer/zemya-za-prodazhba/zemedelska-zemya-13100m2-yambol-s.tenevo/la21669,,"с.Тенево, Ямбол","Земеделска земя, 13100m²",,1,"['https://homes.bg/2019-12-10_1/46017962', 'https://homes.bg/2019-12-10_1/46017965', 'https://homes.bg/2019-12-10_1/46017967', 'https://homes.bg/2019-12-10_1/46017969']",156000.0,EUR,11 EUR/m²,,,False, продажба,,2025-01-25 06:03:30.904689,https://www.homes.bg/api/offers??currencyId=1&filterOrderBy=0&locationId=0&typeId=LandAgro,2241,,4.0,[],земеделска земя
24991,la,https://homes.bg/offer/zemya-za-prodazhba/zemedelska-zemya-4820m2-sliven-kv.-rechica/la24991,,"кв. Речица, Сливен","Земеделска земя, 4820m²",,1,['https://homes.bg/2023-06-28_1/101364902'],27000.0,ЛЕВА,5 ЛЕВА/m²,,,False, продажба,,2025-01-25 06:03:30.904700,https://www.homes.bg/api/offers??currencyId=1&filterOrderBy=0&locationId=0&typeId=LandAgro,2241,,1.0,[],земеделска земя
34516,la,https://homes.bg/offer/zemya-za-prodazhba/zemedelska-zemya-1610m2-plovdiv-s.skutare/la34516,,"с.Скутаре, Пловдив","Земеделска земя, 1610m²",Нива,1,"['https://homes.bg/2024-10-16_2/111654166', 'https://homes.bg/2024-10-16_2/111654167']",25000.0,EUR,15 EUR/m²,,,False, продажба,,2025-01-25 06:03:30.904709,https://www.homes.bg/api/offers??currencyId=1&filterOrderBy=0&locationId=0&typeId=LandAgro,2241,,2.0,[],земеделска земя
34515,la,https://homes.bg/offer/zemya-za-prodazhba/zemedelska-zemya-5926m2-plovdiv-s.kaloyanovo/la34515,,"с.Калояново, Пловдив","Земеделска земя, 5926m²","Категория 7, Нива",1,['https://homes.bg/2024-10-16_2/111654165'],33000.0,ЛЕВА,5 ЛЕВА/m²,,,False, продажба,,2025-01-25 06:03:30.904722,https://www.homes.bg/api/offers??currencyId=1&filterOrderBy=0&locationId=0&typeId=LandAgro,2241,,1.0,[],земеделска земя
34517,la,https://homes.bg/offer/zemya-za-prodazhba/zemedelska-zemya-5000m2-plovdiv-s.belashtica/la34517,,"с.Белащица, Пловдив","Земеделска земя, 5000m²",Нива,1,['https://homes.bg/2024-10-16_2/111654168'],140000.0,EUR,28 EUR/m²,,,False, продажба,,2025-01-25 06:03:30.904732,https://www.homes.bg/api/offers??currencyId=1&filterOrderBy=0&locationId=0&typeId=LandAgro,2241,,1.0,[],земеделска земя
34514,la,https://homes.bg/offer/zemya-za-prodazhba/zemedelska-zemya-5000m2-plovdiv-s.zlatitrap/la34514,,"с.Златитрап, Пловдив","Земеделска земя, 5000m²","Категория 4, Нива",1,['https://homes.bg/2024-10-16_2/111654164'],87000.0,EUR,17 EUR/m²,,,False, продажба,,2025-01-25 06:03:30.904741,https://www.homes.bg/api/offers??currencyId=1&filterOrderBy=0&locationId=0&typeId=LandAgro,2241,,1.0,[],земеделска земя
20503,la,https://homes.bg/offer/zemya-za-prodazhba/zemedelska-zemya-2628m2-plovdiv-s.yagodovo/la20503,,"с.Ягодово, Пловдив","Земеделска земя, 2628m²",Нива,1,"['https://homes.bg/2024-10-16_2/111654161', 'https://homes.bg/2024-10-16_2/111654162', 'https://homes.bg/2024-10-16_2/111654163']",118260.0,EUR,45 EUR/m²,,,False, продажба,,2025-01-25 06:03:30.904751,https://www.homes.bg/api/offers??currencyId=1&filterOrderBy=0&locationId=0&typeId=LandAgro,2241,,3.0,[],земеделска земя
20502,la,https://homes.bg/offer/zemya-za-prodazhba/zemedelska-zemya-2497m2-plovdiv-s.yagodovo/la20502,,"с.Ягодово, Пловдив","Земеделска земя, 2497m²",Нива,1,"['https://homes.bg/2024-10-16_2/111654155', 'https://homes.bg/2024-10-16_2/111654156', 'https://homes.bg/2024-10-16_2/111654157', 'https://homes.bg/2024-10-16_2/111654158', 'https://homes.bg/2024-10-16_2/111654159', 'https://homes.bg/2024-10-16_2/111654160']",199760.0,EUR,80 EUR/m²,,,False, продажба,,2025-01-25 06:03:30.904762,https://www.homes.bg/api/offers??currencyId=1&filterOrderBy=0&locationId=0&typeId=LandAgro,2241,,6.0,[],земеделска земя
18070,la,https://homes.bg/offer/zemya-za-prodazhba/zemedelska-zemya-120000m2-pernik-s.kralev-dol/la18070,,"с.Кралев дол, Перник","Земеделска земя, 120000m²","Категория 5, Нива",1,['https://homes.bg/2016-09-17_2/5732089'],0.0,EUR,0 EUR/m²,,,False, продажба,,2025-01-25 06:03:30.904771,https://www.homes.bg/api/offers??currencyId=1&filterOrderBy=0&locationId=0&typeId=LandAgro,2241,,1.0,[],земеделска земя
33887,la,https://homes.bg/offer/zemya-za-prodazhba/zemedelska-zemya-1984m2-burgas-s.bylgari/la33887,,"с.Българи, Бургас","Земеделска земя, 1984m²",Друго,1,"['https://homes.bg/2024-02-27_1/108543457', 'https://homes.bg/2024-02-27_1/108543458', 'https://homes.bg/2024-02-27_1/108543459', 'https://homes.bg/2024-02-27_1/108543460', 'https://homes.bg/2024-02-27_1/108543461']",11500.0,EUR,5 EUR/m²,,,False, продажба,,2025-01-25 06:03:30.904782,https://www.homes.bg/api/offers??currencyId=1&filterOrderBy=0&locationId=0&typeId=LandAgro,2241,,5.0,[],земеделска земя
24651,la,https://homes.bg/offer/zemya-za-prodazhba/zemedelska-zemya-6248m2-burgas-gr.carevo/la24651,,"гр.Царево, Бургас","Земеделска земя, 6248m²",Друго,1,"['https://homes.bg/2023-03-28_1/96922428', 'https://homes.bg/2023-03-28_1/96922430', 'https://homes.bg/2023-03-28_1/96922433', 'https://homes.bg/2023-03-28_1/96922435', 'https://homes.bg/2023-03-28_1/96922437', 'https://homes.bg/2023-03-28_1/96922439', 'https://homes.bg/2023-03-28_1/96922441']",187715.0,EUR,30 EUR/m²,,,False, продажба,,2025-01-25 06:03:30.904792,https://www.homes.bg/api/offers??currencyId=1&filterOrderBy=0&locationId=0&typeId=LandAgro,2241,,7.0,[],земеделска земя
20692,la,https://homes.bg/offer/zemya-za-prodazhba/zemedelska-zemya-3115m2-blagoevgrad-s.delvino/la20692,,"с.Делвино, Благоевград","Земеделска земя, 3115m²","Категория 9, Нива",1,"['https://homes.bg/2019-01-21_2/33368988', 'https://homes.bg/2019-01-21_2/33368992', 'https://homes.bg/2019-01-21_2/33368995', 'https://homes.bg/2019-01-21_2/33368999', 'https://homes.bg/2019-01-21_2/33369002', 'https://homes.bg/2019-01-21_2/33369005', 'https://homes.bg/2019-01-21_2/33369010', 'https://homes.bg/2019-01-21_2/33369015', 'https://homes.bg/2019-01-21_2/33369019', 'https://homes.bg/2019-01-21_2/33369022']",18900.0,EUR,6 EUR/m²,,,False, продажба,,2025-01-25 06:03:30.904803,https://www.homes.bg/api/offers??currencyId=1&filterOrderBy=0&locationId=0&typeId=LandAgro,2241,,10.0,[],земеделска земя
19700,la,https://homes.bg/offer/zemya-za-prodazhba/zemedelska-zemya-5783m2-blagoevgrad-s.bylgarchevo/la19700,,"с.Българчево, Благоевград","Земеделска земя, 5783m²","Категория 5, Нива",1,"['https://homes.bg/2018-03-02_2/21479551', 'https://homes.bg/2018-03-02_2/21479552', 'https://homes.bg/2018-03-02_2/21479553', 'https://homes.bg/2018-03-02_2/21479554', 'https://homes.bg/2018-03-02_2/21479555', 'https://homes.bg/2018-03-02_2/21479557', 'https://homes.bg/2018-03-02_2/21479559', 'https://homes.bg/2018-03-02_2/21479561', 'https://homes.bg/2018-03-02_2/21479563', 'https://homes.bg/2018-03-02_2/21479564']",44350.0,EUR,7 EUR/m²,,,False, продажба,,2025-01-25 06:03:30.904814,https://www.homes.bg/api/offers??currencyId=1&filterOrderBy=0&locationId=0&typeId=LandAgro,2241,,10.0,[],земеделска земя
24613,la,https://homes.bg/offer/zemya-za-prodazhba/zemedelska-zemya-5600m2-kocherinovo-s.barakovo/la24613,,"с.Бараково, Koчериново","Земеделска земя, 5600m²","Категория 5, Нива",1,"['https://homes.bg/2023-03-16_1/96322213', 'https://homes.bg/2023-03-16_1/96322214', 'https://homes.bg/2023-03-16_1/96322215', 'https://homes.bg/2023-03-16_1/96322216', 'https://homes.bg/2023-03-16_1/96322217', 'https://homes.bg/2023-03-16_1/96322218', 'https://homes.bg/2023-03-16_1/96322219']",336000.0,EUR,60 EUR/m²,,,False, продажба,,2025-01-25 06:03:30.904825,https://www.homes.bg/api/offers??currencyId=1&filterOrderBy=0&locationId=0&typeId=LandAgro,2241,,7.0,[],земеделска земя
20884,la,https://homes.bg/offer/zemya-za-prodazhba/zemedelska-zemya-1210m2-blagoevgrad-s.logodazh/la20884,,"с.Логодаж, Благоевград","Земеделска земя, 1210m²","Категория 4, Овощна градина",1,"['https://homes.bg/2019-03-25_2/35677770', 'https://homes.bg/2019-03-25_2/35677776', 'https://homes.bg/2019-03-25_2/35677782', 'https://homes.bg/2019-03-25_2/35677788', 'https://homes.bg/2019-03-25_2/35677794', 'https://homes.bg/2019-03-25_2/35677798', 'https://homes.bg/2019-03-25_2/35677802']",17900.0,EUR,14 EUR/m²,,,False, продажба,,2025-01-25 06:03:30.904836,https://www.homes.bg/api/offers??currencyId=1&filterOrderBy=0&locationId=0&typeId=LandAgro,2241,,7.0,[],земеделска земя
33511,la,https://homes.bg/offer/zemya-za-prodazhba/zemedelska-zemya-4879m2-blagoevgrad-pyrva-promishlena-zona/la33511,," Първа Промишлена Зона, Благоевград","Земеделска земя, 4879m²","Категория 5, Нива",1,"['https://homes.bg/2023-10-28_2/106487012', 'https://homes.bg/2023-10-28_2/106487013', 'https://homes.bg/2023-10-28_2/106487014', 'https://homes.bg/2023-10-28_2/106487015', 'https://homes.bg/2023-10-28_2/106487016', 'https://homes.bg/2023-10-28_2/106487017', 'https://homes.bg/2023-10-28_2/106487018', 'https://homes.bg/2023-10-28_2/106487019', 'https://homes.bg/2023-10-28_2/106487020']",75000.0,ЛЕВА,15 ЛЕВА/m²,,,False, продажба,,2025-01-25 06:03:30.904849,https://www.homes.bg/api/offers??currencyId=1&filterOrderBy=0&locationId=0&typeId=LandAgro,2241,,9.0,[],земеделска земя
33512,la,https://homes.bg/offer/zemya-za-prodazhba/zemedelska-zemya-2685m2-blagoevgrad-s.rilci/la33512,,"с.Рилци, Благоевград","Земеделска земя, 2685m²","Категория 9, Лозе",1,"['https://homes.bg/2023-10-28_2/106487021', 'https://homes.bg/2023-10-28_2/106487022', 'https://homes.bg/2023-10-28_2/106487023', 'https://homes.bg/2023-10-28_2/106487024', 'https://homes.bg/2023-10-28_2/106487025', 'https://homes.bg/2023-10-28_2/106487026', 'https://homes.bg/2023-10-28_2/106487027', 'https://homes.bg/2023-10-28_2/106487028', 'https://homes.bg/2023-10-28_2/106487029', 'https://homes.bg/2023-10-28_2/106487030']",67000.0,ЛЕВА,24 ЛЕВА/m²,,,False, продажба,,2025-01-25 06:03:30.904863,https://www.homes.bg/api/offers??currencyId=1&filterOrderBy=0&locationId=0&typeId=LandAgro,2241,,10.0,[],земеделска земя
19228,la,https://homes.bg/offer/zemya-za-prodazhba/zemedelska-zemya-5000m2-petrich-s.marikostinovo/la19228,,"с.Марикостиново, Петрич","Земеделска земя, 5000m²",Нива,1,"['https://homes.bg/2017-10-03_2/17074803', 'https://homes.bg/2017-10-03_2/17074804', 'https://homes.bg/2017-10-03_2/17074806', 'https://homes.bg/2017-10-03_2/17074807', 'https://homes.bg/2017-10-03_2/17074808', 'https://homes.bg/2017-10-03_2/17074809', 'https://homes.bg/2017-10-03_2/17074810', 'https://homes.bg/2017-10-03_2/17074812', 'https://homes.bg/2017-10-03_2/17074813', 'https://homes.bg/2017-10-03_2/17074814']",5000.0,EUR,1 EUR/m²,,,False, продажба,,2025-01-25 06:03:30.904874,https://www.homes.bg/api/offers??currencyId=1&filterOrderBy=0&locationId=0&typeId=LandAgro,2241,,10.0,[],земеделска земя
24870,la,https://homes.bg/offer/zemya-za-prodazhba/zemedelska-zemya-33190m2-burgas-s.bata/la24870,,"с.Бата, Бургас","Земеделска земя, 33190m²",Друго,1,['https://homes.bg/2023-06-03_1/100164501'],51000.0,EUR,1 EUR/m²,,,False, продажба,,2025-01-25 06:03:30.904884,https://www.homes.bg/api/offers??currencyId=1&filterOrderBy=0&locationId=0&typeId=LandAgro,2241,,1.0,[],земеделска земя
34506,la,https://homes.bg/offer/zemya-za-prodazhba/zemedelska-zemya-30000m2-pazardzhik-s.gelemenovo/la34506,,"с.Гелеменово, Пазарджик","Земеделска земя, 30000m²",Друго,1,"['https://homes.bg/2024-10-08_1/111539666', 'https://homes.bg/2024-10-08_1/111539667', 'https://homes.bg/2024-10-08_1/111539668']",240000.0,EUR,8 EUR/m²,,,False, продажба,,2025-01-25 06:03:30.904894,https://www.homes.bg/api/offers??currencyId=1&filterOrderBy=0&locationId=0&typeId=LandAgro,2241,,3.0,[],земеделска земя
24964,la,https://homes.bg/offer/zemya-za-prodazhba/zemedelska-zemya-2340m2-sliven-kv.-rechica/la24964,,"кв. Речица, Сливен","Земеделска земя, 2340m²",,1,['https://homes.bg/2023-06-24_1/101173371'],30000.0,ЛЕВА,12 ЛЕВА/m²,,,False, продажба,,2025-01-25 06:03:30.904903,https://www.homes.bg/api/offers??currencyId=1&filterOrderBy=0&locationId=0&typeId=LandAgro,2241,,1.0,[],земеделска земя
34512,la,https://homes.bg/offer/zemya-za-prodazhba/zemedelska-zemya-15996m2-varna-gr.byala/la34512,,"гр.Бяла, Варна","Земеделска земя, 15996m²",Нива,1,"['https://homes.bg/2024-10-12_2/111608166', 'https://homes.bg/2024-10-12_2/111608167']",48000.0,EUR,3 EUR/m²,,,False, продажба,,2025-01-25 06:03:30.904927,https://www.homes.bg/api/offers??currencyId=1&filterOrderBy=0&locationId=0&typeId=LandAgro,2241,,2.0,[],земеделска земя
24248,la,https://homes.bg/offer/zemya-za-prodazhba/zemedelska-zemya-2700m2-plovdiv-s.caracovo/la24248,,"с.Царацово, Пловдив","Земеделска земя, 2700m²",,1,['https://homes.bg/2022-11-22_1/91624636'],26000.0,EUR,9 EUR/m²,,,False, продажба,,2025-01-25 06:03:30.904938,https://www.homes.bg/api/offers??currencyId=1&filterOrderBy=0&locationId=0&typeId=LandAgro,2241,,1.0,[],земеделска земя
23920,la,https://homes.bg/offer/zemya-za-prodazhba/zemedelska-zemya-2701m2-plovdiv-s.caracovo/la23920,,"с.Царацово, Пловдив","Земеделска земя, 2701m²",,1,['https://homes.bg/2022-07-21_1/86340173'],26000.0,EUR,9 EUR/m²,,,False, продажба,,2025-01-25 06:03:30.904947,https://www.homes.bg/api/offers??currencyId=1&filterOrderBy=0&locationId=0&typeId=LandAgro,2241,,1.0,[],земеделска земя
25119,la,https://homes.bg/offer/zemya-za-prodazhba/zemedelska-zemya-11421m2-sofijska-gr.koprivshtica/la25119,,"гр.Копривщица, Софийска","Земеделска земя, 11421m²",Ливада,1,['https://homes.bg/2024-10-11_2/111596635'],6500.0,EUR,0 EUR/m²,,,False, продажба,,2025-01-25 06:03:30.904956,https://www.homes.bg/api/offers??currencyId=1&filterOrderBy=0&locationId=0&typeId=LandAgro,2241,,1.0,[],земеделска земя
22592,la,https://homes.bg/offer/zemya-za-prodazhba/zemedelska-zemya-1347m2-pernik-s.ljulin/la22592,,"с.Люлин, Перник","Земеделска земя, 1347m²",Ливада,1,[],11000.0,ЛЕВА,8 ЛЕВА/m²,,,False, продажба,,2025-01-25 06:03:30.904966,https://www.homes.bg/api/offers??currencyId=1&filterOrderBy=0&locationId=0&typeId=LandAgro,2241,,0.0,[],земеделска земя
22595,la,https://homes.bg/offer/zemya-za-prodazhba/zemedelska-zemya-1603m2-pernik-s.ljulin/la22595,,"с.Люлин, Перник","Земеделска земя, 1603m²","Категория 4, Ливада",1,[],13000.0,ЛЕВА,8 ЛЕВА/m²,,,False, продажба,,2025-01-25 06:03:30.904975,https://www.homes.bg/api/offers??currencyId=1&filterOrderBy=0&locationId=0&typeId=LandAgro,2241,,0.0,[],земеделска земя
20263,la,https://homes.bg/offer/zemya-za-prodazhba/zemedelska-zemya-572m2-sofiya-zhk.-ljulin-5/la20263,,"жк. Люлин 5, София","Земеделска земя, 572m²",Нива,1,['https://homes.bg/2024-10-11_2/111596634'],6000.0,EUR,10 EUR/m²,,,False, продажба,,2025-01-25 06:03:30.904984,https://www.homes.bg/api/offers??currencyId=1&filterOrderBy=0&locationId=0&typeId=LandAgro,2241,,1.0,[],земеделска земя
21735,la,https://homes.bg/offer/zemya-za-prodazhba/zemedelska-zemya-11182m2-veliko-tyrnovo-s.balvan/la21735,,"с.Балван, Велико Търново","Земеделска земя, 11182m²",,1,"['https://homes.bg/2020-01-10_1/47041446', 'https://homes.bg/2020-01-10_1/47041447']",78274.0,EUR,7 EUR/m²,,,False, продажба,,2025-01-25 06:03:30.904994,https://www.homes.bg/api/offers??currencyId=1&filterOrderBy=0&locationId=0&typeId=LandAgro,2241,,2.0,[],земеделска земя
34074,la,https://homes.bg/offer/zemya-za-prodazhba/zemedelska-zemya-9001m2-sliven-s.mechkarevo/la34074,,"с.Мечкарево, Сливен","Земеделска земя, 9001m²",,1,"['https://homes.bg/2024-04-19_1/109325927', 'https://homes.bg/2024-04-19_1/109325928']",29000.0,ЛЕВА,3 ЛЕВА/m²,,,False, продажба,,2025-01-25 06:03:30.905005,https://www.homes.bg/api/offers??currencyId=1&filterOrderBy=0&locationId=0&typeId=LandAgro,2241,,2.0,[],земеделска земя
34240,la,https://homes.bg/offer/zemya-za-prodazhba/zemedelska-zemya-4330m2-plovdiv-s.vojvodinovo/la34240,,"с.Войводиново, Пловдив","Земеделска земя, 4330m²",Нива,1,"['https://homes.bg/2024-10-10_2/111574088', 'https://homes.bg/2024-10-10_2/111574089']",116910.0,EUR,27 EUR/m²,,,False, продажба,,2025-01-25 06:03:30.905017,https://www.homes.bg/api/offers??currencyId=1&filterOrderBy=0&locationId=0&typeId=LandAgro,2241,,2.0,[],земеделска земя
22633,la,https://homes.bg/offer/zemya-za-prodazhba/zemedelska-zemya-1869m2-asenovgrad-gr.asenovgrad/la22633,,"гр.Асеновград, Асеновград","Земеделска земя, 1869m²","Категория 9, Нива",1,['https://homes.bg/2021-01-25_2/58869921'],74760.0,EUR,40 EUR/m²,,,False, продажба,,2025-01-25 06:03:30.905029,https://www.homes.bg/api/offers??currencyId=1&filterOrderBy=0&locationId=0&typeId=LandAgro,2241,,1.0,[],земеделска земя
34511,la,https://homes.bg/offer/zemya-za-prodazhba/zemedelska-zemya-1873m2-asenovgrad-gr.asenovgrad/la34511,,"гр.Асеновград, Асеновград","Земеделска земя, 1873m²","Категория 9, Овощна градина",1,"['https://homes.bg/2024-10-10_2/111571518', 'https://homes.bg/2024-10-10_2/111571519']",22000.0,ЛЕВА,11 ЛЕВА/m²,,,False, продажба,,2025-01-25 06:03:30.905038,https://www.homes.bg/api/offers??currencyId=1&filterOrderBy=0&locationId=0&typeId=LandAgro,2241,,2.0,[],земеделска земя
23468,la,https://homes.bg/offer/zemya-za-prodazhba/zemedelska-zemya-11342m2-plovdiv-s.brestnik/la23468,,"с.Брестник, Пловдив","Земеделска земя, 11342m²","Категория 3, Нива",1,"['https://homes.bg/2024-10-09_2/111558987', 'https://homes.bg/2024-10-09_2/111558988', 'https://homes.bg/2024-10-09_2/111558989', 'https://homes.bg/2024-10-09_2/111558990', 'https://homes.bg/2024-10-09_2/111558991', 'https://homes.bg/2024-10-09_2/111558992', 'https://homes.bg/2024-10-09_2/111558993', 'https://homes.bg/2024-10-09_2/111558994', 'https://homes.bg/2024-10-09_2/111558995', 'https://homes.bg/2024-10-09_2/111558996']",294892.0,EUR,26 EUR/m²,,,False, продажба,,2025-01-25 06:03:30.905050,https://www.homes.bg/api/offers??currencyId=1&filterOrderBy=0&locationId=0&typeId=LandAgro,2241,,10.0,[],земеделска земя
34504,la,https://homes.bg/offer/zemya-za-prodazhba/zemedelska-zemya-21000m2-plovdiv-s.yagodovo/la34504,,"с.Ягодово, Пловдив","Земеделска земя, 21000m²","Категория 4, Нива",1,"['https://homes.bg/2024-10-08_2/111552437', 'https://homes.bg/2024-10-08_2/111552438']",90000.0,EUR,4 EUR/m²,,,False, продажба,,2025-01-25 06:03:30.905064,https://www.homes.bg/api/offers??currencyId=1&filterOrderBy=0&locationId=0&typeId=LandAgro,2241,,2.0,[],земеделска земя
34459,la,https://homes.bg/offer/zemya-za-prodazhba/zemedelska-zemya-2362m2-sofiya---grad-s.zheleznica/la34459,,"с.Железница, София - град","Земеделска земя, 2362m²",Друго,1,"['https://homes.bg/2024-09-17_1/111263967', 'https://homes.bg/2024-09-17_1/111263968', 'https://homes.bg/2024-09-17_1/111263969']",188960.0,EUR,80 EUR/m²,,,False, продажба,,2025-01-25 06:03:30.905074,https://www.homes.bg/api/offers??currencyId=1&filterOrderBy=0&locationId=0&typeId=LandAgro,2241,,3.0,[],земеделска земя
34502,la,https://homes.bg/offer/zemya-za-prodazhba/zemedelska-zemya-1800m2-dupnica-s.krajnici/la34502,,"с.Крайници, Дупница","Земеделска земя, 1800m²","Категория 7, Нива",1,"['https://homes.bg/2024-10-04_1/111494327', 'https://homes.bg/2024-10-04_1/111494328', 'https://homes.bg/2024-10-04_1/111494329', 'https://homes.bg/2024-10-04_1/111494330']",36000.0,ЛЕВА,20 ЛЕВА/m²,,,False, продажба,,2025-01-25 06:03:33.701104,https://www.homes.bg/api/offers??currencyId=1&filterOrderBy=0&locationId=0&typeId=LandAgro,2241,,4.0,[],земеделска земя
34496,la,https://homes.bg/offer/zemya-za-prodazhba/zemedelska-zemya-5499m2-varna-gr.byala/la34496,,"гр.Бяла, Варна","Земеделска земя, 5499m²","Категория 4, Нива",1,"['https://homes.bg/2024-10-04_2/111498057', 'https://homes.bg/2024-10-04_2/111498058']",49500.0,EUR,9 EUR/m²,,,False, продажба,,2025-01-25 06:03:33.701180,https://www.homes.bg/api/offers??currencyId=1&filterOrderBy=0&locationId=0&typeId=LandAgro,2241,,2.0,[],земеделска земя
34278,la,https://homes.bg/offer/zemya-za-prodazhba/zemedelska-zemya-1209m2-varna-gr.byala/la34278,,"гр.Бяла, Варна","Земеделска земя, 1209m²",Нива,1,"['https://homes.bg/2024-10-03_2/111481327', 'https://homes.bg/2024-10-03_2/111481328', 'https://homes.bg/2024-10-03_2/111481329']",36300.0,EUR,30 EUR/m²,,,False, продажба,,2025-01-25 06:03:33.701202,https://www.homes.bg/api/offers??currencyId=1&filterOrderBy=0&locationId=0&typeId=LandAgro,2241,,3.0,[],земеделска земя
34277,la,https://homes.bg/offer/zemya-za-prodazhba/zemedelska-zemya-3000m2-varna-gr.byala/la34277,,"гр.Бяла, Варна","Земеделска земя, 3000m²","Категория 5, Нива",1,"['https://homes.bg/2024-10-03_2/111481325', 'https://homes.bg/2024-10-03_2/111481326']",16000.0,EUR,5 EUR/m²,,,False, продажба,,2025-01-25 06:03:33.701219,https://www.homes.bg/api/offers??currencyId=1&filterOrderBy=0&locationId=0&typeId=LandAgro,2241,,2.0,[],земеделска земя
34279,la,https://homes.bg/offer/zemya-za-prodazhba/zemedelska-zemya-5103m2-varna-s.gorica/la34279,,"с.Горица, Варна","Земеделска земя, 5103m²","Категория 5, Нива",1,"['https://homes.bg/2024-10-03_2/111481332', 'https://homes.bg/2024-10-03_2/111481333']",21000.0,EUR,4 EUR/m²,,,False, продажба,,2025-01-25 06:03:33.701234,https://www.homes.bg/api/offers??currencyId=1&filterOrderBy=0&locationId=0&typeId=LandAgro,2241,,2.0,[],земеделска земя
24007,la,https://homes.bg/offer/zemya-za-prodazhba/zemedelska-zemya-1607m2-sofiya-zhk.-obelya-2/la24007,,"жк. Обеля 2, София","Земеделска земя, 1607m²","Категория 4, Нива",1,['https://homes.bg/2022-08-23_2/87785569'],44990.0,EUR,27 EUR/m²,,,False, продажба,,2025-01-25 06:03:33.701249,https://www.homes.bg/api/offers??currencyId=1&filterOrderBy=0&locationId=0&typeId=LandAgro,2241,,1.0,[],земеделска земя
25166,la,https://homes.bg/offer/zemya-za-prodazhba/zemedelska-zemya-6000m2-dylgopol-gr.dylgopol/la25166,,"гр.Дългопол, Дългопол","Земеделска земя, 6000m²","Категория 3, Нива",1,[],18000.0,ЛЕВА,3 ЛЕВА/m²,,,False, продажба,,2025-01-25 06:03:33.701263,https://www.homes.bg/api/offers??currencyId=1&filterOrderBy=0&locationId=0&typeId=LandAgro,2241,,0.0,[],земеделска земя
33487,la,https://homes.bg/offer/zemya-za-prodazhba/zemedelska-zemya-1300m2-sofiya---grad-s.gorni-bogrov/la33487,,"с.Горни Богров, София - град","Земеделска земя, 1300m²",,1,"['https://homes.bg/2023-10-20_1/106028199', 'https://homes.bg/2023-10-20_1/106028201']",71500.0,EUR,55 EUR/m²,,,False, продажба,,2025-01-25 06:03:33.701276,https://www.homes.bg/api/offers??currencyId=1&filterOrderBy=0&locationId=0&typeId=LandAgro,2241,,2.0,[],земеделска земя
26583,la,https://homes.bg/offer/zemya-za-prodazhba/zemedelska-zemya-2430m2-plovdiv-s.markovo/la26583,,"с.Марково, Пловдив","Земеделска земя, 2430m²","Категория 5, Нива",1,"['https://homes.bg/2024-10-02_2/111466959', 'https://homes.bg/2024-10-02_2/111466960']",97200.0,EUR,40 EUR/m²,,,False, продажба,,2025-01-25 06:03:33.701290,https://www.homes.bg/api/offers??currencyId=1&filterOrderBy=0&locationId=0&typeId=LandAgro,2241,,2.0,[],земеделска земя
34249,la,https://homes.bg/offer/zemya-za-prodazhba/zemedelska-zemya-1400m2-blagoevgrad-/la34249,,", Благоевград","Земеделска земя, 1400m²",Друго,1,"['https://homes.bg/2024-06-20_1/110088457', 'https://homes.bg/2024-06-20_1/110088458', 'https://homes.bg/2024-06-20_1/110088459', 'https://homes.bg/2024-06-20_1/110088460']",42000.0,EUR,30 EUR/m²,,,False, продажба,,2025-01-25 06:03:33.701306,https://www.homes.bg/api/offers??currencyId=1&filterOrderBy=0&locationId=0&typeId=LandAgro,2241,,4.0,[],земеделска земя
34250,la,https://homes.bg/offer/zemya-za-prodazhba/zemedelska-zemya-600m2-blagoevgrad-s.rilci/la34250,,"с.Рилци, Благоевград","Земеделска земя, 600m²",Друго,1,"['https://homes.bg/2024-06-20_1/110088461', 'https://homes.bg/2024-06-20_1/110088462', 'https://homes.bg/2024-06-20_1/110088463', 'https://homes.bg/2024-06-20_1/110088464', 'https://homes.bg/2024-06-20_1/110088465', 'https://homes.bg/2024-06-20_1/110088466', 'https://homes.bg/2024-06-20_1/110088467']",14000.0,EUR,23 EUR/m²,,,False, продажба,,2025-01-25 06:03:33.701323,https://www.homes.bg/api/offers??currencyId=1&filterOrderBy=0&locationId=0&typeId=LandAgro,2241,,7.0,[],земеделска земя
34251,la,https://homes.bg/offer/zemya-za-prodazhba/zemedelska-zemya-400m2-blagoevgrad-zhk.-balarbashi/la34251,,"жк. Баларбаши, Благоевград","Земеделска земя, 400m²",Друго,1,"['https://homes.bg/2024-06-20_1/110088468', 'https://homes.bg/2024-06-20_1/110088469', 'https://homes.bg/2024-06-20_1/110088470', 'https://homes.bg/2024-06-20_1/110088471', 'https://homes.bg/2024-06-20_1/110088472', 'https://homes.bg/2024-06-20_1/110088473', 'https://homes.bg/2024-06-20_1/110088474', 'https://homes.bg/2024-06-20_1/110088475', 'https://homes.bg/2024-06-20_1/110088476', 'https://homes.bg/2024-06-20_1/110088477']",8165.0,EUR,20 EUR/m²,,,False, продажба,,2025-01-25 06:03:33.701353,https://www.homes.bg/api/offers??currencyId=1&filterOrderBy=0&locationId=0&typeId=LandAgro,2241,,10.0,[],земеделска земя
34642,la,https://homes.bg/offer/zemya-za-prodazhba/zemedelska-zemya-6400m2-varna-s.topoli/la34642,,"с.Тополи, Варна","Земеделска земя, 6400m²",Друго,1,"['https://homes.bg/2024-11-30_1/112265991', 'https://homes.bg/2024-11-30_1/112265992', 'https://homes.bg/2024-11-30_1/112265993', 'https://homes.bg/2024-11-30_1/112265994']",0.0,EUR,0 EUR/m²,,,False, продажба,,2025-01-25 06:03:33.701368,https://www.homes.bg/api/offers??currencyId=1&filterOrderBy=0&locationId=0&typeId=LandAgro,2241,,4.0,[],земеделска земя
34482,la,https://homes.bg/offer/zemya-za-prodazhba/zemedelska-zemya-1362m2-devin-gr.devin/la34482,,"гр.Девин, Девин","Земеделска земя, 1362m²","Категория 8, Нива",1,[],10000.0,ЛЕВА,7 ЛЕВА/m²,,,False, продажба,,2025-01-25 06:03:33.701380,https://www.homes.bg/api/offers??currencyId=1&filterOrderBy=0&locationId=0&typeId=LandAgro,2241,,0.0,[],земеделска земя
24660,la,https://homes.bg/offer/zemya-za-prodazhba/zemedelska-zemya-4940m2-plovdiv-industrialna-zona---jug/la24660,," Индустриална зона - Юг, Пловдив","Земеделска земя, 4940m²",Друго,1,"['https://homes.bg/2023-03-31_1/97046405', 'https://homes.bg/2023-03-31_1/97046406']",0.0,EUR,0 EUR/m²,,,False, продажба,,2025-01-25 06:03:33.701396,https://www.homes.bg/api/offers??currencyId=1&filterOrderBy=0&locationId=0&typeId=LandAgro,2241,,2.0,[],земеделска земя
21256,la,https://homes.bg/offer/zemya-za-prodazhba/zemedelska-zemya-38110m2-plovdiv-s.katunica/la21256,,"с.Катуница, Пловдив","Земеделска земя, 38110m²",Овощна градина,1,"['https://homes.bg/2024-10-01_2/111449980', 'https://homes.bg/2024-10-01_2/111449981', 'https://homes.bg/2024-10-01_2/111449982']",250000.0,ЛЕВА,6 ЛЕВА/m²,,,False, продажба,,2025-01-25 06:03:33.701409,https://www.homes.bg/api/offers??currencyId=1&filterOrderBy=0&locationId=0&typeId=LandAgro,2241,,3.0,[],земеделска земя
22800,la,https://homes.bg/offer/zemya-za-prodazhba/zemedelska-zemya-12001m2-tundzha-s.tenevo/la22800,,"с.Тенево, Тунджа","Земеделска земя, 12001m²","Категория 3, Нива",1,['https://homes.bg/2021-03-26_2/62222246'],85000.0,EUR,7 EUR/m²,,,False, продажба,,2025-01-25 06:03:33.701422,https://www.homes.bg/api/offers??currencyId=1&filterOrderBy=0&locationId=0&typeId=LandAgro,2241,,1.0,[],земеделска земя
34152,la,https://homes.bg/offer/zemya-za-prodazhba/zemedelska-zemya-23513m2-yambol-s.tyrnava/la34152,,"с.Търнава, Ямбол","Земеделска земя, 23513m²",,1,['https://homes.bg/2024-05-22_1/109723228'],205000.0,ЛЕВА,8 ЛЕВА/m²,,,False, продажба,,2025-01-25 06:03:33.701434,https://www.homes.bg/api/offers??currencyId=1&filterOrderBy=0&locationId=0&typeId=LandAgro,2241,,1.0,[],земеделска земя
24372,la,https://homes.bg/offer/zemya-za-prodazhba/zemedelska-zemya-35907m2-burgas-sarafovo/la24372,," Сарафово, Бургас","Земеделска земя, 35907m²",,1,['https://homes.bg/2023-01-06_1/93466282'],323163.0,EUR,9 EUR/m²,,,False, продажба,,2025-01-25 06:03:33.701446,https://www.homes.bg/api/offers??currencyId=1&filterOrderBy=0&locationId=0&typeId=LandAgro,2241,,1.0,[],земеделска земя
33949,la,https://homes.bg/offer/zemya-za-prodazhba/zemedelska-zemya-3135m2-burgas-gr.chernomorec/la33949,,"гр.Черноморец, Бургас","Земеделска земя, 3135m²",,1,['https://homes.bg/2024-03-13_1/108762758'],78375.0,EUR,25 EUR/m²,,,False, продажба,,2025-01-25 06:03:33.701459,https://www.homes.bg/api/offers??currencyId=1&filterOrderBy=0&locationId=0&typeId=LandAgro,2241,,1.0,[],земеделска земя
34009,la,https://homes.bg/offer/zemya-za-prodazhba/zemedelska-zemya-95784m2-burgas-s.dryankovec/la34009,,"с.Дрянковец, Бургас","Земеделска земя, 95784m²",,1,"['https://homes.bg/2024-04-05_1/109115834', 'https://homes.bg/2024-04-05_1/109115835', 'https://homes.bg/2024-04-05_1/109115836']",310800.0,ЛЕВА,3 ЛЕВА/m²,,,False, продажба,,2025-01-25 06:03:33.701476,https://www.homes.bg/api/offers??currencyId=1&filterOrderBy=0&locationId=0&typeId=LandAgro,2241,,3.0,[],земеделска земя
34080,la,https://homes.bg/offer/zemya-za-prodazhba/zemedelska-zemya-27294m2-burgas-sarafovo/la34080,," Сарафово, Бургас","Земеделска земя, 27294m²",,1,['https://homes.bg/2024-04-23_1/109372617'],339000.0,EUR,12 EUR/m²,,,False, продажба,,2025-01-25 06:03:33.701489,https://www.homes.bg/api/offers??currencyId=1&filterOrderBy=0&locationId=0&typeId=LandAgro,2241,,1.0,[],земеделска земя
33701,la,https://homes.bg/offer/zemya-za-prodazhba/zemedelska-zemya-6200m2-burgas-gr.chernomorec/la33701,,"гр.Черноморец, Бургас","Земеделска земя, 6200m²",,1,['https://homes.bg/2024-01-05_1/107766801'],159000.0,EUR,25 EUR/m²,,,False, продажба,,2025-01-25 06:03:33.701501,https://www.homes.bg/api/offers??currencyId=1&filterOrderBy=0&locationId=0&typeId=LandAgro,2241,,1.0,[],земеделска земя
33901,la,https://homes.bg/offer/zemya-za-prodazhba/zemedelska-zemya-5358m2-burgas-s.ravda/la33901,,"с.Равда, Бургас","Земеделска земя, 5358m²",,1,['https://homes.bg/2024-02-27_1/108542825'],241110.0,EUR,45 EUR/m²,,,False, продажба,,2025-01-25 06:03:33.701513,https://www.homes.bg/api/offers??currencyId=1&filterOrderBy=0&locationId=0&typeId=LandAgro,2241,,1.0,[],земеделска земя
24387,la,https://homes.bg/offer/zemya-za-prodazhba/zemedelska-zemya-3000m2-sofijska-s.herakovo/la24387,,"с.Хераково, Софийска","Земеделска земя, 3000m²",,1,['https://homes.bg/2023-01-14_1/93915219'],90000.0,EUR,30 EUR/m²,,,False, продажба,,2025-01-25 06:03:33.701526,https://www.homes.bg/api/offers??currencyId=1&filterOrderBy=0&locationId=0&typeId=LandAgro,2241,,1.0,[],земеделска земя
25700,la,https://homes.bg/offer/zemya-za-prodazhba/zemedelska-zemya-5000m2-batak-gr.batak/la25700,,"гр.Батак, Батак","Земеделска земя, 5000m²","Категория 4, Ливада",1,"['https://homes.bg/2023-09-21_2/104726360', 'https://homes.bg/2023-09-21_2/104726361', 'https://homes.bg/2023-09-21_2/104726362', 'https://homes.bg/2023-09-21_2/104726363', 'https://homes.bg/2023-09-21_2/104726364', 'https://homes.bg/2023-09-21_2/104726365']",80000.0,EUR,16 EUR/m²,,,False, продажба,,2025-01-25 06:03:33.701543,https://www.homes.bg/api/offers??currencyId=1&filterOrderBy=0&locationId=0&typeId=LandAgro,2241,,6.0,[],земеделска земя
24075,la,https://homes.bg/offer/zemya-za-prodazhba/zemedelska-zemya-13091m2-pyrvomaj-gr.pyrvomaj/la24075,,"гр.Първомай, Първомай","Земеделска земя, 13091m²","Категория 5, Гора",1,[],19000.0,ЛЕВА,1 ЛЕВА/m²,,,False, продажба,,2025-01-25 06:03:33.701555,https://www.homes.bg/api/offers??currencyId=1&filterOrderBy=0&locationId=0&typeId=LandAgro,2241,,0.0,[],земеделска земя
22281,la,https://homes.bg/offer/zemya-za-prodazhba/zemedelska-zemya-2904m2-batak-gr.batak/la22281,,"гр.Батак, Батак","Земеделска земя, 2904m²","Категория 7, Ливада",1,"['https://homes.bg/2020-08-10_2/53512218', 'https://homes.bg/2020-08-10_2/53512220']",130680.0,ЛЕВА,45 ЛЕВА/m²,,,False, продажба,,2025-01-25 06:03:33.701567,https://www.homes.bg/api/offers??currencyId=1&filterOrderBy=0&locationId=0&typeId=LandAgro,2241,,2.0,[],земеделска земя
22282,la,https://homes.bg/offer/zemya-za-prodazhba/zemedelska-zemya-4423m2-batak-gr.batak/la22282,,"гр.Батак, Батак","Земеделска земя, 4423m²","Категория 7, Ливада",1,"['https://homes.bg/2020-08-10_2/53512254', 'https://homes.bg/2020-08-10_2/53512256', 'https://homes.bg/2020-08-10_2/53512258']",199035.0,ЛЕВА,45 ЛЕВА/m²,,,False, продажба,,2025-01-25 06:03:33.701581,https://www.homes.bg/api/offers??currencyId=1&filterOrderBy=0&locationId=0&typeId=LandAgro,2241,,3.0,[],земеделска земя
22543,la,https://homes.bg/offer/zemya-za-prodazhba/zemedelska-zemya-3538m2-batak-gr.batak/la22543,,"гр.Батак, Батак","Земеделска земя, 3538m²","Категория 8, Ливада",1,[],36500.0,ЛЕВА,10 ЛЕВА/m²,,,False, продажба,,2025-01-25 06:03:33.701592,https://www.homes.bg/api/offers??currencyId=1&filterOrderBy=0&locationId=0&typeId=LandAgro,2241,,0.0,[],земеделска земя
24795,la,https://homes.bg/offer/zemya-za-prodazhba/zemedelska-zemya-71682m2-marica-s.trud/la24795,,"с.Труд, Марица","Земеделска земя, 71682m²","Категория 6, Друго",1,[],1290276.0,ЛЕВА,18 ЛЕВА/m²,,,False, продажба,,2025-01-25 06:03:33.701604,https://www.homes.bg/api/offers??currencyId=1&filterOrderBy=0&locationId=0&typeId=LandAgro,2241,,0.0,[],земеделска земя
34290,la,https://homes.bg/offer/zemya-za-prodazhba/zemedelska-zemya-9885m2-stara-zagora-s.bogomilovo/la34290,,"с.Богомилово, Стара Загора","Земеделска земя, 9885m²",,1,['https://homes.bg/2024-07-09_1/110343939'],17000.0,EUR,1 EUR/m²,,,False, продажба,,2025-01-25 06:03:33.701617,https://www.homes.bg/api/offers??currencyId=1&filterOrderBy=0&locationId=0&typeId=LandAgro,2241,,1.0,[],земеделска земя
34333,la,https://homes.bg/offer/zemya-za-prodazhba/zemedelska-zemya-10734m2-plovdiv-gr.sadovo/la34333,,"гр.Садово, Пловдив","Земеделска земя, 10734m²","Категория 4, Нива",1,"['https://homes.bg/2024-09-28_2/111415625', 'https://homes.bg/2024-09-28_2/111415626', 'https://homes.bg/2024-09-28_2/111415627']",60000.0,EUR,5 EUR/m²,,,False, продажба,,2025-01-25 06:03:33.701630,https://www.homes.bg/api/offers??currencyId=1&filterOrderBy=0&locationId=0&typeId=LandAgro,2241,,3.0,[],земеделска земя
24344,la,https://homes.bg/offer/zemya-za-prodazhba/zemedelska-zemya-2506m2-plovdiv-s.brestovica/la24344,,"с.Брестовица, Пловдив","Земеделска земя, 2506m²","Категория 5, Нива",1,"['https://homes.bg/2024-09-28_2/111415622', 'https://homes.bg/2024-09-28_2/111415623', 'https://homes.bg/2024-09-28_2/111415624']",112770.0,EUR,45 EUR/m²,,,False, продажба,,2025-01-25 06:03:33.701646,https://www.homes.bg/api/offers??currencyId=1&filterOrderBy=0&locationId=0&typeId=LandAgro,2241,,3.0,[],земеделска земя
25193,la,https://homes.bg/offer/zemya-za-prodazhba/zemedelska-zemya-10000m2-burgas-gr.kableshkovo/la25193,,"гр.Каблешково, Бургас","Земеделска земя, 10000m²",Друго,1,"['https://homes.bg/2023-09-02_1/103984726', 'https://homes.bg/2023-09-02_1/103984727', 'https://homes.bg/2023-09-02_1/103984728', 'https://homes.bg/2023-09-02_1/103984729']",31000.0,EUR,3 EUR/m²,,,False, продажба,,2025-01-25 06:03:33.701660,https://www.homes.bg/api/offers??currencyId=1&filterOrderBy=0&locationId=0&typeId=LandAgro,2241,,4.0,[],земеделска земя
25246,la,https://homes.bg/offer/zemya-za-prodazhba/zemedelska-zemya-6000m2-burgas-gr.pomorie/la25246,,"гр.Поморие, Бургас","Земеделска земя, 6000m²",Друго,1,"['https://homes.bg/2023-09-13_1/104383435', 'https://homes.bg/2023-09-13_1/104383436', 'https://homes.bg/2023-09-13_1/104383437']",16000.0,EUR,2 EUR/m²,,,False, продажба,,2025-01-25 06:03:33.701673,https://www.homes.bg/api/offers??currencyId=1&filterOrderBy=0&locationId=0&typeId=LandAgro,2241,,3.0,[],земеделска земя
33611,la,https://homes.bg/offer/zemya-za-prodazhba/zemedelska-zemya-3003m2-blagoevgrad-pyrva-promishlena-zona/la33611,," Първа Промишлена Зона, Благоевград","Земеделска земя, 3003m²","Категория 5, Нива",1,"['https://homes.bg/2023-11-27_2/107428484', 'https://homes.bg/2023-11-27_2/107428485', 'https://homes.bg/2023-11-27_2/107428482']",108900.0,EUR,36 EUR/m²,,,False, продажба,,2025-01-25 06:03:33.701688,https://www.homes.bg/api/offers??currencyId=1&filterOrderBy=0&locationId=0&typeId=LandAgro,2241,,3.0,[],земеделска земя
22497,la,https://homes.bg/offer/zemya-za-prodazhba/zemedelska-zemya-47000m2-plovdiv-s.rozino/la22497,,"с.Розино, Пловдив","Земеделска земя, 47000m²",Друго,1,['https://homes.bg/2020-11-13_1/56391956'],70000.0,EUR,1 EUR/m²,,,False, продажба,,2025-01-25 06:03:33.701701,https://www.homes.bg/api/offers??currencyId=1&filterOrderBy=0&locationId=0&typeId=LandAgro,2241,,1.0,[],земеделска земя
25178,la,https://homes.bg/offer/zemya-za-prodazhba/zemedelska-zemya-3670m2-burgas-burgas/la25178,,"Бургас, Бургас","Земеделска земя, 3670m²",,1,"['https://homes.bg/2023-08-30_1/103854094', 'https://homes.bg/2023-08-30_1/103854096']",55050.0,EUR,15 EUR/m²,,,False, продажба,,2025-01-25 06:03:33.701720,https://www.homes.bg/api/offers??currencyId=1&filterOrderBy=0&locationId=0&typeId=LandAgro,2241,,2.0,[],земеделска земя
22792,la,https://homes.bg/offer/zemya-za-prodazhba/zemedelska-zemya-2000m2-kyrdzhali-s.opylchensko/la22792,,"с.Опълченско, Кърджали","Земеделска земя, 2000m²","Категория 9, Гора",1,['https://homes.bg/2021-03-22_2/62021709'],40000.0,ЛЕВА,20 ЛЕВА/m²,,,False, продажба,,2025-01-25 06:03:33.701736,https://www.homes.bg/api/offers??currencyId=1&filterOrderBy=0&locationId=0&typeId=LandAgro,2241,,1.0,[],земеделска земя
22761,la,https://homes.bg/offer/zemya-za-prodazhba/zemedelska-zemya-3237m2-kyrdzhali-s.dyzhdino/la22761,,"с.Дъждино, Кърджали","Земеделска земя, 3237m²","Категория 8, Нива",1,"['https://homes.bg/2021-11-23_2/77197745', 'https://homes.bg/2021-11-23_2/77197746', 'https://homes.bg/2021-11-23_2/77197747']",129480.0,ЛЕВА,40 ЛЕВА/m²,,,False, продажба,,2025-01-25 06:03:33.701752,https://www.homes.bg/api/offers??currencyId=1&filterOrderBy=0&locationId=0&typeId=LandAgro,2241,,3.0,[],земеделска земя
22762,la,https://homes.bg/offer/zemya-za-prodazhba/zemedelska-zemya-3000m2-kyrdzhali-s.pepelishte/la22762,,"с.Пепелище, Кърджали","Земеделска земя, 3000m²","Категория 7, Нива",1,"['https://homes.bg/2021-11-23_2/77197735', 'https://homes.bg/2021-11-23_2/77197736', 'https://homes.bg/2021-11-23_2/77197737']",90000.0,ЛЕВА,30 ЛЕВА/m²,,,False, продажба,,2025-01-25 06:03:33.701768,https://www.homes.bg/api/offers??currencyId=1&filterOrderBy=0&locationId=0&typeId=LandAgro,2241,,3.0,[],земеделска земя
34475,la,https://homes.bg/offer/zemya-za-prodazhba/zemedelska-zemya-1516m2-kyrdzhali-s.opylchensko/la34475,,"с.Опълченско, Кърджали","Земеделска земя, 1516m²","Категория 9, Нива",1,['https://homes.bg/2024-09-26_2/111383783'],32000.0,ЛЕВА,21 ЛЕВА/m²,,,False, продажба,,2025-01-25 06:03:33.701781,https://www.homes.bg/api/offers??currencyId=1&filterOrderBy=0&locationId=0&typeId=LandAgro,2241,,1.0,[],земеделска земя
34337,la,https://homes.bg/offer/zemya-za-prodazhba/zemedelska-zemya-5300m2-varna-gr.byala/la34337,,"гр.Бяла, Варна","Земеделска земя, 5300m²","Категория 4, Нива",1,"['https://homes.bg/2024-09-25_2/111369887', 'https://homes.bg/2024-09-25_2/111369888']",32000.0,ЛЕВА,6 ЛЕВА/m²,,,False, продажба,,2025-01-25 06:03:33.701796,https://www.homes.bg/api/offers??currencyId=1&filterOrderBy=0&locationId=0&typeId=LandAgro,2241,,2.0,[],земеделска земя
34408,la,https://homes.bg/offer/zemya-za-prodazhba/zemedelska-zemya-1999m2-plovdiv-s.krasnovo/la34408,,"с.Красново, Пловдив","Земеделска земя, 1999m²",,1,['https://homes.bg/2024-08-27_1/111003277'],19990.0,EUR,10 EUR/m²,,,False, продажба,,2025-01-25 06:03:33.701813,https://www.homes.bg/api/offers??currencyId=1&filterOrderBy=0&locationId=0&typeId=LandAgro,2241,,1.0,[],земеделска земя
34690,la,https://homes.bg/offer/zemya-za-prodazhba/zemedelska-zemya-4500m2-sofijska-s.stolnik/la34690,,"с.Столник, Софийска","Земеделска земя, 4500m²",Друго,1,['https://homes.bg/2024-12-10_1/112382240'],54000.0,EUR,12 EUR/m²,,,False, продажба,,2025-01-25 06:03:33.701827,https://www.homes.bg/api/offers??currencyId=1&filterOrderBy=0&locationId=0&typeId=LandAgro,2241,,1.0,[],земеделска земя
34457,la,https://homes.bg/offer/zemya-za-prodazhba/zemedelska-zemya-1228m2-sofiya---grad-s.zheleznica/la34457,,"с.Железница, София - град","Земеделска земя, 1228m²",Друго,1,['https://homes.bg/2024-09-17_1/111263965'],98240.0,EUR,80 EUR/m²,,,False, продажба,,2025-01-25 06:03:33.701839,https://www.homes.bg/api/offers??currencyId=1&filterOrderBy=0&locationId=0&typeId=LandAgro,2241,,1.0,[],земеделска земя
24983,la,https://homes.bg/offer/zemya-za-prodazhba/zemedelska-zemya-5000m2-pomorie-s.aheloj/la24983,,"с.Ахелой, Поморие","Земеделска земя, 5000m²","Категория 3, Нива",1,"['https://homes.bg/2023-06-27_2/101325485', 'https://homes.bg/2023-06-27_2/101325486', 'https://homes.bg/2023-06-27_2/101325487']",100000.0,EUR,20 EUR/m²,,,False, продажба,,2025-01-25 06:03:33.701861,https://www.homes.bg/api/offers??currencyId=1&filterOrderBy=0&locationId=0&typeId=LandAgro,2241,,3.0,[],земеделска земя
34452,la,https://homes.bg/offer/zemya-za-prodazhba/zemedelska-zemya-82000m2-varna-s.junec/la34452,,"с.Юнец, Варна","Земеделска земя, 82000m²",Нива,1,"['https://homes.bg/2024-09-20_2/111317375', 'https://homes.bg/2024-09-20_2/111317376', 'https://homes.bg/2024-09-20_2/111317377', 'https://homes.bg/2024-09-20_2/111317378']",656000.0,EUR,8 EUR/m²,,,False, продажба,,2025-01-25 06:03:33.701873,https://www.homes.bg/api/offers??currencyId=1&filterOrderBy=0&locationId=0&typeId=LandAgro,2241,,4.0,[],земеделска земя
34434,la,https://homes.bg/offer/zemya-za-prodazhba/zemedelska-zemya-3202m2-plovdiv-zhk.-hristo-smirnenski/la34434,,"жк. Христо Смирненски, Пловдив","Земеделска земя, 3202m²",Нива,1,"['https://homes.bg/2024-09-20_2/111317229', 'https://homes.bg/2024-09-20_2/111317230']",192120.0,EUR,60 EUR/m²,,,False, продажба,,2025-01-25 06:03:33.701886,https://www.homes.bg/api/offers??currencyId=1&filterOrderBy=0&locationId=0&typeId=LandAgro,2241,,2.0,[],земеделска земя
34028,la,https://homes.bg/offer/zemya-za-prodazhba/zemedelska-zemya-2250m2-sofijska-s.ravno-pole/la34028,,"с.Равно Поле, Софийска","Земеделска земя, 2250m²",Друго,1,['https://homes.bg/2024-04-12_1/109227407'],59000.0,EUR,26 EUR/m²,,,False, продажба,,2025-01-25 06:03:33.701900,https://www.homes.bg/api/offers??currencyId=1&filterOrderBy=0&locationId=0&typeId=LandAgro,2241,,1.0,[],земеделска земя
34409,la,https://homes.bg/offer/zemya-za-prodazhba/zemedelska-zemya-11537m2-plovdiv-s.krasnovo/la34409,,"с.Красново, Пловдив","Земеделска земя, 11537m²",,1,['https://homes.bg/2024-08-27_1/111003278'],80759.0,EUR,7 EUR/m²,,,False, продажба,,2025-01-25 06:03:33.701926,https://www.homes.bg/api/offers??currencyId=1&filterOrderBy=0&locationId=0&typeId=LandAgro,2241,,1.0,[],земеделска земя
34402,la,https://homes.bg/offer/zemya-za-prodazhba/zemedelska-zemya-1000m2-blagoevgrad-s.pokrovnik/la34402,,"с.Покровник, Благоевград","Земеделска земя, 1000m²",,1,['https://homes.bg/2024-08-24_1/110973558'],15500.0,EUR,15 EUR/m²,,,False, продажба,,2025-01-25 06:03:33.701938,https://www.homes.bg/api/offers??currencyId=1&filterOrderBy=0&locationId=0&typeId=LandAgro,2241,,1.0,[],земеделска земя
34415,la,https://homes.bg/offer/zemya-za-prodazhba/zemedelska-zemya-10000m2-plovdiv-s.yagodovo/la34415,,"с.Ягодово, Пловдив","Земеделска земя, 10000m²",Нива,1,['https://homes.bg/2024-09-19_2/111302652'],120000.0,EUR,12 EUR/m²,,,False, продажба,,2025-01-25 06:03:33.701951,https://www.homes.bg/api/offers??currencyId=1&filterOrderBy=0&locationId=0&typeId=LandAgro,2241,,1.0,[],земеделска земя
34176,la,https://homes.bg/offer/zemya-za-prodazhba/zemedelska-zemya-8000m2-haskovo-severna-industrialna-zona/la34176,," Северна Индустриална Зона, Хасково","Земеделска земя, 8000m²",,1,['https://homes.bg/2024-06-04_1/109875848'],136000.0,EUR,17 EUR/m²,,,False, продажба,,2025-01-25 06:03:33.701961,https://www.homes.bg/api/offers??currencyId=1&filterOrderBy=0&locationId=0&typeId=LandAgro,2241,,1.0,[],земеделска земя
33783,la,https://homes.bg/offer/zemya-za-prodazhba/zemedelska-zemya-8498m2-plovdiv-s.caracovo/la33783,,"с.Царацово, Пловдив","Земеделска земя, 8498m²","Категория 5, Нива",1,['https://homes.bg/2024-09-17_2/111267165'],101976.0,EUR,12 EUR/m²,,,False, продажба,,2025-01-25 06:03:33.701971,https://www.homes.bg/api/offers??currencyId=1&filterOrderBy=0&locationId=0&typeId=LandAgro,2241,,1.0,[],земеделска земя
23259,la,https://homes.bg/offer/zemya-za-prodazhba/zemedelska-zemya-22475m2-plovdiv-s.caracovo/la23259,,"с.Царацово, Пловдив","Земеделска земя, 22475m²",Нива,1,"['https://homes.bg/2024-09-17_2/111267161', 'https://homes.bg/2024-09-17_2/111267162', 'https://homes.bg/2024-09-17_2/111267163', 'https://homes.bg/2024-09-17_2/111267164']",269700.0,EUR,12 EUR/m²,,,False, продажба,,2025-01-25 06:03:33.701985,https://www.homes.bg/api/offers??currencyId=1&filterOrderBy=0&locationId=0&typeId=LandAgro,2241,,4.0,[],земеделска земя
34460,la,https://homes.bg/offer/zemya-za-prodazhba/zemedelska-zemya-1092m2-marica-s.trud/la34460,,"с.Труд, Марица","Земеделска земя, 1092m²","Категория 5, Нива",1,[],37500.0,ЛЕВА,34 ЛЕВА/m²,,,False, продажба,,2025-01-25 06:03:33.701995,https://www.homes.bg/api/offers??currencyId=1&filterOrderBy=0&locationId=0&typeId=LandAgro,2241,,0.0,[],земеделска земя
34248,la,https://homes.bg/offer/zemya-za-prodazhba/zemedelska-zemya-1030m2-plovdiv-gr.asenovgrad/la34248,,"гр.Асеновград, Пловдив","Земеделска земя, 1030m²",,1,['https://homes.bg/2024-06-20_1/110087816'],36000.0,EUR,34 EUR/m²,,,False, продажба,,2025-01-25 06:03:33.702005,https://www.homes.bg/api/offers??currencyId=1&filterOrderBy=0&locationId=0&typeId=LandAgro,2241,,1.0,[],земеделска земя
25048,la,https://homes.bg/offer/zemya-za-prodazhba/zemedelska-zemya-330m2-blagoevgrad-zhk.-balarbashi/la25048,,"жк. Баларбаши, Благоевград","Земеделска земя, 330m²","Категория 9, Лозе",1,"['https://homes.bg/2023-07-14_2/102154900', 'https://homes.bg/2023-07-14_2/102154901', 'https://homes.bg/2023-07-14_2/102154902', 'https://homes.bg/2023-07-14_2/102154903', 'https://homes.bg/2024-09-16_2/111253138']",8200.0,ЛЕВА,24 ЛЕВА/m²,,,False, продажба,,2025-01-25 06:03:33.702016,https://www.homes.bg/api/offers??currencyId=1&filterOrderBy=0&locationId=0&typeId=LandAgro,2241,,5.0,[],земеделска земя
34453,la,https://homes.bg/offer/zemya-za-prodazhba/zemedelska-zemya-9154m2-pazardzhik-s.zvynichevo/la34453,,"с.Звъничево, Пазарджик","Земеделска земя, 9154m²","Категория 5, Нива",1,"['https://homes.bg/2024-09-16_1/111252404', 'https://homes.bg/2024-09-16_1/111252405']",0.0,EUR,0 EUR/m²,,,False, продажба,,2025-01-25 06:03:33.702027,https://www.homes.bg/api/offers??currencyId=1&filterOrderBy=0&locationId=0&typeId=LandAgro,2241,,2.0,[],земеделска земя
25179,la,https://homes.bg/offer/zemya-za-prodazhba/zemedelska-zemya-1318m2-burgas-s.aheloj/la25179,,"с.Ахелой, Бургас","Земеделска земя, 1318m²",Друго,1,"['https://homes.bg/2023-08-30_1/103856801', 'https://homes.bg/2023-08-30_1/103856802', 'https://homes.bg/2023-08-30_1/103856803', 'https://homes.bg/2023-08-30_1/103856804']",23725.0,EUR,18 EUR/m²,,,False, продажба,,2025-01-25 06:03:33.702037,https://www.homes.bg/api/offers??currencyId=1&filterOrderBy=0&locationId=0&typeId=LandAgro,2241,,4.0,[],земеделска земя
34447,la,https://homes.bg/offer/zemya-za-prodazhba/zemedelska-zemya-1180m2-varna-m-t-perchemliya/la34447,,"м-т Перчемлия, Варна","Земеделска земя, 1180m²",Нива,1,"['https://homes.bg/2024-09-14_2/111238264', 'https://homes.bg/2024-09-14_2/111238265']",109990.0,EUR,93 EUR/m²,,,False, продажба,,2025-01-25 06:03:33.702046,https://www.homes.bg/api/offers??currencyId=1&filterOrderBy=0&locationId=0&typeId=LandAgro,2241,,2.0,[],земеделска земя
25259,la,https://homes.bg/offer/zemya-za-prodazhba/zemedelska-zemya-17997m2-sofiya-kv.-boyana/la25259,,"кв. Бояна, София","Земеделска земя, 17997m²",Нива,1,['https://homes.bg/2024-09-14_2/111241662'],240000.0,EUR,13 EUR/m²,,,False, продажба,,2025-01-25 06:03:33.702056,https://www.homes.bg/api/offers??currencyId=1&filterOrderBy=0&locationId=0&typeId=LandAgro,2241,,1.0,[],земеделска земя
34414,la,https://homes.bg/offer/zemya-za-prodazhba/zemedelska-zemya-11247m2-plovdiv-s.krumovo/la34414,,"с.Крумово, Пловдив","Земеделска земя, 11247m²",Нива,1,['https://homes.bg/2024-09-13_2/111226405'],134970.0,EUR,12 EUR/m²,,,False, продажба,,2025-01-25 06:03:33.702066,https://www.homes.bg/api/offers??currencyId=1&filterOrderBy=0&locationId=0&typeId=LandAgro,2241,,1.0,[],земеделска земя
21542,la,https://homes.bg/offer/zemya-za-prodazhba/zemedelska-zemya-20000m2-burgas-banevo/la21542,," Банево, Бургас","Земеделска земя, 20000m²","Категория 9, Лозе",1,"['https://homes.bg/2024-09-13_2/111227004', 'https://homes.bg/2024-09-13_2/111227005', 'https://homes.bg/2024-09-13_2/111227006', 'https://homes.bg/2024-09-13_2/111227007', 'https://homes.bg/2024-09-13_2/111227008']",200000.0,EUR,10 EUR/m²,,,False, продажба,,2025-01-25 06:03:33.702077,https://www.homes.bg/api/offers??currencyId=1&filterOrderBy=0&locationId=0&typeId=LandAgro,2241,,5.0,[],земеделска земя
24753,la,https://homes.bg/offer/zemya-za-prodazhba/zemedelska-zemya-6391m2-asenovgrad-gr.asenovgrad/la24753,,"гр.Асеновград, Асеновград","Земеделска земя, 6391m²","Категория 4, Нива",1,"['https://homes.bg/2023-05-04_1/98599568', 'https://homes.bg/2024-01-03_1/107736141']",14000.0,ЛЕВА,2 ЛЕВА/m²,,,False, продажба,,2025-01-25 06:03:33.702089,https://www.homes.bg/api/offers??currencyId=1&filterOrderBy=0&locationId=0&typeId=LandAgro,2241,,2.0,[],земеделска земя
34451,la,https://homes.bg/offer/zemya-za-prodazhba/zemedelska-zemya-4402m2-pomorie-gr.kableshkovo/la34451,,"гр.Каблешково, Поморие","Земеделска земя, 4402m²","Категория 10, Пасище",1,[],11000.0,ЛЕВА,2 ЛЕВА/m²,,,False, продажба,,2025-01-25 06:03:33.702098,https://www.homes.bg/api/offers??currencyId=1&filterOrderBy=0&locationId=0&typeId=LandAgro,2241,,0.0,[],земеделска земя
33954,la,https://homes.bg/offer/zemya-za-prodazhba/zemedelska-zemya-26958m2-plovdiv-s.calapica/la33954,,"с.Цалапица, Пловдив","Земеделска земя, 26958m²",,1,['https://homes.bg/2024-03-14_1/108779936'],340000.0,EUR,12 EUR/m²,,,False, продажба,,2025-01-25 06:03:33.702108,https://www.homes.bg/api/offers??currencyId=1&filterOrderBy=0&locationId=0&typeId=LandAgro,2241,,1.0,[],земеделска земя
34448,la,https://homes.bg/offer/zemya-za-prodazhba/zemedelska-zemya-3055m2-sofijska-s.prolesha/la34448,,"с.Пролеша, Софийска","Земеделска земя, 3055m²",,1,['https://homes.bg/2024-09-13_1/111221997'],122200.0,EUR,40 EUR/m²,,,False, продажба,,2025-01-25 06:03:33.702117,https://www.homes.bg/api/offers??currencyId=1&filterOrderBy=0&locationId=0&typeId=LandAgro,2241,,1.0,[],земеделска земя
34449,la,https://homes.bg/offer/zemya-za-prodazhba/zemedelska-zemya-1595m2-sofijska-s.herakovo/la34449,,"с.Хераково, Софийска","Земеделска земя, 1595m²",,1,['https://homes.bg/2024-09-13_1/111222007'],63800.0,EUR,40 EUR/m²,,,False, продажба,,2025-01-25 06:03:33.702127,https://www.homes.bg/api/offers??currencyId=1&filterOrderBy=0&locationId=0&typeId=LandAgro,2241,,1.0,[],земеделска земя
34435,la,https://homes.bg/offer/zemya-za-prodazhba/zemedelska-zemya-1040m2-plovdiv-s.bojkovo/la34435,,"с.Бойково, Пловдив","Земеделска земя, 1040m²",Нива,1,['https://homes.bg/2024-09-11_2/111185403'],31200.0,EUR,30 EUR/m²,,,False, продажба,,2025-01-25 06:03:33.702136,https://www.homes.bg/api/offers??currencyId=1&filterOrderBy=0&locationId=0&typeId=LandAgro,2241,,1.0,[],земеделска земя
34428,la,https://homes.bg/offer/zemya-za-prodazhba/zemedelska-zemya-6911m2-sofijska-s.petyrch/la34428,,"с.Петърч, Софийска","Земеделска земя, 6911m²","Категория 4, Нива",1,"['https://homes.bg/2024-09-12_1/111200988', 'https://homes.bg/2024-09-12_1/111200989']",56000.0,EUR,8 EUR/m²,,,False, продажба,,2025-01-25 06:03:33.702146,https://www.homes.bg/api/offers??currencyId=1&filterOrderBy=0&locationId=0&typeId=LandAgro,2241,,2.0,[],земеделска земя
34439,la,https://homes.bg/offer/zemya-za-prodazhba/zemedelska-zemya-5300m2-plovdiv-industrialna-zona---iztok/la34439,," Индустриална зона - Изток, Пловдив","Земеделска земя, 5300m²",,1,"['https://homes.bg/2024-09-11_1/111180172', 'https://homes.bg/2024-09-11_1/111180173', 'https://homes.bg/2024-09-11_1/111180174']",132500.0,EUR,25 EUR/m²,,,False, продажба,,2025-01-25 06:03:33.702156,https://www.homes.bg/api/offers??currencyId=1&filterOrderBy=0&locationId=0&typeId=LandAgro,2241,,3.0,[],земеделска земя
33750,la,https://homes.bg/offer/zemya-za-prodazhba/zemedelska-zemya-3004m2-blagoevgrad-pyrva-promishlena-zona/la33750,," Първа Промишлена Зона, Благоевград","Земеделска земя, 3004m²",,1,['https://homes.bg/2024-01-16_1/107919578'],92000.0,ЛЕВА,30 ЛЕВА/m²,,,False, продажба,,2025-01-25 06:03:33.702167,https://www.homes.bg/api/offers??currencyId=1&filterOrderBy=0&locationId=0&typeId=LandAgro,2241,,1.0,[],земеделска земя
34405,la,https://homes.bg/offer/zemya-za-prodazhba/zemedelska-zemya-3413m2-plovdiv-s.benkovski/la34405,,"с.Бенковски, Пловдив","Земеделска земя, 3413m²",,1,"['https://homes.bg/2024-08-27_1/111003183', 'https://homes.bg/2024-08-27_1/111003184']",85000.0,EUR,24 EUR/m²,,,False, продажба,,2025-01-25 06:03:33.702177,https://www.homes.bg/api/offers??currencyId=1&filterOrderBy=0&locationId=0&typeId=LandAgro,2241,,2.0,[],земеделска земя
34427,la,https://homes.bg/offer/zemya-za-prodazhba/zemedelska-zemya-4862m2-plovdiv-gr.asenovgrad/la34427,,"гр.Асеновград, Пловдив","Земеделска земя, 4862m²",Нива,1,['https://homes.bg/2024-09-07_2/111147892'],121550.0,EUR,25 EUR/m²,,,False, продажба,,2025-01-25 06:03:33.702188,https://www.homes.bg/api/offers??currencyId=1&filterOrderBy=0&locationId=0&typeId=LandAgro,2241,,1.0,[],земеделска земя
34102,la,https://homes.bg/offer/zemya-za-prodazhba/zemedelska-zemya-4102m2-pernik-s.drugan/la34102,,"с.Друган, Перник","Земеделска земя, 4102m²",Друго,1,"['https://homes.bg/2024-05-02_1/109489645', 'https://homes.bg/2024-05-02_1/109489646', 'https://homes.bg/2024-05-02_1/109489647', 'https://homes.bg/2024-05-02_1/109489648', 'https://homes.bg/2024-05-02_1/109489649', 'https://homes.bg/2024-05-02_1/109489650', 'https://homes.bg/2024-05-02_1/109489651']",12200.0,EUR,2 EUR/m²,,,False, продажба,,2025-01-25 06:03:33.702199,https://www.homes.bg/api/offers??currencyId=1&filterOrderBy=0&locationId=0&typeId=LandAgro,2241,,7.0,[],земеделска земя
34424,la,https://homes.bg/offer/zemya-za-prodazhba/zemedelska-zemya-2000m2-stara-zagora-s.ostra-mogila/la34424,,"с.Остра Могила, Стара Загора","Земеделска земя, 2000m²","Категория 10, Нива",1,['https://homes.bg/2024-09-04_2/111112216'],0.0,EUR,0 EUR/m²,,,False, продажба,,2025-01-25 06:03:33.702209,https://www.homes.bg/api/offers??currencyId=1&filterOrderBy=0&locationId=0&typeId=LandAgro,2241,,1.0,[],земеделска земя
34422,la,https://homes.bg/offer/zemya-za-prodazhba/zemedelska-zemya-5376m2-varna-s.zvezdica/la34422,,"с.Звездица, Варна","Земеделска земя, 5376m²",,1,['https://homes.bg/2024-09-04_1/111110758'],31999.0,EUR,5 EUR/m²,,,False, продажба,,2025-01-25 06:03:33.702219,https://www.homes.bg/api/offers??currencyId=1&filterOrderBy=0&locationId=0&typeId=LandAgro,2241,,1.0,[],земеделска земя
34379,la,https://homes.bg/offer/zemya-za-prodazhba/zemedelska-zemya-1200m2-plovdiv-s.brestnik/la34379,,"с.Брестник, Пловдив","Земеделска земя, 1200m²",,1,['https://homes.bg/2024-08-08_1/110753713'],30000.0,EUR,25 EUR/m²,,,False, продажба,,2025-01-25 06:03:33.702228,https://www.homes.bg/api/offers??currencyId=1&filterOrderBy=0&locationId=0&typeId=LandAgro,2241,,1.0,[],земеделска земя
33543,la,https://homes.bg/offer/zemya-za-prodazhba/zemedelska-zemya-6017m2-blagoevgrad-s.poleto/la33543,,"с.Полето, Благоевград","Земеделска земя, 6017m²",,1,['https://homes.bg/2023-11-07_1/106983638'],74400.0,ЛЕВА,12 ЛЕВА/m²,,,False, продажба,,2025-01-25 06:03:33.702237,https://www.homes.bg/api/offers??currencyId=1&filterOrderBy=0&locationId=0&typeId=LandAgro,2241,,1.0,[],земеделска земя
25154,la,https://homes.bg/offer/zemya-za-prodazhba/zemedelska-zemya-1800m2-pazardzhik-yaz.batak/la25154,,"яз.Батак, Пазарджик","Земеделска земя, 1800m²",Друго,1,"['https://homes.bg/2023-08-23_1/103569470', 'https://homes.bg/2023-08-23_1/103569471', 'https://homes.bg/2023-08-23_1/103569472', 'https://homes.bg/2023-08-23_1/103569473', 'https://homes.bg/2023-08-23_1/103569474']",33000.0,EUR,18 EUR/m²,,,False, продажба,,2025-01-25 06:03:33.702250,https://www.homes.bg/api/offers??currencyId=1&filterOrderBy=0&locationId=0&typeId=LandAgro,2241,,5.0,[],земеделска земя
22705,la,https://homes.bg/offer/zemya-za-prodazhba/zemedelska-zemya-11927m2-plovdiv-industrialna-zona---jug/la22705,," Индустриална зона - Юг, Пловдив","Земеделска земя, 11927m²",Нива,1,"['https://homes.bg/2024-09-01_2/111078185', 'https://homes.bg/2024-09-01_2/111078186', 'https://homes.bg/2024-09-01_2/111078187', 'https://homes.bg/2024-09-01_2/111078188', 'https://homes.bg/2024-09-01_2/111078189', 'https://homes.bg/2024-09-01_2/111078190', 'https://homes.bg/2024-09-01_2/111078191']",596350.0,EUR,50 EUR/m²,,,False, продажба,,2025-01-25 06:03:33.702260,https://www.homes.bg/api/offers??currencyId=1&filterOrderBy=0&locationId=0&typeId=LandAgro,2241,,7.0,[],земеделска земя
25180,la,https://homes.bg/offer/zemya-za-prodazhba/zemedelska-zemya-2185m2-sofijska-gr.elin-pelin/la25180,,"гр.Елин Пелин, Софийска","Земеделска земя, 2185m²","Категория 4, Нива",1,"['https://homes.bg/2024-08-31_2/111071215', 'https://homes.bg/2024-08-31_2/111071216', 'https://homes.bg/2024-08-31_2/111071217', 'https://homes.bg/2024-08-31_2/111071218', 'https://homes.bg/2024-08-31_2/111071219', 'https://homes.bg/2024-08-31_2/111071220']",43000.0,EUR,19 EUR/m²,,,False, продажба,,2025-01-25 06:03:33.702270,https://www.homes.bg/api/offers??currencyId=1&filterOrderBy=0&locationId=0&typeId=LandAgro,2241,,6.0,[],земеделска земя
25153,la,https://homes.bg/offer/zemya-za-prodazhba/zemedelska-zemya-1692m2-pazardzhik-gr.rakitovo/la25153,,"гр.Ракитово, Пазарджик","Земеделска земя, 1692m²",Друго,1,"['https://homes.bg/2023-08-23_1/103569467', 'https://homes.bg/2023-08-23_1/103569468', 'https://homes.bg/2023-08-23_1/103569469']",22000.0,EUR,13 EUR/m²,,,False, продажба,,2025-01-25 06:03:33.702280,https://www.homes.bg/api/offers??currencyId=1&filterOrderBy=0&locationId=0&typeId=LandAgro,2241,,3.0,[],земеделска земя
34121,la,https://homes.bg/offer/zemya-za-prodazhba/zemedelska-zemya-1799m2-plovdiv-s.belashtica/la34121,,"с.Белащица, Пловдив","Земеделска земя, 1799m²",,1,['https://homes.bg/2024-05-13_1/109599803'],107940.0,EUR,60 EUR/m²,,,False, продажба,,2025-01-25 06:03:33.702291,https://www.homes.bg/api/offers??currencyId=1&filterOrderBy=0&locationId=0&typeId=LandAgro,2241,,1.0,[],земеделска земя
33546,la,https://homes.bg/offer/zemya-za-prodazhba/zemedelska-zemya-16000m2-plovdiv-s.trud/la33546,,"с.Труд, Пловдив","Земеделска земя, 16000m²",,1,"['https://homes.bg/2023-11-08_1/107043640', 'https://homes.bg/2023-11-08_1/107043642', 'https://homes.bg/2023-11-08_1/107043644', 'https://homes.bg/2023-11-08_1/107043646']",480000.0,EUR,30 EUR/m²,,,False, продажба,,2025-01-25 06:03:33.702301,https://www.homes.bg/api/offers??currencyId=1&filterOrderBy=0&locationId=0&typeId=LandAgro,2241,,4.0,[],земеделска земя
34410,la,https://homes.bg/offer/zemya-za-prodazhba/zemedelska-zemya-14936m2-lovech-s.ribarica/la34410,,"с.Рибарица, Ловеч","Земеделска земя, 14936m²","Категория 8, Гора",1,"['https://homes.bg/2024-08-29_2/111035980', 'https://homes.bg/2024-08-29_2/111035981', 'https://homes.bg/2024-08-29_2/111035982']",45000.0,EUR,3 EUR/m²,,,False, продажба,,2025-01-25 06:03:33.702311,https://www.homes.bg/api/offers??currencyId=1&filterOrderBy=0&locationId=0&typeId=LandAgro,2241,,3.0,[],земеделска земя
33755,la,https://homes.bg/offer/zemya-za-prodazhba/zemedelska-zemya-9000m2-plovdiv-industrialna-zona---sever/la33755,," Индустриална зона - Север, Пловдив","Земеделска земя, 9000m²","Категория 10, Нива",1,['https://homes.bg/2024-08-29_2/111037712'],306000.0,EUR,34 EUR/m²,,,False, продажба,,2025-01-25 06:03:33.702320,https://www.homes.bg/api/offers??currencyId=1&filterOrderBy=0&locationId=0&typeId=LandAgro,2241,,1.0,[],земеделска земя
34393,la,https://homes.bg/offer/zemya-za-prodazhba/zemedelska-zemya-3230m2-smolyan-/la34393,,", Смолян","Земеделска земя, 3230m²",Друго,1,"['https://homes.bg/2024-08-21_1/110928109', 'https://homes.bg/2024-08-21_1/110928110', 'https://homes.bg/2024-08-21_1/110928111', 'https://homes.bg/2024-08-21_1/110928112', 'https://homes.bg/2024-08-21_1/110928113']",120000.0,EUR,37 EUR/m²,,,False, продажба,,2025-01-25 06:03:33.702330,https://www.homes.bg/api/offers??currencyId=1&filterOrderBy=0&locationId=0&typeId=LandAgro,2241,,5.0,[],земеделска земя
34417,la,https://homes.bg/offer/zemya-za-prodazhba/zemedelska-zemya-3000m2-sofiya---grad-s.zhiten/la34417,,"с.Житен, София - град","Земеделска земя, 3000m²",Друго,1,['https://homes.bg/2024-08-30_1/111050629'],90000.0,EUR,30 EUR/m²,,,False, продажба,,2025-01-25 06:03:33.702339,https://www.homes.bg/api/offers??currencyId=1&filterOrderBy=0&locationId=0&typeId=LandAgro,2241,,1.0,[],земеделска земя
34403,la,https://homes.bg/offer/zemya-za-prodazhba/zemedelska-zemya-4700m2-plovdiv-industrialna-zona---jug/la34403,," Индустриална зона - Юг, Пловдив","Земеделска земя, 4700m²",Нива,1,['https://homes.bg/2024-08-28_2/111021858'],200000.0,EUR,42 EUR/m²,,,False, продажба,,2025-01-25 06:03:33.702353,https://www.homes.bg/api/offers??currencyId=1&filterOrderBy=0&locationId=0&typeId=LandAgro,2241,,1.0,[],земеделска земя
34315,la,https://homes.bg/offer/zemya-za-prodazhba/zemedelska-zemya-4333m2-ruse-ruse/la34315,,"Русе, Русе","Земеделска земя, 4333m²",Нива,1,"['https://homes.bg/2024-08-27_2/111007434', 'https://homes.bg/2024-08-27_2/111007435']",52000.0,EUR,12 EUR/m²,,,False, продажба,,2025-01-25 06:03:33.702363,https://www.homes.bg/api/offers??currencyId=1&filterOrderBy=0&locationId=0&typeId=LandAgro,2241,,2.0,[],земеделска земя
33706,la,https://homes.bg/offer/zemya-za-prodazhba/zemedelska-zemya-720m2-kjustendil-s.resilovo/la33706,,"с.Ресилово, Кюстендил","Земеделска земя, 720m²","Категория 6, Овощна градина",1,"['https://homes.bg/2024-08-27_2/111010122', 'https://homes.bg/2024-08-27_2/111010123', 'https://homes.bg/2024-08-27_2/111010124', 'https://homes.bg/2024-08-27_2/111010125', 'https://homes.bg/2024-08-27_2/111010126', 'https://homes.bg/2024-08-27_2/111010127']",17000.0,EUR,23 EUR/m²,,,False, продажба,,2025-01-25 06:03:33.702379,https://www.homes.bg/api/offers??currencyId=1&filterOrderBy=0&locationId=0&typeId=LandAgro,2241,,6.0,[],земеделска земя
34246,la,https://homes.bg/offer/zemya-za-prodazhba/zemedelska-zemya-3399m2-plovdiv-s.belashtica/la34246,,"с.Белащица, Пловдив","Земеделска земя, 3399m²",,1,['https://homes.bg/2024-06-20_1/110087399'],169950.0,EUR,50 EUR/m²,,,False, продажба,,2025-01-25 06:03:33.702389,https://www.homes.bg/api/offers??currencyId=1&filterOrderBy=0&locationId=0&typeId=LandAgro,2241,,1.0,[],земеделска земя
19979,la,https://homes.bg/offer/zemya-za-prodazhba/zemedelska-zemya-10000m2-rodopi-s.yagodovo/la19979,,"с.Ягодово, Родопи","Земеделска земя, 10000m²","Категория 4, Нива",1,"['https://homes.bg/2018-06-01_1/24259000', 'https://homes.bg/2018-06-07_2/24585287', 'https://homes.bg/2023-07-21_2/102407023']",40000.0,EUR,4 EUR/m²,,,False, продажба,,2025-01-25 06:03:33.702399,https://www.homes.bg/api/offers??currencyId=1&filterOrderBy=0&locationId=0&typeId=LandAgro,2241,,3.0,[],земеделска земя
22662,la,https://homes.bg/offer/zemya-za-prodazhba/zemedelska-zemya-153000m2-veliko-tyrnovo-vilna-zona/la22662,," Вилна Зона, Велико Търново","Земеделска земя, 153000m²","Категория 6, Нива",1,[],0.0,EUR,0 EUR/m²,,,False, продажба,,2025-01-25 06:03:33.702410,https://www.homes.bg/api/offers??currencyId=1&filterOrderBy=0&locationId=0&typeId=LandAgro,2241,,0.0,[],земеделска земя
34395,la,https://homes.bg/offer/zemya-za-prodazhba/zemedelska-zemya-12423m2-plovdiv-industrialna-zona---sever/la34395,," Индустриална зона - Север, Пловдив","Земеделска земя, 12423m²","Категория 5, Нива",1,"['https://homes.bg/2024-08-23_1/110955863', 'https://homes.bg/2024-08-23_1/110955864', 'https://homes.bg/2024-08-23_1/110955865', 'https://homes.bg/2024-08-23_1/110955866', 'https://homes.bg/2024-08-23_1/110955867']",468000.0,EUR,37 EUR/m²,,,False, продажба,,2025-01-25 06:03:33.702422,https://www.homes.bg/api/offers??currencyId=1&filterOrderBy=0&locationId=0&typeId=LandAgro,2241,,5.0,[],земеделска земя
34653,la,https://homes.bg/offer/zemya-za-prodazhba/zemedelska-zemya-4590m2-plovdiv-s.vojvodinovo/la34653,,"с.Войводиново, Пловдив","Земеделска земя, 4590m²",Друго,1,['https://homes.bg/2024-12-04_1/112309575'],45900.0,EUR,10 EUR/m²,,,False, продажба,,2025-01-25 06:03:33.702432,https://www.homes.bg/api/offers??currencyId=1&filterOrderBy=0&locationId=0&typeId=LandAgro,2241,,1.0,[],земеделска земя
