id,type,url,time,location,title,description,status,photos,price_value,price_currency,price_per_square_meter,price_period,main_photo,is_favorite,offer_type,property_type,date_added,search_url,total_offers,location_id,num_photos,neighborhoods,main_property_type
1540016,as,https://homes.bg/offer/apartament-za-prodazhba/dvustaen-83m2-sofiya-zhk.-dianabad/as1540016,днес,"жк. Дианабад, София","Двустаен, 83m²",Електричество,1,"['https://homes.bg/2024-12-18_2/112483842', 'https://homes.bg/2024-12-18_2/112483844', 'https://homes.bg/2024-12-18_2/112483846', 'https://homes.bg/2024-12-18_2/112483848', 'https://homes.bg/2024-12-18_2/112483850', 'https://homes.bg/2024-12-18_2/112483852']",347687.0,EUR,"4,189 EUR/m²",,,False, продажба,PropertyType.DVUSTAEN,2025-10-11 18:03:38.357081,https://www.homes.bg/api/offers?currencyId=1&filterOrderBy=0&locationId=1&typeId=ApartmentSell&neighbourhoods%5B%5D=403,82,София,6.0,['Дианабад'],апартамент
1602235,as,https://homes.bg/offer/apartament-za-prodazhba/tristaen-127m2-sofiya-zhk.-dianabad/as1602235,днес,"жк. Дианабад, София","Тристаен, 127m²",,1,"['https://homes.bg/2024-12-05_2/112326495', 'https://homes.bg/2024-12-05_2/112326496', 'https://homes.bg/2024-12-05_2/112326497', 'https://homes.bg/2024-12-05_2/112326498', 'https://homes.bg/2024-12-05_2/112326499', 'https://homes.bg/2024-12-05_2/112326500', 'https://homes.bg/2024-12-05_2/112326501', 'https://homes.bg/2024-12-05_2/112326502', 'https://homes.bg/2024-12-05_2/112326503', 'https://homes.bg/2024-12-05_2/112326504']",505370.0,EUR,"3,979 EUR/m²",,,False, продажба,PropertyType.TRISTAEN,2025-10-11 18:03:38.357162,https://www.homes.bg/api/offers?currencyId=1&filterOrderBy=0&locationId=1&typeId=ApartmentSell&neighbourhoods%5B%5D=403,82,София,10.0,['Дианабад'],апартамент
1632145,as,https://homes.bg/offer/apartament-za-prodazhba/mnogostaen-137m2-sofiya-zhk.-dianabad/as1632145,днес,"жк. Дианабад, София","Многостаен, 137m²","Тухла, ТЕЦ",1,"['https://homes.bg/2025-07-31_2/115130672', 'https://homes.bg/2025-07-31_2/115130673', 'https://homes.bg/2025-07-31_2/115130674', 'https://homes.bg/2025-07-31_2/115130675']",450565.0,EUR,"3,288 EUR/m²",,,False, продажба,PropertyType.MNOGOSTAEN,2025-10-11 18:03:38.357198,https://www.homes.bg/api/offers?currencyId=1&filterOrderBy=0&locationId=1&typeId=ApartmentSell&neighbourhoods%5B%5D=403,82,София,4.0,['Дианабад'],апартамент
1540013,as,https://homes.bg/offer/apartament-za-prodazhba/tristaen-158m2-sofiya-zhk.-dianabad/as1540013,днес,"жк. Дианабад, София","Тристаен, 158m²","Тухла, Електричество",1,"['https://homes.bg/2024-12-18_2/112483791', 'https://homes.bg/2024-12-18_2/112483793', 'https://homes.bg/2024-12-18_2/112483795', 'https://homes.bg/2024-12-18_2/112483797', 'https://homes.bg/2024-12-18_2/112483799', 'https://homes.bg/2024-12-18_2/112483801']",762067.0,EUR,"4,823 EUR/m²",,,False, продажба,PropertyType.TRISTAEN,2025-10-11 18:03:38.357263,https://www.homes.bg/api/offers?currencyId=1&filterOrderBy=0&locationId=1&typeId=ApartmentSell&neighbourhoods%5B%5D=403,82,София,6.0,['Дианабад'],апартамент
1540015,as,https://homes.bg/offer/apartament-za-prodazhba/tristaen-130m2-sofiya-zhk.-dianabad/as1540015,днес,"жк. Дианабад, София","Тристаен, 130m²","Тухла, Електричество",1,"['https://homes.bg/2024-12-18_2/112483822', 'https://homes.bg/2024-12-18_2/112483824', 'https://homes.bg/2024-12-18_2/112483826', 'https://homes.bg/2024-12-18_2/112483828', 'https://homes.bg/2024-12-18_2/112483830', 'https://homes.bg/2024-12-18_2/112483832', 'https://homes.bg/2024-12-18_2/112483834', 'https://homes.bg/2024-12-18_2/112483836', 'https://homes.bg/2024-12-18_2/112483838', 'https://homes.bg/2024-12-18_2/112483840']",647759.0,EUR,"4,982 EUR/m²",,,False, продажба,PropertyType.TRISTAEN,2025-10-11 18:03:38.357296,https://www.homes.bg/api/offers?currencyId=1&filterOrderBy=0&locationId=1&typeId=ApartmentSell&neighbourhoods%5B%5D=403,82,София,10.0,['Дианабад'],апартамент
1632139,as,https://homes.bg/offer/apartament-za-prodazhba/dvustaen-60m2-sofiya-zhk.-dianabad/as1632139,днес,"жк. Дианабад, София","Двустаен, 60m²","Тухла, ТЕЦ",1,"['https://homes.bg/2025-07-31_2/115130647', 'https://homes.bg/2025-07-31_2/115130648', 'https://homes.bg/2025-07-31_2/115130649', 'https://homes.bg/2025-07-31_2/115130650']",176600.0,EUR,"2,943 EUR/m²",,,False, продажба,PropertyType.DVUSTAEN,2025-10-11 18:03:38.357323,https://www.homes.bg/api/offers?currencyId=1&filterOrderBy=0&locationId=1&typeId=ApartmentSell&neighbourhoods%5B%5D=403,82,София,4.0,['Дианабад'],апартамент
1632141,as,https://homes.bg/offer/apartament-za-prodazhba/tristaen-77m2-sofiya-zhk.-dianabad/as1632141,днес,"жк. Дианабад, София","Тристаен, 77m²","Тухла, ТЕЦ",1,"['https://homes.bg/2025-07-31_2/115130655', 'https://homes.bg/2025-07-31_2/115130656', 'https://homes.bg/2025-07-31_2/115130658', 'https://homes.bg/2025-07-31_2/115130659']",237030.0,EUR,"3,078 EUR/m²",,,False, продажба,PropertyType.TRISTAEN,2025-10-11 18:03:38.357344,https://www.homes.bg/api/offers?currencyId=1&filterOrderBy=0&locationId=1&typeId=ApartmentSell&neighbourhoods%5B%5D=403,82,София,4.0,['Дианабад'],апартамент
1632142,as,https://homes.bg/offer/apartament-za-prodazhba/tristaen-127m2-sofiya-zhk.-dianabad/as1632142,днес,"жк. Дианабад, София","Тристаен, 127m²","Тухла, ТЕЦ",1,"['https://homes.bg/2025-07-31_2/115130660', 'https://homes.bg/2025-07-31_2/115130661', 'https://homes.bg/2025-07-31_2/115130662', 'https://homes.bg/2025-07-31_2/115130663']",386920.0,EUR,"3,046 EUR/m²",,,False, продажба,PropertyType.TRISTAEN,2025-10-11 18:03:38.357360,https://www.homes.bg/api/offers?currencyId=1&filterOrderBy=0&locationId=1&typeId=ApartmentSell&neighbourhoods%5B%5D=403,82,София,4.0,['Дианабад'],апартамент
1632144,as,https://homes.bg/offer/apartament-za-prodazhba/chetiristaen-137m2-sofiya-zhk.-dianabad/as1632144,днес,"жк. Дианабад, София","Четиристаен, 137m²","Тухла, ТЕЦ",1,"['https://homes.bg/2025-07-31_2/115130668', 'https://homes.bg/2025-07-31_2/115130669', 'https://homes.bg/2025-07-31_2/115130670', 'https://homes.bg/2025-07-31_2/115130671']",450565.0,EUR,"3,288 EUR/m²",,,False, продажба,PropertyType.CHETIRISTAEN,2025-10-11 18:03:38.357375,https://www.homes.bg/api/offers?currencyId=1&filterOrderBy=0&locationId=1&typeId=ApartmentSell&neighbourhoods%5B%5D=403,82,София,4.0,['Дианабад'],апартамент
1553148,as,https://homes.bg/offer/apartament-za-prodazhba/tristaen-222m2-sofiya-zhk.-dianabad/as1553148,днес,"жк. Дианабад, София","Тристаен, 222m²","Тухла, ТЕЦ",1,"['https://homes.bg/2025-09-05_2/115580588', 'https://homes.bg/2025-09-05_2/115580590', 'https://homes.bg/2025-09-05_2/115580592', 'https://homes.bg/2025-09-05_2/115580593', 'https://homes.bg/2025-09-05_2/115580595', 'https://homes.bg/2025-09-05_2/115580597']",660000.0,EUR,"2,972 EUR/m²",,,False, продажба,PropertyType.TRISTAEN,2025-10-11 18:03:38.357392,https://www.homes.bg/api/offers?currencyId=1&filterOrderBy=0&locationId=1&typeId=ApartmentSell&neighbourhoods%5B%5D=403,82,София,6.0,['Дианабад'],апартамент
1540012,as,https://homes.bg/offer/apartament-za-prodazhba/mnogostaen-400m2-sofiya-zhk.-dianabad/as1540012,днес,"жк. Дианабад, София","Многостаен, 400m²","Тухла, Електричество",1,"['https://homes.bg/2024-12-18_2/112483771', 'https://homes.bg/2024-12-18_2/112483773', 'https://homes.bg/2024-12-18_2/112483775', 'https://homes.bg/2024-12-18_2/112483777', 'https://homes.bg/2024-12-18_2/112483779', 'https://homes.bg/2024-12-18_2/112483781', 'https://homes.bg/2024-12-18_2/112483783', 'https://homes.bg/2024-12-18_2/112483785', 'https://homes.bg/2024-12-18_2/112483787', 'https://homes.bg/2024-12-18_2/112483789']",1390000.0,EUR,"3,475 EUR/m²",,,False, продажба,PropertyType.MNOGOSTAEN,2025-10-11 18:03:38.357409,https://www.homes.bg/api/offers?currencyId=1&filterOrderBy=0&locationId=1&typeId=ApartmentSell&neighbourhoods%5B%5D=403,82,София,10.0,['Дианабад'],апартамент
1540014,as,https://homes.bg/offer/apartament-za-prodazhba/tristaen-130m2-sofiya-zhk.-dianabad/as1540014,днес,"жк. Дианабад, София","Тристаен, 130m²","Тухла, Електричество",1,"['https://homes.bg/2024-12-18_2/112483803', 'https://homes.bg/2024-12-18_2/112483805', 'https://homes.bg/2024-12-18_2/112483807', 'https://homes.bg/2024-12-18_2/112483810', 'https://homes.bg/2024-12-18_2/112483812', 'https://homes.bg/2024-12-18_2/112483814', 'https://homes.bg/2024-12-18_2/112483816', 'https://homes.bg/2024-12-18_2/112483818', 'https://homes.bg/2024-12-18_2/112483820']",511885.0,EUR,"3,937 EUR/m²",,,False, продажба,PropertyType.TRISTAEN,2025-10-11 18:03:38.357437,https://www.homes.bg/api/offers?currencyId=1&filterOrderBy=0&locationId=1&typeId=ApartmentSell&neighbourhoods%5B%5D=403,82,София,9.0,['Дианабад'],апартамент
1632138,as,https://homes.bg/offer/apartament-za-prodazhba/dvustaen-74m2-sofiya-zhk.-dianabad/as1632138,днес,"жк. Дианабад, София","Двустаен, 74m²","Тухла, ТЕЦ",1,"['https://homes.bg/2025-07-31_2/115130643', 'https://homes.bg/2025-07-31_2/115130644', 'https://homes.bg/2025-07-31_2/115130645', 'https://homes.bg/2025-07-31_2/115130646']",220680.0,EUR,"2,982 EUR/m²",,,False, продажба,PropertyType.DVUSTAEN,2025-10-11 18:03:38.357452,https://www.homes.bg/api/offers?currencyId=1&filterOrderBy=0&locationId=1&typeId=ApartmentSell&neighbourhoods%5B%5D=403,82,София,4.0,['Дианабад'],апартамент
1632140,as,https://homes.bg/offer/apartament-za-prodazhba/dvustaen-80m2-sofiya-zhk.-dianabad/as1632140,днес,"жк. Дианабад, София","Двустаен, 80m²","Тухла, ТЕЦ",1,"['https://homes.bg/2025-07-31_2/115130651', 'https://homes.bg/2025-07-31_2/115130652', 'https://homes.bg/2025-07-31_2/115130653', 'https://homes.bg/2025-07-31_2/115130654']",266656.0,EUR,"3,333 EUR/m²",,,False, продажба,PropertyType.DVUSTAEN,2025-10-11 18:03:38.357468,https://www.homes.bg/api/offers?currencyId=1&filterOrderBy=0&locationId=1&typeId=ApartmentSell&neighbourhoods%5B%5D=403,82,София,4.0,['Дианабад'],апартамент
1632143,as,https://homes.bg/offer/apartament-za-prodazhba/tristaen-103m2-sofiya-zhk.-dianabad/as1632143,днес,"жк. Дианабад, София","Тристаен, 103m²","Тухла, ТЕЦ",1,"['https://homes.bg/2025-07-31_2/115130664', 'https://homes.bg/2025-07-31_2/115130665', 'https://homes.bg/2025-07-31_2/115130666', 'https://homes.bg/2025-07-31_2/115130667']",313020.0,EUR,"3,039 EUR/m²",,,False, продажба,PropertyType.TRISTAEN,2025-10-11 18:03:38.357488,https://www.homes.bg/api/offers?currencyId=1&filterOrderBy=0&locationId=1&typeId=ApartmentSell&neighbourhoods%5B%5D=403,82,София,4.0,['Дианабад'],апартамент
1621152,as,https://homes.bg/offer/apartament-za-prodazhba/dvustaen-66m2-sofiya-zhk.-dianabad/as1621152,днес,"жк. Дианабад, София","Двустаен, 66m²","Тухла, Електричество",1,"['https://homes.bg/2025-07-31_2/115130952', 'https://homes.bg/2025-07-31_2/115130953', 'https://homes.bg/2025-07-31_2/115130954', 'https://homes.bg/2025-07-31_2/115130955', 'https://homes.bg/2025-07-31_2/115130956', 'https://homes.bg/2025-07-31_2/115130957', 'https://homes.bg/2025-07-31_2/115130958', 'https://homes.bg/2025-07-31_2/115130959', 'https://homes.bg/2025-07-31_2/115130960']",249000.0,EUR,"3,772 EUR/m²",,,False, продажба,PropertyType.DVUSTAEN,2025-10-11 18:03:38.357504,https://www.homes.bg/api/offers?currencyId=1&filterOrderBy=0&locationId=1&typeId=ApartmentSell&neighbourhoods%5B%5D=403,82,София,9.0,['Дианабад'],апартамент
1605598,as,https://homes.bg/offer/apartament-za-prodazhba/dvustaen-85m2-sofiya-zhk.-dianabad/as1605598,вчера,"жк. Дианабад, София","Двустаен, 85m²","Тухла, Необзаведен, ТЕЦ",1,"['https://homes.bg/2025-10-10_2/116005878', 'https://homes.bg/2025-10-10_2/116005879', 'https://homes.bg/2025-10-10_2/116005880', 'https://homes.bg/2025-10-10_2/116005881', 'https://homes.bg/2025-10-10_2/116005882', 'https://homes.bg/2025-10-10_2/116005883', 'https://homes.bg/2025-10-10_2/116005884', 'https://homes.bg/2025-10-10_2/116005885', 'https://homes.bg/2025-10-10_2/116005886', 'https://homes.bg/2025-10-10_2/116005887']",200000.0,EUR,"2,352 EUR/m²",,,False, продажба,PropertyType.DVUSTAEN,2025-10-11 18:03:38.357523,https://www.homes.bg/api/offers?currencyId=1&filterOrderBy=0&locationId=1&typeId=ApartmentSell&neighbourhoods%5B%5D=403,82,София,10.0,['Дианабад'],апартамент
1649180,as,https://homes.bg/offer/apartament-za-prodazhba/dvustaen-90m2-sofiya-zhk.-dianabad/as1649180,вчера,"жк. Дианабад, София","Двустаен, 90m²","Тухла, Обзаведен, ТЕЦ",1,"['https://homes.bg/2025-10-10_2/115997963', 'https://homes.bg/2025-10-10_2/115997964', 'https://homes.bg/2025-10-10_2/115997965', 'https://homes.bg/2025-10-10_2/115997966', 'https://homes.bg/2025-10-10_2/115997967', 'https://homes.bg/2025-10-10_2/115997968', 'https://homes.bg/2025-10-10_2/115997969', 'https://homes.bg/2025-10-10_2/115997970', 'https://homes.bg/2025-10-10_2/115997971', 'https://homes.bg/2025-10-10_2/115997972']",318000.0,EUR,"3,533 EUR/m²",,,False, продажба,PropertyType.DVUSTAEN,2025-10-11 18:03:38.357542,https://www.homes.bg/api/offers?currencyId=1&filterOrderBy=0&locationId=1&typeId=ApartmentSell&neighbourhoods%5B%5D=403,82,София,10.0,['Дианабад'],апартамент
1649181,as,https://homes.bg/offer/apartament-za-prodazhba/tristaen-209m2-sofiya-zhk.-dianabad/as1649181,вчера,"жк. Дианабад, София","Тристаен, 209m²","Тухла, Необзаведен, Електричество",1,"['https://homes.bg/2025-10-10_2/115997973', 'https://homes.bg/2025-10-10_2/115997974', 'https://homes.bg/2025-10-10_2/115997975', 'https://homes.bg/2025-10-10_2/115997976', 'https://homes.bg/2025-10-10_2/115997977', 'https://homes.bg/2025-10-10_2/115997978', 'https://homes.bg/2025-10-10_2/115997979', 'https://homes.bg/2025-10-10_2/115997980', 'https://homes.bg/2025-10-10_2/115997981', 'https://homes.bg/2025-10-10_2/115997982']",660000.0,EUR,"3,157 EUR/m²",,,False, продажба,PropertyType.TRISTAEN,2025-10-11 18:03:38.357560,https://www.homes.bg/api/offers?currencyId=1&filterOrderBy=0&locationId=1&typeId=ApartmentSell&neighbourhoods%5B%5D=403,82,София,10.0,['Дианабад'],апартамент
1653373,as,https://homes.bg/offer/apartament-za-prodazhba/dvustaen-57m2-sofiya-zhk.-dianabad/as1653373,вчера,"жк. Дианабад, София","Двустаен, 57m²","Панел, Обзаведен, ТЕЦ",1,"['https://homes.bg/2025-10-10_2/116006213', 'https://homes.bg/2025-10-10_2/116006214', 'https://homes.bg/2025-10-10_2/116006215', 'https://homes.bg/2025-10-10_2/116006216', 'https://homes.bg/2025-10-10_2/116006217', 'https://homes.bg/2025-10-10_2/116006218', 'https://homes.bg/2025-10-10_2/116006219', 'https://homes.bg/2025-10-10_2/116006220', 'https://homes.bg/2025-10-10_2/116006221', 'https://homes.bg/2025-10-10_2/116006222']",230000.0,EUR,"4,035 EUR/m²",,,False, продажба,PropertyType.DVUSTAEN,2025-10-11 18:03:38.357577,https://www.homes.bg/api/offers?currencyId=1&filterOrderBy=0&locationId=1&typeId=ApartmentSell&neighbourhoods%5B%5D=403,82,София,10.0,['Дианабад'],апартамент
1653476,as,https://homes.bg/offer/apartament-za-prodazhba/tristaen-77m2-sofiya-zhk.-dianabad/as1653476,вчера,"жк. Дианабад, София","Тристаен, 77m²","Панел, ТЕЦ",1,"['https://homes.bg/2025-10-10_1/115993281', 'https://homes.bg/2025-10-10_1/115993282', 'https://homes.bg/2025-10-10_1/115993283', 'https://homes.bg/2025-10-10_1/115993284', 'https://homes.bg/2025-10-10_1/115993285', 'https://homes.bg/2025-10-10_1/115993286', 'https://homes.bg/2025-10-10_1/115993287', 'https://homes.bg/2025-10-10_1/115993288']",229999.0,EUR,"2,987 EUR/m²",,,False, продажба,PropertyType.TRISTAEN,2025-10-11 18:03:38.357592,https://www.homes.bg/api/offers?currencyId=1&filterOrderBy=0&locationId=1&typeId=ApartmentSell&neighbourhoods%5B%5D=403,82,София,8.0,['Дианабад'],апартамент
1481428,as,https://homes.bg/offer/apartament-za-prodazhba/dvustaen-90m2-sofiya-zhk.-dianabad/as1481428,,"жк. Дианабад, София","Двустаен, 90m²","Тухла, Необзаведен",1,"['https://homes.bg/2025-10-09_2/115980998', 'https://homes.bg/2025-10-09_2/115980999', 'https://homes.bg/2025-10-09_2/115981000', 'https://homes.bg/2025-10-09_2/115981001', 'https://homes.bg/2025-10-09_2/115981002', 'https://homes.bg/2025-10-09_2/115981003', 'https://homes.bg/2025-10-09_2/115981004', 'https://homes.bg/2025-10-09_2/115981005', 'https://homes.bg/2025-10-09_2/115981006', 'https://homes.bg/2025-10-09_2/115981007']",265000.0,EUR,"2,944 EUR/m²",,,False, продажба,PropertyType.DVUSTAEN,2025-10-11 18:03:38.357610,https://www.homes.bg/api/offers?currencyId=1&filterOrderBy=0&locationId=1&typeId=ApartmentSell&neighbourhoods%5B%5D=403,82,София,10.0,['Дианабад'],апартамент
1413810,as,https://homes.bg/offer/apartament-za-prodazhba/chetiristaen-355m2-sofiya-zhk.-dianabad/as1413810,,"жк. Дианабад, София","Четиристаен, 355m²","Тухла, Необзаведен, ТЕЦ",1,"['https://homes.bg/2022-05-23_2/83960154', 'https://homes.bg/2022-05-23_2/83960156', 'https://homes.bg/2022-05-23_2/83960158', 'https://homes.bg/2022-05-23_2/83960160', 'https://homes.bg/2022-05-23_2/83960163', 'https://homes.bg/2022-05-23_2/83960165', 'https://homes.bg/2022-05-23_2/83960167', 'https://homes.bg/2022-05-23_2/83960169', 'https://homes.bg/2022-05-23_2/83960171', 'https://homes.bg/2022-05-23_2/83960174']",355000.0,EUR,"1,000 EUR/m²",,,False, продажба,PropertyType.CHETIRISTAEN,2025-10-11 18:03:38.357629,https://www.homes.bg/api/offers?currencyId=1&filterOrderBy=0&locationId=1&typeId=ApartmentSell&neighbourhoods%5B%5D=403,82,София,10.0,['Дианабад'],апартамент
1644692,as,https://homes.bg/offer/apartament-za-prodazhba/tristaen-76m2-sofiya-zhk.-dianabad/as1644692,,"жк. Дианабад, София","Тристаен, 76m²","Панел, Необзаведен, ТЕЦ",1,['https://homes.bg/2025-08-20_1/115369751'],214999.0,EUR,"2,828 EUR/m²",,,False, продажба,PropertyType.TRISTAEN,2025-10-11 18:03:38.357641,https://www.homes.bg/api/offers?currencyId=1&filterOrderBy=0&locationId=1&typeId=ApartmentSell&neighbourhoods%5B%5D=403,82,София,1.0,['Дианабад'],апартамент
1653000,as,https://homes.bg/offer/apartament-za-prodazhba/tristaen-87m2-sofiya-zhk.-dianabad/as1653000,,"жк. Дианабад, София","Тристаен, 87m²","Панел, Необзаведен, ТЕЦ",1,"['https://homes.bg/2025-10-08_2/115959712', 'https://homes.bg/2025-10-08_2/115959716', 'https://homes.bg/2025-10-08_2/115959711', 'https://homes.bg/2025-10-08_2/115959713', 'https://homes.bg/2025-10-08_2/115959715', 'https://homes.bg/2025-10-08_2/115959714']",230000.0,EUR,"2,643 EUR/m²",,,False, продажба,PropertyType.TRISTAEN,2025-10-11 18:03:38.357657,https://www.homes.bg/api/offers?currencyId=1&filterOrderBy=0&locationId=1&typeId=ApartmentSell&neighbourhoods%5B%5D=403,82,София,6.0,['Дианабад'],апартамент
1638148,as,https://homes.bg/offer/apartament-za-prodazhba/tristaen-158m2-sofiya-zhk.-dianabad/as1638148,,"жк. Дианабад, София","Тристаен, 158m²",Тухла,1,"['https://homes.bg/2025-08-30_1/115494224', 'https://homes.bg/2025-08-30_1/115494225', 'https://homes.bg/2025-08-30_1/115494226', 'https://homes.bg/2025-08-30_1/115494227', 'https://homes.bg/2025-08-30_1/115494228', 'https://homes.bg/2025-08-30_1/115494229', 'https://homes.bg/2025-08-30_1/115494230', 'https://homes.bg/2025-08-30_1/115494231', 'https://homes.bg/2025-08-30_1/115494232', 'https://homes.bg/2025-08-30_1/115494233']",429000.0,EUR,"2,715 EUR/m²",,,False, продажба,PropertyType.TRISTAEN,2025-10-11 18:03:38.357675,https://www.homes.bg/api/offers?currencyId=1&filterOrderBy=0&locationId=1&typeId=ApartmentSell&neighbourhoods%5B%5D=403,82,София,10.0,['Дианабад'],апартамент
1638149,as,https://homes.bg/offer/apartament-za-prodazhba/mnogostaen-292m2-sofiya-zhk.-dianabad/as1638149,,"жк. Дианабад, София","Многостаен, 292m²",Тухла,1,"['https://homes.bg/2025-08-30_1/115494234', 'https://homes.bg/2025-08-30_1/115494235', 'https://homes.bg/2025-08-30_1/115494236', 'https://homes.bg/2025-08-30_1/115494237', 'https://homes.bg/2025-08-30_1/115494238', 'https://homes.bg/2025-08-30_1/115494239', 'https://homes.bg/2025-08-30_1/115494240', 'https://homes.bg/2025-08-30_1/115494241', 'https://homes.bg/2025-08-30_1/115494242', 'https://homes.bg/2025-08-30_1/115494243']",640000.0,EUR,"2,191 EUR/m²",,,False, продажба,PropertyType.MNOGOSTAEN,2025-10-11 18:03:38.357694,https://www.homes.bg/api/offers?currencyId=1&filterOrderBy=0&locationId=1&typeId=ApartmentSell&neighbourhoods%5B%5D=403,82,София,10.0,['Дианабад'],апартамент
1564115,as,https://homes.bg/offer/apartament-za-prodazhba/mnogostaen-367m2-sofiya-zhk.-dianabad/as1564115,,"жк. Дианабад, София","Многостаен, 367m²",Тухла,1,"['https://homes.bg/2024-05-02_1/109489494', 'https://homes.bg/2024-05-02_1/109489495', 'https://homes.bg/2024-05-02_1/109489496', 'https://homes.bg/2024-05-02_1/109489497', 'https://homes.bg/2024-05-02_1/109489498']",1230000.0,EUR,"3,351 EUR/m²",,,False, продажба,PropertyType.MNOGOSTAEN,2025-10-11 18:03:38.357709,https://www.homes.bg/api/offers?currencyId=1&filterOrderBy=0&locationId=1&typeId=ApartmentSell&neighbourhoods%5B%5D=403,82,София,5.0,['Дианабад'],апартамент
1651015,as,https://homes.bg/offer/apartament-za-prodazhba/tristaen-122m2-sofiya-zhk.-dianabad/as1651015,,"жк. Дианабад, София","Тристаен, 122m²","Тухла, ТЕЦ",1,"['https://homes.bg/2025-09-27_1/115824543', 'https://homes.bg/2025-09-27_1/115824544', 'https://homes.bg/2025-09-27_1/115824545', 'https://homes.bg/2025-09-27_1/115824546', 'https://homes.bg/2025-09-27_1/115824547', 'https://homes.bg/2025-09-27_1/115824548', 'https://homes.bg/2025-09-27_1/115824549', 'https://homes.bg/2025-09-27_1/115824550', 'https://homes.bg/2025-09-27_1/115824551', 'https://homes.bg/2025-09-27_1/115824552']",525000.0,EUR,"4,303 EUR/m²",,,False, продажба,PropertyType.TRISTAEN,2025-10-11 18:03:38.357727,https://www.homes.bg/api/offers?currencyId=1&filterOrderBy=0&locationId=1&typeId=ApartmentSell&neighbourhoods%5B%5D=403,82,София,10.0,['Дианабад'],апартамент
1641399,as,https://homes.bg/offer/apartament-za-prodazhba/ednostaen-46m2-sofiya-zhk.-dianabad/as1641399,,"жк. Дианабад, София","Едностаен, 46m²","Панел, ТЕЦ",1,"['https://homes.bg/2025-08-02_1/115165731', 'https://homes.bg/2025-08-02_1/115165732', 'https://homes.bg/2025-08-02_1/115165733', 'https://homes.bg/2025-08-02_1/115165734', 'https://homes.bg/2025-08-02_1/115165735', 'https://homes.bg/2025-08-02_1/115165736', 'https://homes.bg/2025-08-02_1/115165737', 'https://homes.bg/2025-08-02_1/115165738', 'https://homes.bg/2025-08-02_1/115165739', 'https://homes.bg/2025-08-02_1/115165740']",150000.0,EUR,"3,260 EUR/m²",,,False, продажба,PropertyType.EDNOSTAEN,2025-10-11 18:03:38.357747,https://www.homes.bg/api/offers?currencyId=1&filterOrderBy=0&locationId=1&typeId=ApartmentSell&neighbourhoods%5B%5D=403,82,София,10.0,['Дианабад'],апартамент
1618989,as,https://homes.bg/offer/apartament-za-prodazhba/dvustaen-89m2-sofiya-zhk.-dianabad/as1618989,,"жк. Дианабад, София","Двустаен, 89m²","Тухла, ТЕЦ",1,"['https://homes.bg/2025-03-25_1/113491490', 'https://homes.bg/2025-03-25_1/113491491', 'https://homes.bg/2025-03-25_1/113491492', 'https://homes.bg/2025-03-25_1/113491493', 'https://homes.bg/2025-03-25_1/113491494', 'https://homes.bg/2025-03-25_1/113491495', 'https://homes.bg/2025-03-25_1/113491496', 'https://homes.bg/2025-03-25_1/113491497', 'https://homes.bg/2025-03-25_1/113491498', 'https://homes.bg/2025-03-25_1/113491499']",265000.0,EUR,"2,977 EUR/m²",,,False, продажба,PropertyType.DVUSTAEN,2025-10-11 18:03:38.357765,https://www.homes.bg/api/offers?currencyId=1&filterOrderBy=0&locationId=1&typeId=ApartmentSell&neighbourhoods%5B%5D=403,82,София,10.0,['Дианабад'],апартамент
1648323,as,https://homes.bg/offer/apartament-za-prodazhba/tristaen-130m2-sofiya-zhk.-dianabad/as1648323,,"жк. Дианабад, София","Тристаен, 130m²",Тухла,1,[],272979.0,EUR,"2,099 EUR/m²",,,False, продажба,PropertyType.TRISTAEN,2025-10-11 18:03:38.357779,https://www.homes.bg/api/offers?currencyId=1&filterOrderBy=0&locationId=1&typeId=ApartmentSell&neighbourhoods%5B%5D=403,82,София,0.0,['Дианабад'],апартамент
1651180,as,https://homes.bg/offer/apartament-za-prodazhba/tristaen-78m2-sofiya-zhk.-dianabad/as1651180,,"жк. Дианабад, София","Тристаен, 78m²","Панел, Необзаведен, ТЕЦ",1,"['https://homes.bg/2025-09-30_2/115860370', 'https://homes.bg/2025-09-30_2/115860371', 'https://homes.bg/2025-09-30_2/115860372', 'https://homes.bg/2025-09-30_2/115860373', 'https://homes.bg/2025-09-30_2/115860374', 'https://homes.bg/2025-09-30_2/115860375', 'https://homes.bg/2025-09-30_2/115860376', 'https://homes.bg/2025-09-30_2/115860377']",270000.0,EUR,"3,461 EUR/m²",,,False, продажба,PropertyType.TRISTAEN,2025-10-11 18:03:38.357797,https://www.homes.bg/api/offers?currencyId=1&filterOrderBy=0&locationId=1&typeId=ApartmentSell&neighbourhoods%5B%5D=403,82,София,8.0,['Дианабад'],апартамент
1651372,as,https://homes.bg/offer/apartament-za-prodazhba/tristaen-87m2-sofiya-zhk.-dianabad/as1651372,,"жк. Дианабад, София","Тристаен, 87m²","Панел, Необзаведен, ТЕЦ",1,"['https://homes.bg/2025-09-30_2/115855683', 'https://homes.bg/2025-09-30_2/115855685', 'https://homes.bg/2025-09-30_2/115855684', 'https://homes.bg/2025-09-30_2/115855688', 'https://homes.bg/2025-09-30_2/115855686', 'https://homes.bg/2025-09-30_2/115855687', 'https://homes.bg/2025-09-30_2/115855689', 'https://homes.bg/2025-09-30_2/115855047']",250000.0,EUR,"2,873 EUR/m²",,,False, продажба,PropertyType.TRISTAEN,2025-10-11 18:03:38.357815,https://www.homes.bg/api/offers?currencyId=1&filterOrderBy=0&locationId=1&typeId=ApartmentSell&neighbourhoods%5B%5D=403,82,София,8.0,['Дианабад'],апартамент
1531387,as,https://homes.bg/offer/apartament-za-prodazhba/tristaen-127m2-sofiya-zhk.-dianabad/as1531387,,"жк. Дианабад, София","Тристаен, 127m²","Тухла, ТЕЦ",1,"['https://homes.bg/2025-04-30_1/113941233', 'https://homes.bg/2025-04-30_1/113941234', 'https://homes.bg/2025-04-30_1/113941235', 'https://homes.bg/2025-04-30_1/113941236', 'https://homes.bg/2025-04-30_1/113941237', 'https://homes.bg/2025-04-30_1/113941238', 'https://homes.bg/2025-04-30_1/113941239', 'https://homes.bg/2025-04-30_1/113941240', 'https://homes.bg/2025-04-30_1/113941241', 'https://homes.bg/2025-04-30_1/113941242']",520000.0,EUR,"4,094 EUR/m²",,,False, продажба,PropertyType.TRISTAEN,2025-10-11 18:03:38.357833,https://www.homes.bg/api/offers?currencyId=1&filterOrderBy=0&locationId=1&typeId=ApartmentSell&neighbourhoods%5B%5D=403,82,София,10.0,['Дианабад'],апартамент
1639206,as,https://homes.bg/offer/apartament-za-prodazhba/tristaen-77m2-sofiya-zhk.-dianabad/as1639206,,"жк. Дианабад, София","Тристаен, 77m²",Панел,1,"['https://homes.bg/2025-08-29_1/115479639', 'https://homes.bg/2025-08-29_1/115479640', 'https://homes.bg/2025-08-29_1/115479641', 'https://homes.bg/2025-08-29_1/115479642', 'https://homes.bg/2025-08-29_1/115479643', 'https://homes.bg/2025-08-29_1/115479644', 'https://homes.bg/2025-08-29_1/115479645', 'https://homes.bg/2025-08-29_1/115479646', 'https://homes.bg/2025-08-29_1/115479647', 'https://homes.bg/2025-08-29_1/115479648']",215000.0,EUR,"2,792 EUR/m²",,,False, продажба,PropertyType.TRISTAEN,2025-10-11 18:03:38.357852,https://www.homes.bg/api/offers?currencyId=1&filterOrderBy=0&locationId=1&typeId=ApartmentSell&neighbourhoods%5B%5D=403,82,София,10.0,['Дианабад'],апартамент
1650264,as,https://homes.bg/offer/apartament-za-prodazhba/tristaen-77m2-sofiya-zhk.-dianabad/as1650264,,"жк. Дианабад, София","Тристаен, 77m²","Панел, ТЕЦ",1,"['https://homes.bg/2025-10-09_1/115977712', 'https://homes.bg/2025-10-09_1/115977713', 'https://homes.bg/2025-10-09_1/115977714', 'https://homes.bg/2025-10-09_1/115977715', 'https://homes.bg/2025-10-09_1/115977716', 'https://homes.bg/2025-10-09_1/115977717', 'https://homes.bg/2025-10-09_1/115977718', 'https://homes.bg/2025-10-09_1/115977719', 'https://homes.bg/2025-10-09_1/115977720', 'https://homes.bg/2025-10-09_1/115977721']",195900.0,EUR,"2,544 EUR/m²",,,False, продажба,PropertyType.TRISTAEN,2025-10-11 18:03:38.357871,https://www.homes.bg/api/offers?currencyId=1&filterOrderBy=0&locationId=1&typeId=ApartmentSell&neighbourhoods%5B%5D=403,82,София,10.0,['Дианабад'],апартамент
1576113,as,https://homes.bg/offer/apartament-za-prodazhba/tristaen-209m2-sofiya-zhk.-dianabad/as1576113,,"жк. Дианабад, София","Тристаен, 209m²","Тухла, ТЕЦ",1,"['https://homes.bg/2024-07-05_1/110300613', 'https://homes.bg/2024-07-05_1/110300614', 'https://homes.bg/2024-07-05_1/110300615', 'https://homes.bg/2024-07-05_1/110300616', 'https://homes.bg/2024-07-05_1/110300617', 'https://homes.bg/2024-07-05_1/110300618', 'https://homes.bg/2024-07-05_1/110300619', 'https://homes.bg/2024-07-05_1/110300620', 'https://homes.bg/2024-07-05_1/110300621', 'https://homes.bg/2024-07-05_1/110300622']",550000.0,EUR,"2,631 EUR/m²",,,False, продажба,PropertyType.TRISTAEN,2025-10-11 18:03:38.357891,https://www.homes.bg/api/offers?currencyId=1&filterOrderBy=0&locationId=1&typeId=ApartmentSell&neighbourhoods%5B%5D=403,82,София,10.0,['Дианабад'],апартамент
1649111,as,https://homes.bg/offer/apartament-za-prodazhba/chetiristaen-167m2-sofiya-zhk.-dianabad/as1649111,,"жк. Дианабад, София","Четиристаен, 167m²",Тухла,1,"['https://homes.bg/2025-09-24_1/115775779', 'https://homes.bg/2025-09-24_1/115775780', 'https://homes.bg/2025-09-24_1/115775781', 'https://homes.bg/2025-09-24_1/115775782', 'https://homes.bg/2025-09-24_1/115775783', 'https://homes.bg/2025-09-24_1/115775784', 'https://homes.bg/2025-09-24_1/115775785', 'https://homes.bg/2025-09-24_1/115775786', 'https://homes.bg/2025-09-24_1/115775787', 'https://homes.bg/2025-09-24_1/115775788']",445000.0,EUR,"2,664 EUR/m²",,,False, продажба,PropertyType.CHETIRISTAEN,2025-10-11 18:03:38.357911,https://www.homes.bg/api/offers?currencyId=1&filterOrderBy=0&locationId=1&typeId=ApartmentSell&neighbourhoods%5B%5D=403,82,София,10.0,['Дианабад'],апартамент
1647301,as,https://homes.bg/offer/apartament-za-prodazhba/tristaen-250m2-sofiya-zhk.-dianabad/as1647301,,"жк. Дианабад, София","Тристаен, 250m²","Тухла, Необзаведен, Прокарва се",1,"['https://homes.bg/2025-09-05_1/115574540', 'https://homes.bg/2025-09-05_1/115574541', 'https://homes.bg/2025-09-05_1/115574542', 'https://homes.bg/2025-09-05_1/115574543']",399712.0,EUR,"1,598 EUR/m²",,,False, продажба,PropertyType.TRISTAEN,2025-10-11 18:03:38.357926,https://www.homes.bg/api/offers?currencyId=1&filterOrderBy=0&locationId=1&typeId=ApartmentSell&neighbourhoods%5B%5D=403,82,София,4.0,['Дианабад'],апартамент
1624791,as,https://homes.bg/offer/apartament-za-prodazhba/dvustaen-66m2-sofiya-zhk.-dianabad/as1624791,,"жк. Дианабад, София","Двустаен, 66m²","Тухла, Обзаведен, ТЕЦ",1,"['https://homes.bg/2025-04-27_1/113905645', 'https://homes.bg/2025-04-27_1/113905646', 'https://homes.bg/2025-04-27_1/113905647', 'https://homes.bg/2025-04-27_1/113905648', 'https://homes.bg/2025-04-27_1/113905649', 'https://homes.bg/2025-04-27_1/113905650', 'https://homes.bg/2025-04-27_1/113905651', 'https://homes.bg/2025-04-27_1/113905652', 'https://homes.bg/2025-04-27_1/113905653', 'https://homes.bg/2025-04-27_1/113905654']",222000.0,EUR,"3,363 EUR/m²",,,False, продажба,PropertyType.DVUSTAEN,2025-10-11 18:03:38.357945,https://www.homes.bg/api/offers?currencyId=1&filterOrderBy=0&locationId=1&typeId=ApartmentSell&neighbourhoods%5B%5D=403,82,София,10.0,['Дианабад'],апартамент
1648446,as,https://homes.bg/offer/apartament-za-prodazhba/dvustaen-89m2-sofiya-zhk.-dianabad/as1648446,,"жк. Дианабад, София","Двустаен, 89m²","Тухла, Необзаведен, ТЕЦ",1,"['https://homes.bg/2025-09-12_2/115668190', 'https://homes.bg/2025-09-12_2/115668188', 'https://homes.bg/2025-09-12_2/115668189', 'https://homes.bg/2025-09-12_2/115668191', 'https://homes.bg/2025-09-12_2/115668192', 'https://homes.bg/2025-09-12_2/115668193', 'https://homes.bg/2025-09-12_2/115668194', 'https://homes.bg/2025-09-12_2/115668195']",230000.0,EUR,"2,584 EUR/m²",,,False, продажба,PropertyType.DVUSTAEN,2025-10-11 18:03:38.357961,https://www.homes.bg/api/offers?currencyId=1&filterOrderBy=0&locationId=1&typeId=ApartmentSell&neighbourhoods%5B%5D=403,82,София,8.0,['Дианабад'],апартамент
1612120,as,https://homes.bg/offer/apartament-za-prodazhba/tristaen-231m2-sofiya-zhk.-dianabad/as1612120,,"жк. Дианабад, София","Тристаен, 231m²","Тухла, Необзаведен, ТЕЦ",1,"['https://homes.bg/2025-02-14_1/113040612', 'https://homes.bg/2025-02-14_1/113040613', 'https://homes.bg/2025-02-14_1/113040614', 'https://homes.bg/2025-02-14_1/113040615', 'https://homes.bg/2025-02-14_1/113040616', 'https://homes.bg/2025-02-14_1/113040617', 'https://homes.bg/2025-02-14_1/113040618', 'https://homes.bg/2025-02-14_1/113040619', 'https://homes.bg/2025-02-14_1/113040620', 'https://homes.bg/2025-02-14_1/113040621']",550000.0,EUR,"2,380 EUR/m²",,,False, продажба,PropertyType.TRISTAEN,2025-10-11 18:03:38.357977,https://www.homes.bg/api/offers?currencyId=1&filterOrderBy=0&locationId=1&typeId=ApartmentSell&neighbourhoods%5B%5D=403,82,София,10.0,['Дианабад'],апартамент
1647681,as,https://homes.bg/offer/apartament-za-prodazhba/tristaen-81m2-sofiya-zhk.-dianabad/as1647681,,"жк. Дианабад, София","Тристаен, 81m²","Панел, Необзаведен, ТЕЦ",1,"['https://homes.bg/2025-09-10_2/115627618', 'https://homes.bg/2025-09-10_2/115627619', 'https://homes.bg/2025-09-10_2/115627620', 'https://homes.bg/2025-09-10_2/115627621', 'https://homes.bg/2025-09-10_2/115627622', 'https://homes.bg/2025-09-10_2/115627623', 'https://homes.bg/2025-09-10_2/115627624', 'https://homes.bg/2025-09-10_2/115627625', 'https://homes.bg/2025-09-10_2/115627626', 'https://homes.bg/2025-09-10_2/115627627']",205000.0,EUR,"2,530 EUR/m²",,,False, продажба,PropertyType.TRISTAEN,2025-10-11 18:03:38.357992,https://www.homes.bg/api/offers?currencyId=1&filterOrderBy=0&locationId=1&typeId=ApartmentSell&neighbourhoods%5B%5D=403,82,София,10.0,['Дианабад'],апартамент
1549100,as,https://homes.bg/offer/apartament-za-prodazhba/tristaen-97m2-sofiya-zhk.-dianabad/as1549100,,"жк. Дианабад, София","Тристаен, 97m²","Панел, Обзаведен, ТЕЦ",1,"['https://homes.bg/2024-02-20_2/108437749', 'https://homes.bg/2024-02-20_2/108437750', 'https://homes.bg/2024-02-20_2/108437751', 'https://homes.bg/2024-02-20_2/108437752', 'https://homes.bg/2024-02-20_2/108437753', 'https://homes.bg/2024-02-20_2/108437754', 'https://homes.bg/2024-02-20_2/108437755', 'https://homes.bg/2024-02-20_2/108437756', 'https://homes.bg/2024-02-20_2/108437757', 'https://homes.bg/2024-02-20_2/108437758']",185000.0,EUR,"1,907 EUR/m²",,,False, продажба,PropertyType.TRISTAEN,2025-10-11 18:03:38.358008,https://www.homes.bg/api/offers?currencyId=1&filterOrderBy=0&locationId=1&typeId=ApartmentSell&neighbourhoods%5B%5D=403,82,София,10.0,['Дианабад'],апартамент
1643410,as,https://homes.bg/offer/apartament-za-prodazhba/ednostaen-47m2-sofiya-zhk.-dianabad/as1643410,,"жк. Дианабад, София","Едностаен, 47m²",Панел,1,"['https://homes.bg/2025-08-12_2/115292328', 'https://homes.bg/2025-08-12_2/115292329', 'https://homes.bg/2025-08-12_2/115292330']",152000.0,EUR,"3,234 EUR/m²",,,False, продажба,PropertyType.EDNOSTAEN,2025-10-11 18:03:38.358020,https://www.homes.bg/api/offers?currencyId=1&filterOrderBy=0&locationId=1&typeId=ApartmentSell&neighbourhoods%5B%5D=403,82,София,3.0,['Дианабад'],апартамент
1642846,as,https://homes.bg/offer/apartament-za-prodazhba/chetiristaen-194m2-sofiya-zhk.-dianabad/as1642846,,"жк. Дианабад, София","Четиристаен, 194m²","Тухла, Необзаведен, Електричество",1,"['https://homes.bg/2025-08-08_2/115248032', 'https://homes.bg/2025-08-08_2/115248033', 'https://homes.bg/2025-08-08_2/115248034', 'https://homes.bg/2025-08-08_2/115248035', 'https://homes.bg/2025-08-08_2/115248036', 'https://homes.bg/2025-08-08_2/115248037', 'https://homes.bg/2025-08-08_2/115248038', 'https://homes.bg/2025-08-08_2/115248039', 'https://homes.bg/2025-08-08_2/115248040', 'https://homes.bg/2025-08-08_2/115248041']",415000.0,EUR,"2,139 EUR/m²",,,False, продажба,PropertyType.CHETIRISTAEN,2025-10-11 18:03:38.358037,https://www.homes.bg/api/offers?currencyId=1&filterOrderBy=0&locationId=1&typeId=ApartmentSell&neighbourhoods%5B%5D=403,82,София,10.0,['Дианабад'],апартамент
1628296,as,https://homes.bg/offer/apartament-za-prodazhba/tristaen-65m2-sofiya-zhk.-dianabad/as1628296,,"жк. Дианабад, София","Тристаен, 65m²","Панел, Обзаведен, ТЕЦ",1,"['https://homes.bg/2025-08-02_2/115170135', 'https://homes.bg/2025-08-02_2/115170136', 'https://homes.bg/2025-08-02_2/115170137', 'https://homes.bg/2025-08-02_2/115170138', 'https://homes.bg/2025-08-02_2/115170139', 'https://homes.bg/2025-08-02_2/115170140', 'https://homes.bg/2025-08-02_2/115170141', 'https://homes.bg/2025-08-02_2/115170142', 'https://homes.bg/2025-08-02_2/115170143', 'https://homes.bg/2025-08-02_2/115170144']",220000.0,EUR,"3,384 EUR/m²",,,False, продажба,PropertyType.TRISTAEN,2025-10-11 18:03:38.358053,https://www.homes.bg/api/offers?currencyId=1&filterOrderBy=0&locationId=1&typeId=ApartmentSell&neighbourhoods%5B%5D=403,82,София,10.0,['Дианабад'],апартамент
1617970,as,https://homes.bg/offer/apartament-za-prodazhba/dvustaen-65m2-sofiya-zhk.-dianabad/as1617970,,"жк. Дианабад, София","Двустаен, 65m²","Тухла, Обзаведен, ТЕЦ",1,"['https://homes.bg/2025-07-30_2/115125309', 'https://homes.bg/2025-07-30_2/115125310', 'https://homes.bg/2025-07-30_2/115125311', 'https://homes.bg/2025-07-30_2/115125312', 'https://homes.bg/2025-07-30_2/115125313', 'https://homes.bg/2025-07-30_2/115125314', 'https://homes.bg/2025-07-30_2/115125315']",239000.0,EUR,"3,676 EUR/m²",,,False, продажба,PropertyType.DVUSTAEN,2025-10-11 18:03:38.358069,https://www.homes.bg/api/offers?currencyId=1&filterOrderBy=0&locationId=1&typeId=ApartmentSell&neighbourhoods%5B%5D=403,82,София,7.0,['Дианабад'],апартамент
1634170,as,https://homes.bg/offer/apartament-za-prodazhba/dvustaen-67m2-sofiya-zhk.-dianabad/as1634170,,"жк. Дианабад, София","Двустаен, 67m²","Тухла, ТЕЦ",1,"['https://homes.bg/2025-06-18_1/114592579', 'https://homes.bg/2025-06-18_1/114592580', 'https://homes.bg/2025-06-18_1/114592581', 'https://homes.bg/2025-06-18_1/114592582', 'https://homes.bg/2025-06-18_1/114592583', 'https://homes.bg/2025-06-18_1/114592584', 'https://homes.bg/2025-06-18_1/114592585', 'https://homes.bg/2025-06-18_1/114592586', 'https://homes.bg/2025-06-18_1/114592587']",229900.0,EUR,"3,431 EUR/m²",,,False, продажба,PropertyType.DVUSTAEN,2025-10-11 18:03:38.358085,https://www.homes.bg/api/offers?currencyId=1&filterOrderBy=0&locationId=1&typeId=ApartmentSell&neighbourhoods%5B%5D=403,82,София,9.0,['Дианабад'],апартамент
1618293,as,https://homes.bg/offer/apartament-za-prodazhba/tristaen-120m2-sofiya-zhk.-dianabad/as1618293,,"жк. Дианабад, София","Тристаен, 120m²",Тухла,1,"['https://homes.bg/2025-03-20_1/113435457', 'https://homes.bg/2025-03-20_1/113435459', 'https://homes.bg/2025-03-20_1/113435460', 'https://homes.bg/2025-03-20_1/113435461', 'https://homes.bg/2025-03-20_1/113435462', 'https://homes.bg/2025-03-20_1/113435463', 'https://homes.bg/2025-03-20_1/113435464', 'https://homes.bg/2025-03-20_1/113435465']",265000.0,EUR,"2,208 EUR/m²",,,False, продажба,PropertyType.TRISTAEN,2025-10-11 18:03:38.358100,https://www.homes.bg/api/offers?currencyId=1&filterOrderBy=0&locationId=1&typeId=ApartmentSell&neighbourhoods%5B%5D=403,82,София,8.0,['Дианабад'],апартамент
1577551,as,https://homes.bg/offer/apartament-za-prodazhba/dvustaen-63m2-sofiya-zhk.-dianabad/as1577551,,"жк. Дианабад, София","Двустаен, 63m²","Тухла, Необзаведен",1,"['https://homes.bg/2025-07-24_2/115047202', 'https://homes.bg/2025-07-24_2/115047203', 'https://homes.bg/2025-07-24_2/115047204', 'https://homes.bg/2025-07-24_2/115047205', 'https://homes.bg/2025-07-24_2/115047206', 'https://homes.bg/2025-07-24_2/115047207', 'https://homes.bg/2025-07-24_2/115047208', 'https://homes.bg/2025-07-24_2/115047209', 'https://homes.bg/2025-07-24_2/115047210', 'https://homes.bg/2025-07-24_2/115047211']",308945.0,EUR,"4,903 EUR/m²",,,False, продажба,PropertyType.DVUSTAEN,2025-10-11 18:03:38.358115,https://www.homes.bg/api/offers?currencyId=1&filterOrderBy=0&locationId=1&typeId=ApartmentSell&neighbourhoods%5B%5D=403,82,София,10.0,['Дианабад'],апартамент
1577553,as,https://homes.bg/offer/apartament-za-prodazhba/chetiristaen-174m2-sofiya-zhk.-dianabad/as1577553,,"жк. Дианабад, София","Четиристаен, 174m²",Тухла,1,"['https://homes.bg/2025-07-24_2/115047212', 'https://homes.bg/2025-07-24_2/115047213', 'https://homes.bg/2025-07-24_2/115047214', 'https://homes.bg/2025-07-24_2/115047215', 'https://homes.bg/2025-07-24_2/115047216', 'https://homes.bg/2025-07-24_2/115047217', 'https://homes.bg/2025-07-24_2/115047218', 'https://homes.bg/2025-07-24_2/115047219', 'https://homes.bg/2025-07-24_2/115047220', 'https://homes.bg/2025-07-24_2/115047221']",850493.0,EUR,"4,887 EUR/m²",,,False, продажба,PropertyType.CHETIRISTAEN,2025-10-11 18:03:38.358131,https://www.homes.bg/api/offers?currencyId=1&filterOrderBy=0&locationId=1&typeId=ApartmentSell&neighbourhoods%5B%5D=403,82,София,10.0,['Дианабад'],апартамент
1628662,as,https://homes.bg/offer/apartament-za-prodazhba/tristaen-83m2-sofiya-zhk.-dianabad/as1628662,,"жк. Дианабад, София","Тристаен, 83m²","Тухла, ТЕЦ",1,"['https://homes.bg/2025-07-24_2/115047192', 'https://homes.bg/2025-07-24_2/115047193', 'https://homes.bg/2025-07-24_2/115047194', 'https://homes.bg/2025-07-24_2/115047195', 'https://homes.bg/2025-07-24_2/115047196', 'https://homes.bg/2025-07-24_2/115047197', 'https://homes.bg/2025-07-24_2/115047198', 'https://homes.bg/2025-07-24_2/115047199', 'https://homes.bg/2025-07-24_2/115047200', 'https://homes.bg/2025-07-24_2/115047201']",391510.0,EUR,"4,716 EUR/m²",,,False, продажба,PropertyType.TRISTAEN,2025-10-11 18:03:38.358147,https://www.homes.bg/api/offers?currencyId=1&filterOrderBy=0&locationId=1&typeId=ApartmentSell&neighbourhoods%5B%5D=403,82,София,10.0,['Дианабад'],апартамент
1638109,as,https://homes.bg/offer/apartament-za-prodazhba/mnogostaen-139m2-sofiya-zhk.-dianabad/as1638109,,"жк. Дианабад, София","Многостаен, 139m²","Тухла, Обзаведен, ТЕЦ",1,['https://homes.bg/2025-07-11_1/114885034'],315500.0,EUR,"2,269 EUR/m²",,,False, продажба,PropertyType.MNOGOSTAEN,2025-10-11 18:03:38.358159,https://www.homes.bg/api/offers?currencyId=1&filterOrderBy=0&locationId=1&typeId=ApartmentSell&neighbourhoods%5B%5D=403,82,София,1.0,['Дианабад'],апартамент
1614490,as,https://homes.bg/offer/apartament-za-prodazhba/tristaen-220m2-sofiya-zhk.-dianabad/as1614490,,"жк. Дианабад, София","Тристаен, 220m²","Тухла, ТЕЦ",1,"['https://homes.bg/2025-07-04_2/114799313', 'https://homes.bg/2025-07-04_2/114799314']",550000.0,EUR,"2,500 EUR/m²",,,False, продажба,PropertyType.TRISTAEN,2025-10-11 18:03:38.358170,https://www.homes.bg/api/offers?currencyId=1&filterOrderBy=0&locationId=1&typeId=ApartmentSell&neighbourhoods%5B%5D=403,82,София,2.0,['Дианабад'],апартамент
1631373,as,https://homes.bg/offer/apartament-za-prodazhba/tristaen-127m2-sofiya-zhk.-dianabad/as1631373,,"жк. Дианабад, София","Тристаен, 127m²","Тухла, ТЕЦ",1,[],409955.0,EUR,"3,227 EUR/m²",,,False, продажба,PropertyType.TRISTAEN,2025-10-11 18:03:38.358180,https://www.homes.bg/api/offers?currencyId=1&filterOrderBy=0&locationId=1&typeId=ApartmentSell&neighbourhoods%5B%5D=403,82,София,0.0,['Дианабад'],апартамент
1631374,as,https://homes.bg/offer/apartament-za-prodazhba/tristaen-104m2-sofiya-zhk.-dianabad/as1631374,,"жк. Дианабад, София","Тристаен, 104m²","Тухла, ТЕЦ",1,[],341710.0,EUR,"3,285 EUR/m²",,,False, продажба,PropertyType.TRISTAEN,2025-10-11 18:03:38.358191,https://www.homes.bg/api/offers?currencyId=1&filterOrderBy=0&locationId=1&typeId=ApartmentSell&neighbourhoods%5B%5D=403,82,София,0.0,['Дианабад'],апартамент
1628794,as,https://homes.bg/offer/apartament-za-prodazhba/dvustaen-60m2-sofiya-zhk.-dianabad/as1628794,,"жк. Дианабад, София","Двустаен, 60m²","Тухла, ТЕЦ",1,[],176199.0,EUR,"2,936 EUR/m²",,,False, продажба,PropertyType.DVUSTAEN,2025-10-11 18:03:38.358201,https://www.homes.bg/api/offers?currencyId=1&filterOrderBy=0&locationId=1&typeId=ApartmentSell&neighbourhoods%5B%5D=403,82,София,0.0,['Дианабад'],апартамент
1623647,as,https://homes.bg/offer/apartament-za-prodazhba/mnogostaen-14486m2-sofiya-zhk.-dianabad/as1623647,,"жк. Дианабад, София","Многостаен, 14486m²","Тухла, ТЕЦ",1,['https://homes.bg/2025-04-18_1/113812835'],0.0,EUR,0 EUR/m²,,,False, продажба,PropertyType.MNOGOSTAEN,2025-10-11 18:03:38.358212,https://www.homes.bg/api/offers?currencyId=1&filterOrderBy=0&locationId=1&typeId=ApartmentSell&neighbourhoods%5B%5D=403,82,София,1.0,['Дианабад'],апартамент
1628274,as,https://homes.bg/offer/apartament-za-prodazhba/tristaen-100m2-sofiya-zhk.-dianabad/as1628274,,"жк. Дианабад, София","Тристаен, 100m²","Тухла, ТЕЦ",1,[],297708.0,EUR,"2,977 EUR/m²",,,False, продажба,PropertyType.TRISTAEN,2025-10-11 18:03:38.358244,https://www.homes.bg/api/offers?currencyId=1&filterOrderBy=0&locationId=1&typeId=ApartmentSell&neighbourhoods%5B%5D=403,82,София,0.0,['Дианабад'],апартамент
1629002,as,https://homes.bg/offer/apartament-za-prodazhba/chetiristaen-137m2-sofiya-zhk.-dianabad/as1629002,,"жк. Дианабад, София","Четиристаен, 137m²","Тухла, ТЕЦ",1,[],450565.0,EUR,"3,288 EUR/m²",,,False, продажба,PropertyType.CHETIRISTAEN,2025-10-11 18:03:38.358255,https://www.homes.bg/api/offers?currencyId=1&filterOrderBy=0&locationId=1&typeId=ApartmentSell&neighbourhoods%5B%5D=403,82,София,0.0,['Дианабад'],апартамент
1629001,as,https://homes.bg/offer/apartament-za-prodazhba/tristaen-77m2-sofiya-zhk.-dianabad/as1629001,,"жк. Дианабад, София","Тристаен, 77m²","Тухла, ТЕЦ",1,[],237035.0,EUR,"3,078 EUR/m²",,,False, продажба,PropertyType.TRISTAEN,2025-10-11 18:03:38.358266,https://www.homes.bg/api/offers?currencyId=1&filterOrderBy=0&locationId=1&typeId=ApartmentSell&neighbourhoods%5B%5D=403,82,София,0.0,['Дианабад'],апартамент
1628796,as,https://homes.bg/offer/apartament-za-prodazhba/tristaen-126m2-sofiya-zhk.-dianabad/as1628796,,"жк. Дианабад, София","Тристаен, 126m²","Тухла, ТЕЦ",1,[],383772.0,EUR,"3,045 EUR/m²",,,False, продажба,PropertyType.TRISTAEN,2025-10-11 18:03:38.358276,https://www.homes.bg/api/offers?currencyId=1&filterOrderBy=0&locationId=1&typeId=ApartmentSell&neighbourhoods%5B%5D=403,82,София,0.0,['Дианабад'],апартамент
1628795,as,https://homes.bg/offer/apartament-za-prodazhba/tristaen-127m2-sofiya-zhk.-dianabad/as1628795,,"жк. Дианабад, София","Тристаен, 127m²",Тухла,1,[],386928.0,EUR,"3,046 EUR/m²",,,False, продажба,PropertyType.TRISTAEN,2025-10-11 18:03:38.358289,https://www.homes.bg/api/offers?currencyId=1&filterOrderBy=0&locationId=1&typeId=ApartmentSell&neighbourhoods%5B%5D=403,82,София,0.0,['Дианабад'],апартамент
1628276,as,https://homes.bg/offer/apartament-za-prodazhba/dvustaen-73m2-sofiya-zhk.-dianabad/as1628276,,"жк. Дианабад, София","Двустаен, 73m²","Тухла, ТЕЦ",1,[],217553.0,EUR,"2,980 EUR/m²",,,False, продажба,PropertyType.DVUSTAEN,2025-10-11 18:03:38.358302,https://www.homes.bg/api/offers?currencyId=1&filterOrderBy=0&locationId=1&typeId=ApartmentSell&neighbourhoods%5B%5D=403,82,София,0.0,['Дианабад'],апартамент
1628275,as,https://homes.bg/offer/apartament-za-prodazhba/tristaen-99m2-sofiya-zhk.-dianabad/as1628275,,"жк. Дианабад, София","Тристаен, 99m²","Тухла, ТЕЦ",1,[],294932.0,EUR,"2,979 EUR/m²",,,False, продажба,PropertyType.TRISTAEN,2025-10-11 18:03:38.358313,https://www.homes.bg/api/offers?currencyId=1&filterOrderBy=0&locationId=1&typeId=ApartmentSell&neighbourhoods%5B%5D=403,82,София,0.0,['Дианабад'],апартамент
1628272,as,https://homes.bg/offer/apartament-za-prodazhba/dvustaen-74m2-sofiya-zhk.-dianabad/as1628272,,"жк. Дианабад, София","Двустаен, 74m²","Тухла, ТЕЦ",1,[],220681.0,EUR,"2,982 EUR/m²",,,False, продажба,PropertyType.DVUSTAEN,2025-10-11 18:03:38.358323,https://www.homes.bg/api/offers?currencyId=1&filterOrderBy=0&locationId=1&typeId=ApartmentSell&neighbourhoods%5B%5D=403,82,София,0.0,['Дианабад'],апартамент
1628270,as,https://homes.bg/offer/apartament-za-prodazhba/dvustaen-62m2-sofiya-zhk.-dianabad/as1628270,,"жк. Дианабад, София","Двустаен, 62m²","Тухла, ТЕЦ",1,[],181018.0,EUR,"2,919 EUR/m²",,,False, продажба,PropertyType.DVUSTAEN,2025-10-11 18:03:38.358333,https://www.homes.bg/api/offers?currencyId=1&filterOrderBy=0&locationId=1&typeId=ApartmentSell&neighbourhoods%5B%5D=403,82,София,0.0,['Дианабад'],апартамент
1544431,as,https://homes.bg/offer/apartament-za-prodazhba/dvustaen-89m2-sofiya-zhk.-dianabad/as1544431,,"жк. Дианабад, София","Двустаен, 89m²",Необзаведен,1,"['https://homes.bg/2024-01-30_1/108125072', 'https://homes.bg/2024-01-30_1/108125073', 'https://homes.bg/2024-01-30_1/108125074', 'https://homes.bg/2024-01-30_1/108125075', 'https://homes.bg/2024-01-30_1/108125076', 'https://homes.bg/2024-01-30_1/108125077']",235000.0,EUR,"2,640 EUR/m²",,,False, продажба,PropertyType.DVUSTAEN,2025-10-11 18:03:38.358346,https://www.homes.bg/api/offers?currencyId=1&filterOrderBy=0&locationId=1&typeId=ApartmentSell&neighbourhoods%5B%5D=403,82,София,6.0,['Дианабад'],апартамент
1572191,as,https://homes.bg/offer/apartament-za-prodazhba/dvustaen-89m2-sofiya-zhk.-dianabad/as1572191,,"жк. Дианабад, София","Двустаен, 89m²",Необзаведен,1,"['https://homes.bg/2024-06-18_1/110057020', 'https://homes.bg/2024-06-18_1/110057021', 'https://homes.bg/2024-06-18_1/110057022', 'https://homes.bg/2024-06-18_1/110057023', 'https://homes.bg/2024-06-18_1/110057024', 'https://homes.bg/2024-06-18_1/110057025']",230000.0,EUR,"2,584 EUR/m²",,,False, продажба,PropertyType.DVUSTAEN,2025-10-11 18:03:38.358360,https://www.homes.bg/api/offers?currencyId=1&filterOrderBy=0&locationId=1&typeId=ApartmentSell&neighbourhoods%5B%5D=403,82,София,6.0,['Дианабад'],апартамент
1497251,as,https://homes.bg/offer/apartament-za-prodazhba/tristaen-210m2-sofiya-zhk.-dianabad/as1497251,,"жк. Дианабад, София","Тристаен, 210m²",Необзаведен,1,"['https://homes.bg/2023-06-06_1/100307370', 'https://homes.bg/2023-06-06_1/100307373', 'https://homes.bg/2023-06-06_1/100307375', 'https://homes.bg/2023-06-06_1/100307377', 'https://homes.bg/2023-06-06_1/100307380', 'https://homes.bg/2023-06-06_1/100307382']",550000.0,EUR,"2,619 EUR/m²",,,False, продажба,PropertyType.TRISTAEN,2025-10-11 18:03:38.358373,https://www.homes.bg/api/offers?currencyId=1&filterOrderBy=0&locationId=1&typeId=ApartmentSell&neighbourhoods%5B%5D=403,82,София,6.0,['Дианабад'],апартамент
1614620,as,https://homes.bg/offer/apartament-za-prodazhba/dvustaen-89m2-sofiya-zhk.-dianabad/as1614620,,"жк. Дианабад, София","Двустаен, 89m²","Тухла, Прокарва се",1,[],235000.0,EUR,"2,640 EUR/m²",,,False, продажба,PropertyType.DVUSTAEN,2025-10-11 18:03:38.358383,https://www.homes.bg/api/offers?currencyId=1&filterOrderBy=0&locationId=1&typeId=ApartmentSell&neighbourhoods%5B%5D=403,82,София,0.0,['Дианабад'],апартамент
1614786,as,https://homes.bg/offer/apartament-za-prodazhba/tristaen-209m2-sofiya-zhk.-dianabad/as1614786,,"жк. Дианабад, София","Тристаен, 209m²","Тухла, Прокарва се",1,[],550000.0,EUR,"2,631 EUR/m²",,,False, продажба,PropertyType.TRISTAEN,2025-10-11 18:03:38.358393,https://www.homes.bg/api/offers?currencyId=1&filterOrderBy=0&locationId=1&typeId=ApartmentSell&neighbourhoods%5B%5D=403,82,София,0.0,['Дианабад'],апартамент
1494805,as,https://homes.bg/offer/apartament-za-prodazhba/dvustaen-89m2-sofiya-zhk.-dianabad/as1494805,,"жк. Дианабад, София","Двустаен, 89m²","Тухла, Необзаведен, ТЕЦ",1,"['https://homes.bg/2025-02-25_2/113156066', 'https://homes.bg/2025-02-25_2/113156067']",276000.0,EUR,"3,101 EUR/m²",,,False, продажба,PropertyType.DVUSTAEN,2025-10-11 18:03:38.358404,https://www.homes.bg/api/offers?currencyId=1&filterOrderBy=0&locationId=1&typeId=ApartmentSell&neighbourhoods%5B%5D=403,82,София,2.0,['Дианабад'],апартамент
1494809,as,https://homes.bg/offer/apartament-za-prodazhba/tristaen-209m2-sofiya-zhk.-dianabad/as1494809,,"жк. Дианабад, София","Тристаен, 209m²","Тухла, Необзаведен, ТЕЦ",1,"['https://homes.bg/2025-02-25_2/113156068', 'https://homes.bg/2025-02-25_2/113156069']",660000.0,EUR,"3,157 EUR/m²",,,False, продажба,PropertyType.TRISTAEN,2025-10-11 18:03:38.358418,https://www.homes.bg/api/offers?currencyId=1&filterOrderBy=0&locationId=1&typeId=ApartmentSell&neighbourhoods%5B%5D=403,82,София,2.0,['Дианабад'],апартамент
1587734,as,https://homes.bg/offer/apartament-za-prodazhba/dvustaen-75m2-sofiya-zhk.-dianabad/as1587734,,"жк. Дианабад, София","Двустаен, 75m²","Тухла, Необзаведен, ТЕЦ",1,"['https://homes.bg/2024-09-13_2/111223784', 'https://homes.bg/2024-09-13_2/111223790', 'https://homes.bg/2024-09-13_2/111223786', 'https://homes.bg/2024-09-13_2/111223789', 'https://homes.bg/2024-09-13_2/111223785', 'https://homes.bg/2024-09-13_2/111223788', 'https://homes.bg/2024-09-13_2/111223791', 'https://homes.bg/2024-09-13_2/111223787']",149900.0,EUR,"1,998 EUR/m²",,,False, продажба,PropertyType.DVUSTAEN,2025-10-11 18:03:38.358431,https://www.homes.bg/api/offers?currencyId=1&filterOrderBy=0&locationId=1&typeId=ApartmentSell&neighbourhoods%5B%5D=403,82,София,8.0,['Дианабад'],апартамент
1443895,as,https://homes.bg/offer/apartament-za-prodazhba/dvustaen-112m2-sofiya-zhk.-dianabad/as1443895,,"жк. Дианабад, София","Двустаен, 112m²","Тухла, Необзаведен",1,"['https://homes.bg/2023-11-10_2/107192074', 'https://homes.bg/2023-11-10_2/107192075', 'https://homes.bg/2023-11-10_2/107192076', 'https://homes.bg/2023-11-10_2/107192077', 'https://homes.bg/2023-11-10_2/107192078', 'https://homes.bg/2023-11-10_2/107192079', 'https://homes.bg/2023-11-10_2/107192080', 'https://homes.bg/2023-11-10_2/107192081', 'https://homes.bg/2023-11-10_2/107192082', 'https://homes.bg/2023-11-10_2/107192083']",128000.0,EUR,"1,142 EUR/m²",,,False, продажба,PropertyType.DVUSTAEN,2025-10-11 18:03:38.358445,https://www.homes.bg/api/offers?currencyId=1&filterOrderBy=0&locationId=1&typeId=ApartmentSell&neighbourhoods%5B%5D=403,82,София,10.0,['Дианабад'],апартамент
1412117,as,https://homes.bg/offer/apartament-za-prodazhba/dvustaen-50m2-sofiya-zhk.-dianabad/as1412117,,"жк. Дианабад, София","Двустаен, 50m²","ЕПК, Обзаведен, ТЕЦ",1,"['https://homes.bg/2023-01-09_2/93662044', 'https://homes.bg/2023-01-09_2/93662045', 'https://homes.bg/2023-01-09_2/93662046', 'https://homes.bg/2023-01-09_2/93662047', 'https://homes.bg/2023-01-09_2/93662048', 'https://homes.bg/2023-01-09_2/93662049', 'https://homes.bg/2023-01-09_2/93662050', 'https://homes.bg/2023-01-09_2/93662051', 'https://homes.bg/2023-01-09_2/93662052', 'https://homes.bg/2023-01-09_2/93662053']",114000.0,EUR,"2,280 EUR/m²",,,False, продажба,PropertyType.DVUSTAEN,2025-10-11 18:03:38.358459,https://www.homes.bg/api/offers?currencyId=1&filterOrderBy=0&locationId=1&typeId=ApartmentSell&neighbourhoods%5B%5D=403,82,София,10.0,['Дианабад'],апартамент
1609962,as,https://homes.bg/offer/apartament-za-prodazhba/tristaen-75m2-sofiya-zhk.-dianabad/as1609962,,"жк. Дианабад, София","Тристаен, 75m²","Панел, Обзаведен, ТЕЦ",1,"['https://homes.bg/2025-02-04_1/112920925', 'https://homes.bg/2025-02-04_1/112920926', 'https://homes.bg/2025-02-04_1/112920927', 'https://homes.bg/2025-02-04_1/112920928', 'https://homes.bg/2025-02-04_1/112920929', 'https://homes.bg/2025-02-04_1/112920930']",219000.0,EUR,"2,920 EUR/m²",,,False, продажба,PropertyType.TRISTAEN,2025-10-11 18:03:38.358472,https://www.homes.bg/api/offers?currencyId=1&filterOrderBy=0&locationId=1&typeId=ApartmentSell&neighbourhoods%5B%5D=403,82,София,6.0,['Дианабад'],апартамент
1452144,as,https://homes.bg/offer/apartament-za-prodazhba/dvustaen-65m2-sofiya-zhk.-dianabad/as1452144,,"жк. Дианабад, София","Двустаен, 65m²","Тухла, Необзаведен",1,"['https://homes.bg/2022-11-08_1/90955177', 'https://homes.bg/2022-11-08_1/90955178', 'https://homes.bg/2022-11-08_1/90955179']",129000.0,EUR,"1,984 EUR/m²",,,False, продажба,PropertyType.DVUSTAEN,2025-10-11 18:03:38.358485,https://www.homes.bg/api/offers?currencyId=1&filterOrderBy=0&locationId=1&typeId=ApartmentSell&neighbourhoods%5B%5D=403,82,София,3.0,['Дианабад'],апартамент
1625284,as,https://homes.bg/offer/apartament-za-prodazhba/tristaen-75m2-sofiya-zhk.-dianabad/as1625284,,"жк. Дианабад, София","Тристаен, 75m²","Панел, Обзаведен, ТЕЦ",1,[],200000.0,EUR,"2,666 EUR/m²",,,False, продажба,PropertyType.TRISTAEN,2025-10-11 18:03:38.358495,https://www.homes.bg/api/offers?currencyId=1&filterOrderBy=0&locationId=1&typeId=ApartmentSell&neighbourhoods%5B%5D=403,82,София,0.0,['Дианабад'],апартамент
