raw_title,raw_description,price,currency,without_dds,offer_type,property_type,city,neighborhood,contact_info,agency,agency_url,details_url,num_photos,date_time_added,search_url,site,total_offers,date,ref_no,time,price_per_m2,area,floor
"Двустаен, 98m²","Тухла, Електричество",400000.0,EUR,False, продажба,двустаен,София,жк. Лозенец,,,,https://homes.bg/offer/apartament-za-prodazhba/dvustaen-98m2-sofiya-zhk.-lozenec/as1645406,10.0,2025-11-06 18:04:13.336147,https://www.homes.bg/api/offers?currencyId=1&filterOrderBy=0&locationId=1&typeId=ApartmentSell&neighbourhoods%5B%5D=447,homes.bg,339,2025-11-06,1645406,днес,,,
"Тристаен, 128m²","Тухла, Електричество",432500.0,EUR,False, продажба,тристаен,София,жк. Лозенец,,,,https://homes.bg/offer/apartament-za-prodazhba/tristaen-128m2-sofiya-zhk.-lozenec/as1645264,10.0,2025-11-06 18:04:13.336232,https://www.homes.bg/api/offers?currencyId=1&filterOrderBy=0&locationId=1&typeId=ApartmentSell&neighbourhoods%5B%5D=447,homes.bg,339,2025-11-06,1645264,днес,,,
"Четиристаен, 120m²","Тухла, Електричество",450000.0,EUR,False, продажба,четиристаен,София,жк. Лозенец,,,,https://homes.bg/offer/apartament-za-prodazhba/chetiristaen-120m2-sofiya-zhk.-lozenec/as1563368,10.0,2025-11-06 18:04:13.336262,https://www.homes.bg/api/offers?currencyId=1&filterOrderBy=0&locationId=1&typeId=ApartmentSell&neighbourhoods%5B%5D=447,homes.bg,339,2025-11-06,1563368,днес,,,
"Четиристаен, 181m²",Тухла,1049280.0,EUR,False, продажба,четиристаен,София,жк. Лозенец,,,,https://homes.bg/offer/apartament-za-prodazhba/chetiristaen-181m2-sofiya-zhk.-lozenec/as1645522,8.0,2025-11-06 18:04:13.336284,https://www.homes.bg/api/offers?currencyId=1&filterOrderBy=0&locationId=1&typeId=ApartmentSell&neighbourhoods%5B%5D=447,homes.bg,339,2025-11-06,1645522,днес,,,
"Тристаен, 130m²",Тухла,430400.0,EUR,False, продажба,тристаен,София,жк. Лозенец,,,,https://homes.bg/offer/apartament-za-prodazhba/tristaen-130m2-sofiya-zhk.-lozenec/as1645410,10.0,2025-11-06 18:04:13.336305,https://www.homes.bg/api/offers?currencyId=1&filterOrderBy=0&locationId=1&typeId=ApartmentSell&neighbourhoods%5B%5D=447,homes.bg,339,2025-11-06,1645410,днес,,,
"Тристаен, 130m²","Тухла, Електричество",453600.0,EUR,False, продажба,тристаен,София,жк. Лозенец,,,,https://homes.bg/offer/apartament-za-prodazhba/tristaen-130m2-sofiya-zhk.-lozenec/as1645408,10.0,2025-11-06 18:04:13.336328,https://www.homes.bg/api/offers?currencyId=1&filterOrderBy=0&locationId=1&typeId=ApartmentSell&neighbourhoods%5B%5D=447,homes.bg,339,2025-11-06,1645408,днес,,,
"Тристаен, 128m²","Тухла, Електричество",413700.0,EUR,False, продажба,тристаен,София,жк. Лозенец,,,,https://homes.bg/offer/apartament-za-prodazhba/tristaen-128m2-sofiya-zhk.-lozenec/as1645266,10.0,2025-11-06 18:04:13.336349,https://www.homes.bg/api/offers?currencyId=1&filterOrderBy=0&locationId=1&typeId=ApartmentSell&neighbourhoods%5B%5D=447,homes.bg,339,2025-11-06,1645266,днес,,,
"Многостаен, 168m²","Тухла, Електричество",580000.0,EUR,False, продажба,многостаен,София,жк. Лозенец,,,,https://homes.bg/offer/apartament-za-prodazhba/mnogostaen-168m2-sofiya-zhk.-lozenec/as1508436,10.0,2025-11-06 18:04:13.336370,https://www.homes.bg/api/offers?currencyId=1&filterOrderBy=0&locationId=1&typeId=ApartmentSell&neighbourhoods%5B%5D=447,homes.bg,339,2025-11-06,1508436,днес,,,
"Четиристаен, 168m²","Тухла, ТЕЦ",580000.0,EUR,False, продажба,четиристаен,София,жк. Лозенец,,,,https://homes.bg/offer/apartament-za-prodazhba/chetiristaen-168m2-sofiya-zhk.-lozenec/as1508435,10.0,2025-11-06 18:04:13.336391,https://www.homes.bg/api/offers?currencyId=1&filterOrderBy=0&locationId=1&typeId=ApartmentSell&neighbourhoods%5B%5D=447,homes.bg,339,2025-11-06,1508435,днес,,,
"Тристаен, 110m²","Тухла, Обзаведен, Локално отопление",460000.0,EUR,False, продажба,тристаен,София,жк. Лозенец,,,,https://homes.bg/offer/apartament-za-prodazhba/tristaen-110m2-sofiya-zhk.-lozenec/as1657734,8.0,2025-11-06 18:04:13.336409,https://www.homes.bg/api/offers?currencyId=1&filterOrderBy=0&locationId=1&typeId=ApartmentSell&neighbourhoods%5B%5D=447,homes.bg,339,2025-11-06,1657734,вчера,,,
"Тристаен, 95m²",Панел,395000.0,EUR,False, продажба,тристаен,София,жк. Лозенец,,,,https://homes.bg/offer/apartament-za-prodazhba/tristaen-95m2-sofiya-zhk.-lozenec/as1650688,8.0,2025-11-06 18:04:13.336428,https://www.homes.bg/api/offers?currencyId=1&filterOrderBy=0&locationId=1&typeId=ApartmentSell&neighbourhoods%5B%5D=447,homes.bg,339,2025-11-06,1650688,вчера,,,
"Многостаен, 227m²",Тухла,789000.0,EUR,False, продажба,многостаен,София,жк. Лозенец,,,,https://homes.bg/offer/apartament-za-prodazhba/mnogostaen-227m2-sofiya-zhk.-lozenec/as1653921,10.0,2025-11-06 18:04:13.336451,https://www.homes.bg/api/offers?currencyId=1&filterOrderBy=0&locationId=1&typeId=ApartmentSell&neighbourhoods%5B%5D=447,homes.bg,339,2025-11-06,1653921,вчера,,,
"Тристаен, 110m²",Тухла,349900.0,EUR,False, продажба,тристаен,София,жк. Лозенец,,,,https://homes.bg/offer/apartament-za-prodazhba/tristaen-110m2-sofiya-zhk.-lozenec/as1650684,4.0,2025-11-06 18:04:13.336471,https://www.homes.bg/api/offers?currencyId=1&filterOrderBy=0&locationId=1&typeId=ApartmentSell&neighbourhoods%5B%5D=447,homes.bg,339,2025-11-06,1650684,вчера,,,
"Двустаен, 62m²",Тухла,285000.0,EUR,False, продажба,двустаен,София,жк. Лозенец,,,,https://homes.bg/offer/apartament-za-prodazhba/dvustaen-62m2-sofiya-zhk.-lozenec/as1651487,10.0,2025-11-06 18:04:13.336490,https://www.homes.bg/api/offers?currencyId=1&filterOrderBy=0&locationId=1&typeId=ApartmentSell&neighbourhoods%5B%5D=447,homes.bg,339,2025-11-06,1651487,вчера,,,
"Мезонет, 254m²","Тухла, Обзаведен",520000.0,EUR,False, продажба,мезонет,София,жк. Лозенец,,,,https://homes.bg/offer/apartament-za-prodazhba/mezonet-254m2-sofiya-zhk.-lozenec/as1641594,10.0,2025-11-06 18:04:13.336510,https://www.homes.bg/api/offers?currencyId=1&filterOrderBy=0&locationId=1&typeId=ApartmentSell&neighbourhoods%5B%5D=447,homes.bg,339,2025-11-06,1641594,вчера,,,
"Тристаен, 100m²",Тухла,520000.0,EUR,False, продажба,тристаен,София,жк. Лозенец,,,,https://homes.bg/offer/apartament-za-prodazhba/tristaen-100m2-sofiya-zhk.-lozenec/as1645538,8.0,2025-11-06 18:04:13.336528,https://www.homes.bg/api/offers?currencyId=1&filterOrderBy=0&locationId=1&typeId=ApartmentSell&neighbourhoods%5B%5D=447,homes.bg,339,2025-11-06,1645538,вчера,,,
"Тристаен, 146m²",Тухла,417182.0,EUR,False, продажба,тристаен,София,жк. Лозенец,,,,https://homes.bg/offer/apartament-za-prodazhba/tristaen-146m2-sofiya-zhk.-lozenec/as1644303,0.0,2025-11-06 18:04:13.336542,https://www.homes.bg/api/offers?currencyId=1&filterOrderBy=0&locationId=1&typeId=ApartmentSell&neighbourhoods%5B%5D=447,homes.bg,339,2025-11-06,1644303,вчера,,,
"Тристаен, 146m²",Панел,388289.0,EUR,False, продажба,тристаен,София,жк. Лозенец,,,,https://homes.bg/offer/apartament-za-prodazhba/tristaen-146m2-sofiya-zhk.-lozenec/as1644304,0.0,2025-11-06 18:04:13.336581,https://www.homes.bg/api/offers?currencyId=1&filterOrderBy=0&locationId=1&typeId=ApartmentSell&neighbourhoods%5B%5D=447,homes.bg,339,2025-11-06,1644304,вчера,,,
"Двустаен, 43m²",Тухла,220000.0,EUR,False, продажба,двустаен,София,жк. Лозенец,,,,https://homes.bg/offer/apartament-za-prodazhba/dvustaen-43m2-sofiya-zhk.-lozenec/as1647467,0.0,2025-11-06 18:04:13.336598,https://www.homes.bg/api/offers?currencyId=1&filterOrderBy=0&locationId=1&typeId=ApartmentSell&neighbourhoods%5B%5D=447,homes.bg,339,2025-11-06,1647467,вчера,,,
"Тристаен, 175m²","Тухла, Обзаведен, Локално отопление",960795.0,EUR,False, продажба,тристаен,София,жк. Лозенец,,,,https://homes.bg/offer/apartament-za-prodazhba/tristaen-175m2-sofiya-zhk.-lozenec/as1636287,1.0,2025-11-06 18:04:13.336613,https://www.homes.bg/api/offers?currencyId=1&filterOrderBy=0&locationId=1&typeId=ApartmentSell&neighbourhoods%5B%5D=447,homes.bg,339,2025-11-06,1636287,вчера,,,
"Многостаен, 117m²","Тухла, Обзаведен",450000.0,EUR,False, продажба,многостаен,София,жк. Лозенец,,,,https://homes.bg/offer/apartament-za-prodazhba/mnogostaen-117m2-sofiya-zhk.-lozenec/as1637882,10.0,2025-11-06 18:04:13.336631,https://www.homes.bg/api/offers?currencyId=1&filterOrderBy=0&locationId=1&typeId=ApartmentSell&neighbourhoods%5B%5D=447,homes.bg,339,2025-11-06,1637882,вчера,,,
"Тристаен, 120m²","ЕПК, Обзаведен",480000.0,EUR,False, продажба,тристаен,София,жк. Лозенец,,,,https://homes.bg/offer/apartament-za-prodazhba/tristaen-120m2-sofiya-zhk.-lozenec/as1637440,10.0,2025-11-06 18:04:13.336651,https://www.homes.bg/api/offers?currencyId=1&filterOrderBy=0&locationId=1&typeId=ApartmentSell&neighbourhoods%5B%5D=447,homes.bg,339,2025-11-06,1637440,вчера,,,
"Мезонет, 137m²","Тухла, Обзаведен, Локално отопление",810444.0,EUR,False, продажба,мезонет,София,жк. Лозенец,,,,https://homes.bg/offer/apartament-za-prodazhba/mezonet-137m2-sofiya-zhk.-lozenec/as1636286,2.0,2025-11-06 18:04:13.336670,https://www.homes.bg/api/offers?currencyId=1&filterOrderBy=0&locationId=1&typeId=ApartmentSell&neighbourhoods%5B%5D=447,homes.bg,339,2025-11-06,1636286,вчера,,,
"Тристаен, 109m²",Тухла,440000.0,EUR,False, продажба,тристаен,София,жк. Лозенец,,,,https://homes.bg/offer/apartament-za-prodazhba/tristaen-109m2-sofiya-zhk.-lozenec/as1637657,1.0,2025-11-06 18:04:13.336684,https://www.homes.bg/api/offers?currencyId=1&filterOrderBy=0&locationId=1&typeId=ApartmentSell&neighbourhoods%5B%5D=447,homes.bg,339,2025-11-06,1637657,вчера,,,
"Тристаен, 117m²",Тухла,569000.0,EUR,False, продажба,тристаен,София,жк. Лозенец,,,,https://homes.bg/offer/apartament-za-prodazhba/tristaen-117m2-sofiya-zhk.-lozenec/as1637244,3.0,2025-11-06 18:04:13.336702,https://www.homes.bg/api/offers?currencyId=1&filterOrderBy=0&locationId=1&typeId=ApartmentSell&neighbourhoods%5B%5D=447,homes.bg,339,2025-11-06,1637244,вчера,,,
"Многостаен, 117m²","Тухла, Обзаведен",450000.0,EUR,False, продажба,многостаен,София,жк. Лозенец,,,,https://homes.bg/offer/apartament-za-prodazhba/mnogostaen-117m2-sofiya-zhk.-lozenec/as1637439,10.0,2025-11-06 18:04:13.336721,https://www.homes.bg/api/offers?currencyId=1&filterOrderBy=0&locationId=1&typeId=ApartmentSell&neighbourhoods%5B%5D=447,homes.bg,339,2025-11-06,1637439,вчера,,,
"Четиристаен, 165m²",Тухла,790000.0,EUR,False, продажба,четиристаен,София,жк. Лозенец,,,,https://homes.bg/offer/apartament-za-prodazhba/chetiristaen-165m2-sofiya-zhk.-lozenec/as1640667,10.0,2025-11-06 18:04:13.336740,https://www.homes.bg/api/offers?currencyId=1&filterOrderBy=0&locationId=1&typeId=ApartmentSell&neighbourhoods%5B%5D=447,homes.bg,339,2025-11-06,1640667,вчера,,,
"Мезонет, 74m²",Тухла,210000.0,EUR,False, продажба,мезонет,София,жк. Лозенец,,,,https://homes.bg/offer/apartament-za-prodazhba/mezonet-74m2-sofiya-zhk.-lozenec/as1640785,1.0,2025-11-06 18:04:13.336755,https://www.homes.bg/api/offers?currencyId=1&filterOrderBy=0&locationId=1&typeId=ApartmentSell&neighbourhoods%5B%5D=447,homes.bg,339,2025-11-06,1640785,вчера,,,
"Тристаен, 100m²","Тухла, Обзаведен",468000.0,EUR,False, продажба,тристаен,София,жк. Лозенец,,,,https://homes.bg/offer/apartament-za-prodazhba/tristaen-100m2-sofiya-zhk.-lozenec/as1629362,1.0,2025-11-06 18:04:13.336768,https://www.homes.bg/api/offers?currencyId=1&filterOrderBy=0&locationId=1&typeId=ApartmentSell&neighbourhoods%5B%5D=447,homes.bg,339,2025-11-06,1629362,вчера,,,
"Тристаен, 70m²",Тухла,330000.0,EUR,False, продажба,тристаен,София,жк. Лозенец,,,,https://homes.bg/offer/apartament-za-prodazhba/tristaen-70m2-sofiya-zhk.-lozenec/as1634305,1.0,2025-11-06 18:04:13.336782,https://www.homes.bg/api/offers?currencyId=1&filterOrderBy=0&locationId=1&typeId=ApartmentSell&neighbourhoods%5B%5D=447,homes.bg,339,2025-11-06,1634305,вчера,,,
"Двустаен, 40m²",Тухла,207500.0,EUR,False, продажба,двустаен,София,жк. Лозенец,,,,https://homes.bg/offer/apartament-za-prodazhba/dvustaen-40m2-sofiya-zhk.-lozenec/as1633631,2.0,2025-11-06 18:04:13.336796,https://www.homes.bg/api/offers?currencyId=1&filterOrderBy=0&locationId=1&typeId=ApartmentSell&neighbourhoods%5B%5D=447,homes.bg,339,2025-11-06,1633631,вчера,,,
"Четиристаен, 180m²","Тухла, Обзаведен, Локално отопление",499000.0,EUR,False, продажба,четиристаен,София,жк. Лозенец,,,,https://homes.bg/offer/apartament-za-prodazhba/chetiristaen-180m2-sofiya-zhk.-lozenec/as1605847,10.0,2025-11-06 18:04:13.336817,https://www.homes.bg/api/offers?currencyId=1&filterOrderBy=0&locationId=1&typeId=ApartmentSell&neighbourhoods%5B%5D=447,homes.bg,339,2025-11-06,1605847,вчера,,,
"Четиристаен, 168m²","Тухла, Обзаведен, ТЕЦ",580000.0,EUR,False, продажба,четиристаен,София,жк. Лозенец,,,,https://homes.bg/offer/apartament-za-prodazhba/chetiristaen-168m2-sofiya-zhk.-lozenec/as1513606,10.0,2025-11-06 18:04:13.336835,https://www.homes.bg/api/offers?currencyId=1&filterOrderBy=0&locationId=1&typeId=ApartmentSell&neighbourhoods%5B%5D=447,homes.bg,339,2025-11-06,1513606,вчера,,,
"Многостаен, 306m²",Тухла,972000.0,EUR,False, продажба,многостаен,София,жк. Лозенец,,,,https://homes.bg/offer/apartament-za-prodazhba/mnogostaen-306m2-sofiya-zhk.-lozenec/as1564582,3.0,2025-11-06 18:04:13.336851,https://www.homes.bg/api/offers?currencyId=1&filterOrderBy=0&locationId=1&typeId=ApartmentSell&neighbourhoods%5B%5D=447,homes.bg,339,2025-11-06,1564582,вчера,,,
"Тристаен, 136m²","Тухла, Необзаведен, ТЕЦ",399000.0,EUR,False, продажба,тристаен,София,жк. Лозенец,,,,https://homes.bg/offer/apartament-za-prodazhba/tristaen-136m2-sofiya-zhk.-lozenec/as1527840,10.0,2025-11-06 18:04:13.336870,https://www.homes.bg/api/offers?currencyId=1&filterOrderBy=0&locationId=1&typeId=ApartmentSell&neighbourhoods%5B%5D=447,homes.bg,339,2025-11-06,1527840,вчера,,,
"Тристаен, 316m²","Тухла, Полуобзаведен, ТЕЦ",1100000.0,EUR,False, продажба,тристаен,София,жк. Лозенец,,,,https://homes.bg/offer/apartament-za-prodazhba/tristaen-316m2-sofiya-zhk.-lozenec/as1455166,8.0,2025-11-06 18:04:13.336887,https://www.homes.bg/api/offers?currencyId=1&filterOrderBy=0&locationId=1&typeId=ApartmentSell&neighbourhoods%5B%5D=447,homes.bg,339,2025-11-06,1455166,вчера,,,
"Многостаен, 117m²","Тухла, Обзаведен, ТЕЦ",385000.0,EUR,False, продажба,многостаен,София,жк. Лозенец,,,,https://homes.bg/offer/apartament-za-prodazhba/mnogostaen-117m2-sofiya-zhk.-lozenec/as1658236,10.0,2025-11-06 18:04:13.336907,https://www.homes.bg/api/offers?currencyId=1&filterOrderBy=0&locationId=1&typeId=ApartmentSell&neighbourhoods%5B%5D=447,homes.bg,339,2025-11-06,1658236,вчера,,,
"Четиристаен, 225m²","Тухла, Обзаведен, ТЕЦ",1125000.0,EUR,False, продажба,четиристаен,София,жк. Лозенец,,,,https://homes.bg/offer/apartament-za-prodazhba/chetiristaen-225m2-sofiya-zhk.-lozenec/as1658372,1.0,2025-11-06 18:04:13.336921,https://www.homes.bg/api/offers?currencyId=1&filterOrderBy=0&locationId=1&typeId=ApartmentSell&neighbourhoods%5B%5D=447,homes.bg,339,2025-11-06,1658372,вчера,,,
"Тристаен, 201m²","Тухла, ТЕЦ",723888.0,EUR,False, продажба,тристаен,София,жк. Лозенец,,,,https://homes.bg/offer/apartament-za-prodazhba/tristaen-201m2-sofiya-zhk.-lozenec/as1610248,7.0,2025-11-06 18:04:13.336938,https://www.homes.bg/api/offers?currencyId=1&filterOrderBy=0&locationId=1&typeId=ApartmentSell&neighbourhoods%5B%5D=447,homes.bg,339,2025-11-06,1610248,,,,
"Четиристаен, 110m²","Тухла, Обзаведен, ТЕЦ",0.0,EUR,False, продажба,четиристаен,София,жк. Лозенец,,,,https://homes.bg/offer/apartament-za-prodazhba/chetiristaen-110m2-sofiya-zhk.-lozenec/as1653239,10.0,2025-11-06 18:04:13.336955,https://www.homes.bg/api/offers?currencyId=1&filterOrderBy=0&locationId=1&typeId=ApartmentSell&neighbourhoods%5B%5D=447,homes.bg,339,2025-11-06,1653239,,,,
"Гараж, 13m²",Тухла,31000.0,EUR,False, продажба,,София,жк. Лозенец,,,,https://homes.bg/offer/apartament-za-prodazhba/garazh-13m2-sofiya-zhk.-lozenec/as1657993,2.0,2025-11-06 18:04:13.336966,https://www.homes.bg/api/offers?currencyId=1&filterOrderBy=0&locationId=1&typeId=ApartmentSell&neighbourhoods%5B%5D=447,homes.bg,339,2025-11-06,1657993,,,,
"Многостаен, 168m²","Тухла, ТЕЦ",475000.0,EUR,False, продажба,многостаен,София,жк. Лозенец,,,,https://homes.bg/offer/apartament-za-prodazhba/mnogostaen-168m2-sofiya-zhk.-lozenec/as1644501,4.0,2025-11-06 18:04:13.336979,https://www.homes.bg/api/offers?currencyId=1&filterOrderBy=0&locationId=1&typeId=ApartmentSell&neighbourhoods%5B%5D=447,homes.bg,339,2025-11-06,1644501,,,,
"Тристаен, 110m²","Обзаведен, ТЕЦ",329900.0,EUR,False, продажба,тристаен,София,жк. Лозенец,,,,https://homes.bg/offer/apartament-za-prodazhba/tristaen-110m2-sofiya-zhk.-lozenec/as1623673,10.0,2025-11-06 18:04:13.336995,https://www.homes.bg/api/offers?currencyId=1&filterOrderBy=0&locationId=1&typeId=ApartmentSell&neighbourhoods%5B%5D=447,homes.bg,339,2025-11-06,1623673,,,,
"Тристаен, 65m²","Обзаведен, ТЕЦ",305000.0,EUR,False, продажба,тристаен,София,жк. Лозенец,,,,https://homes.bg/offer/apartament-za-prodazhba/tristaen-65m2-sofiya-zhk.-lozenec/as1658318,8.0,2025-11-06 18:04:13.337009,https://www.homes.bg/api/offers?currencyId=1&filterOrderBy=0&locationId=1&typeId=ApartmentSell&neighbourhoods%5B%5D=447,homes.bg,339,2025-11-06,1658318,,,,
"Двустаен, 44m²","Тухла, Обзаведен, Локално отопление",112000.0,EUR,False, продажба,двустаен,София,жк. Лозенец,,,,https://homes.bg/offer/apartament-za-prodazhba/dvustaen-44m2-sofiya-zhk.-lozenec/as1638967,4.0,2025-11-06 18:04:13.337020,https://www.homes.bg/api/offers?currencyId=1&filterOrderBy=0&locationId=1&typeId=ApartmentSell&neighbourhoods%5B%5D=447,homes.bg,339,2025-11-06,1638967,,,,
"Гараж, 29m²",Тухла,80000.0,EUR,False, продажба,,София,жк. Лозенец,,,,https://homes.bg/offer/apartament-za-prodazhba/garazh-29m2-sofiya-zhk.-lozenec/as1639204,3.0,2025-11-06 18:04:13.337032,https://www.homes.bg/api/offers?currencyId=1&filterOrderBy=0&locationId=1&typeId=ApartmentSell&neighbourhoods%5B%5D=447,homes.bg,339,2025-11-06,1639204,,,,
"Тристаен, 70m²",Тухла,350000.0,EUR,False, продажба,тристаен,София,жк. Лозенец,,,,https://homes.bg/offer/apartament-za-prodazhba/tristaen-70m2-sofiya-zhk.-lozenec/as1656085,4.0,2025-11-06 18:04:13.337044,https://www.homes.bg/api/offers?currencyId=1&filterOrderBy=0&locationId=1&typeId=ApartmentSell&neighbourhoods%5B%5D=447,homes.bg,339,2025-11-06,1656085,,,,
"Тристаен, 98m²",Тухла,378000.0,EUR,False, продажба,тристаен,София,жк. Лозенец,,,,https://homes.bg/offer/apartament-za-prodazhba/tristaen-98m2-sofiya-zhk.-lozenec/as1641849,10.0,2025-11-06 18:04:13.337058,https://www.homes.bg/api/offers?currencyId=1&filterOrderBy=0&locationId=1&typeId=ApartmentSell&neighbourhoods%5B%5D=447,homes.bg,339,2025-11-06,1641849,,,,
"Многостаен, 306m²","Тухла, ТЕЦ",972000.0,EUR,False, продажба,многостаен,София,жк. Лозенец,,,,https://homes.bg/offer/apartament-za-prodazhba/mnogostaen-306m2-sofiya-zhk.-lozenec/as1559737,10.0,2025-11-06 18:04:13.337072,https://www.homes.bg/api/offers?currencyId=1&filterOrderBy=0&locationId=1&typeId=ApartmentSell&neighbourhoods%5B%5D=447,homes.bg,339,2025-11-06,1559737,,,,
"Двустаен, 55m²","Тухла, Обзаведен, ТЕЦ",225000.0,EUR,False, продажба,двустаен,София,жк. Лозенец,,,,https://homes.bg/offer/apartament-za-prodazhba/dvustaen-55m2-sofiya-zhk.-lozenec/as1634510,9.0,2025-11-06 18:04:13.337088,https://www.homes.bg/api/offers?currencyId=1&filterOrderBy=0&locationId=1&typeId=ApartmentSell&neighbourhoods%5B%5D=447,homes.bg,339,2025-11-06,1634510,,,,
"Четиристаен, 275m²","Тухла, Необзаведен, ТЕЦ",1100000.0,EUR,False, продажба,четиристаен,София,жк. Лозенец,,,,https://homes.bg/offer/apartament-za-prodazhba/chetiristaen-275m2-sofiya-zhk.-lozenec/as1657602,7.0,2025-11-06 18:04:13.337101,https://www.homes.bg/api/offers?currencyId=1&filterOrderBy=0&locationId=1&typeId=ApartmentSell&neighbourhoods%5B%5D=447,homes.bg,339,2025-11-06,1657602,,,,
"Четиристаен, 168m²","Тухла, Обзаведен, ТЕЦ",505000.0,EUR,False, продажба,четиристаен,София,жк. Лозенец,,,,https://homes.bg/offer/apartament-za-prodazhba/chetiristaen-168m2-sofiya-zhk.-lozenec/as1540401,10.0,2025-11-06 18:04:13.337115,https://www.homes.bg/api/offers?currencyId=1&filterOrderBy=0&locationId=1&typeId=ApartmentSell&neighbourhoods%5B%5D=447,homes.bg,339,2025-11-06,1540401,,,,
"Тристаен, 125m²","Тухла, Полуобзаведен, Електричество",375000.0,EUR,False, продажба,тристаен,София,жк. Лозенец,,,,https://homes.bg/offer/apartament-za-prodazhba/tristaen-125m2-sofiya-zhk.-lozenec/as1605405,0.0,2025-11-06 18:04:13.337126,https://www.homes.bg/api/offers?currencyId=1&filterOrderBy=0&locationId=1&typeId=ApartmentSell&neighbourhoods%5B%5D=447,homes.bg,339,2025-11-06,1605405,,,,
"Многостаен, 120m²","Тухла, Полуобзаведен, Прокарва се",460000.0,EUR,False, продажба,многостаен,София,жк. Лозенец,,,,https://homes.bg/offer/apartament-za-prodazhba/mnogostaen-120m2-sofiya-zhk.-lozenec/as1656059,10.0,2025-11-06 18:04:13.337141,https://www.homes.bg/api/offers?currencyId=1&filterOrderBy=0&locationId=1&typeId=ApartmentSell&neighbourhoods%5B%5D=447,homes.bg,339,2025-11-06,1656059,,,,
"Тристаен, 162m²","Тухла, Необзаведен, ТЕЦ",639900.0,EUR,False, продажба,тристаен,София,жк. Лозенец,,,,https://homes.bg/offer/apartament-za-prodazhba/tristaen-162m2-sofiya-zhk.-lozenec/as1657379,7.0,2025-11-06 18:04:13.337155,https://www.homes.bg/api/offers?currencyId=1&filterOrderBy=0&locationId=1&typeId=ApartmentSell&neighbourhoods%5B%5D=447,homes.bg,339,2025-11-06,1657379,,,,
"Двустаен, 92m²",Тухла,238000.0,EUR,False, продажба,двустаен,София,жк. Лозенец,,,,https://homes.bg/offer/apartament-za-prodazhba/dvustaen-92m2-sofiya-zhk.-lozenec/as1644276,10.0,2025-11-06 18:04:13.337169,https://www.homes.bg/api/offers?currencyId=1&filterOrderBy=0&locationId=1&typeId=ApartmentSell&neighbourhoods%5B%5D=447,homes.bg,339,2025-11-06,1644276,,,,
"Двустаен, 63m²","Тухла, Обзаведен, Прокарва се",270000.0,EUR,False, продажба,двустаен,София,жк. Лозенец,,,,https://homes.bg/offer/apartament-za-prodazhba/dvustaen-63m2-sofiya-zhk.-lozenec/as1657673,10.0,2025-11-06 18:04:13.337184,https://www.homes.bg/api/offers?currencyId=1&filterOrderBy=0&locationId=1&typeId=ApartmentSell&neighbourhoods%5B%5D=447,homes.bg,339,2025-11-06,1657673,,,,
"Двустаен, 63m²","Тухла, Обзаведен, Електричество",269000.0,EUR,False, продажба,двустаен,София,жк. Лозенец,,,,https://homes.bg/offer/apartament-za-prodazhba/dvustaen-63m2-sofiya-zhk.-lozenec/as1644403,10.0,2025-11-06 18:04:13.337199,https://www.homes.bg/api/offers?currencyId=1&filterOrderBy=0&locationId=1&typeId=ApartmentSell&neighbourhoods%5B%5D=447,homes.bg,339,2025-11-06,1644403,,,,
"Тристаен, 126m²","Тухла, Обзаведен, Електричество",429000.0,EUR,False, продажба,тристаен,София,жк. Лозенец,,,,https://homes.bg/offer/apartament-za-prodazhba/tristaen-126m2-sofiya-zhk.-lozenec/as1639587,10.0,2025-11-06 18:04:13.337213,https://www.homes.bg/api/offers?currencyId=1&filterOrderBy=0&locationId=1&typeId=ApartmentSell&neighbourhoods%5B%5D=447,homes.bg,339,2025-11-06,1639587,,,,
"Тристаен, 100m²",Тухла,359000.0,EUR,False, продажба,тристаен,София,жк. Лозенец,,,,https://homes.bg/offer/apartament-za-prodazhba/tristaen-100m2-sofiya-zhk.-lozenec/as1654691,10.0,2025-11-06 18:04:13.337228,https://www.homes.bg/api/offers?currencyId=1&filterOrderBy=0&locationId=1&typeId=ApartmentSell&neighbourhoods%5B%5D=447,homes.bg,339,2025-11-06,1654691,,,,
"Тристаен, 92m²","Необзаведен, ТЕЦ",380000.0,EUR,False, продажба,тристаен,София,жк. Лозенец,,,,https://homes.bg/offer/apartament-za-prodazhba/tristaen-92m2-sofiya-zhk.-lozenec/as1655660,9.0,2025-11-06 18:04:13.337241,https://www.homes.bg/api/offers?currencyId=1&filterOrderBy=0&locationId=1&typeId=ApartmentSell&neighbourhoods%5B%5D=447,homes.bg,339,2025-11-06,1655660,,,,
"Едностаен, 21m²","Тухла, Обзаведен, Електричество",65000.0,EUR,False, продажба,едностаен,София,жк. Лозенец,,,,https://homes.bg/offer/apartament-za-prodazhba/ednostaen-21m2-sofiya-zhk.-lozenec/as1657001,10.0,2025-11-06 18:04:13.337256,https://www.homes.bg/api/offers?currencyId=1&filterOrderBy=0&locationId=1&typeId=ApartmentSell&neighbourhoods%5B%5D=447,homes.bg,339,2025-11-06,1657001,,,,
"Четиристаен, 99m²","Тухла, Обзаведен, Локално отопление",459000.0,EUR,False, продажба,четиристаен,София,жк. Лозенец,,,,https://homes.bg/offer/apartament-za-prodazhba/chetiristaen-99m2-sofiya-zhk.-lozenec/as1636069,10.0,2025-11-06 18:04:13.337269,https://www.homes.bg/api/offers?currencyId=1&filterOrderBy=0&locationId=1&typeId=ApartmentSell&neighbourhoods%5B%5D=447,homes.bg,339,2025-11-06,1636069,,,,
"Тристаен, 99m²","Тухла, Обзаведен, Локално отопление",459000.0,EUR,False, продажба,тристаен,София,жк. Лозенец,,,,https://homes.bg/offer/apartament-za-prodazhba/tristaen-99m2-sofiya-zhk.-lozenec/as1656831,10.0,2025-11-06 18:04:13.337282,https://www.homes.bg/api/offers?currencyId=1&filterOrderBy=0&locationId=1&typeId=ApartmentSell&neighbourhoods%5B%5D=447,homes.bg,339,2025-11-06,1656831,,,,
"Тристаен, 188m²","Тухла, Обзаведен, ТЕЦ",658000.0,EUR,False, продажба,тристаен,София,жк. Лозенец,,,,https://homes.bg/offer/apartament-za-prodazhba/tristaen-188m2-sofiya-zhk.-lozenec/as1645192,10.0,2025-11-06 18:04:13.337295,https://www.homes.bg/api/offers?currencyId=1&filterOrderBy=0&locationId=1&typeId=ApartmentSell&neighbourhoods%5B%5D=447,homes.bg,339,2025-11-06,1645192,,,,
"Двустаен, 65m²","Тухла, Обзаведен, ТЕЦ",239999.0,EUR,False, продажба,двустаен,София,жк. Лозенец,,,,https://homes.bg/offer/apartament-za-prodazhba/dvustaen-65m2-sofiya-zhk.-lozenec/as1656921,10.0,2025-11-06 18:04:13.337307,https://www.homes.bg/api/offers?currencyId=1&filterOrderBy=0&locationId=1&typeId=ApartmentSell&neighbourhoods%5B%5D=447,homes.bg,339,2025-11-06,1656921,,,,
"Многостаен, 350m²",Тухла,2000000.0,EUR,False, продажба,многостаен,София,жк. Лозенец,,,,https://homes.bg/offer/apartament-za-prodazhba/mnogostaen-350m2-sofiya-zhk.-lozenec/as1637765,10.0,2025-11-06 18:04:13.337320,https://www.homes.bg/api/offers?currencyId=1&filterOrderBy=0&locationId=1&typeId=ApartmentSell&neighbourhoods%5B%5D=447,homes.bg,339,2025-11-06,1637765,,,,
"Тристаен, 203m²","Тухла, Необзаведен, ТЕЦ",669900.0,EUR,False, продажба,тристаен,София,жк. Лозенец,,,,https://homes.bg/offer/apartament-za-prodazhba/tristaen-203m2-sofiya-zhk.-lozenec/as1637648,10.0,2025-11-06 18:04:13.337335,https://www.homes.bg/api/offers?currencyId=1&filterOrderBy=0&locationId=1&typeId=ApartmentSell&neighbourhoods%5B%5D=447,homes.bg,339,2025-11-06,1637648,,,,
"Двустаен, 65m²","Тухла, Обзаведен, ТЕЦ",245000.0,EUR,False, продажба,двустаен,София,жк. Лозенец,,,,https://homes.bg/offer/apartament-za-prodazhba/dvustaen-65m2-sofiya-zhk.-lozenec/as1648723,10.0,2025-11-06 18:04:13.337406,https://www.homes.bg/api/offers?currencyId=1&filterOrderBy=0&locationId=1&typeId=ApartmentSell&neighbourhoods%5B%5D=447,homes.bg,339,2025-11-06,1648723,,,,
"Мезонет, 502m²","Тухла, Необзаведен, ТЕЦ",1500000.0,EUR,False, продажба,мезонет,София,жк. Лозенец,,,,https://homes.bg/offer/apartament-za-prodazhba/mezonet-502m2-sofiya-zhk.-lozenec/as1621726,10.0,2025-11-06 18:04:13.337420,https://www.homes.bg/api/offers?currencyId=1&filterOrderBy=0&locationId=1&typeId=ApartmentSell&neighbourhoods%5B%5D=447,homes.bg,339,2025-11-06,1621726,,,,
"Многостаен, 504m²",Тухла,1663200.0,EUR,False, продажба,многостаен,София,жк. Лозенец,,,,https://homes.bg/offer/apartament-za-prodazhba/mnogostaen-504m2-sofiya-zhk.-lozenec/as1637649,10.0,2025-11-06 18:04:13.337432,https://www.homes.bg/api/offers?currencyId=1&filterOrderBy=0&locationId=1&typeId=ApartmentSell&neighbourhoods%5B%5D=447,homes.bg,339,2025-11-06,1637649,,,,
"Многостаен, 502m²","Тухла, Необзаведен, ТЕЦ",1500000.0,EUR,False, продажба,многостаен,София,жк. Лозенец,,,,https://homes.bg/offer/apartament-za-prodazhba/mnogostaen-502m2-sofiya-zhk.-lozenec/as1621725,10.0,2025-11-06 18:04:13.337443,https://www.homes.bg/api/offers?currencyId=1&filterOrderBy=0&locationId=1&typeId=ApartmentSell&neighbourhoods%5B%5D=447,homes.bg,339,2025-11-06,1621725,,,,
"Многостаен, 117m²","Тухла, Обзаведен, Електричество",390000.0,EUR,False, продажба,многостаен,София,жк. Лозенец,,,,https://homes.bg/offer/apartament-za-prodazhba/mnogostaen-117m2-sofiya-zhk.-lozenec/as1644595,8.0,2025-11-06 18:04:13.337456,https://www.homes.bg/api/offers?currencyId=1&filterOrderBy=0&locationId=1&typeId=ApartmentSell&neighbourhoods%5B%5D=447,homes.bg,339,2025-11-06,1644595,,,,
"Двустаен, 71m²",Тухла,310000.0,EUR,False, продажба,двустаен,София,жк. Лозенец,,,,https://homes.bg/offer/apartament-za-prodazhba/dvustaen-71m2-sofiya-zhk.-lozenec/as1649107,10.0,2025-11-06 18:04:13.337467,https://www.homes.bg/api/offers?currencyId=1&filterOrderBy=0&locationId=1&typeId=ApartmentSell&neighbourhoods%5B%5D=447,homes.bg,339,2025-11-06,1649107,,,,
"Тристаен, 118m²","Тухла, ТЕЦ",675000.0,EUR,False, продажба,тристаен,София,жк. Лозенец,,,,https://homes.bg/offer/apartament-za-prodazhba/tristaen-118m2-sofiya-zhk.-lozenec/as1653480,10.0,2025-11-06 18:04:13.337479,https://www.homes.bg/api/offers?currencyId=1&filterOrderBy=0&locationId=1&typeId=ApartmentSell&neighbourhoods%5B%5D=447,homes.bg,339,2025-11-06,1653480,,,,
"Тристаен, 138m²","Тухла, Прокарва се",552000.0,EUR,False, продажба,тристаен,София,жк. Лозенец,,,,https://homes.bg/offer/apartament-za-prodazhba/tristaen-138m2-sofiya-zhk.-lozenec/as1645819,3.0,2025-11-06 18:04:13.337489,https://www.homes.bg/api/offers?currencyId=1&filterOrderBy=0&locationId=1&typeId=ApartmentSell&neighbourhoods%5B%5D=447,homes.bg,339,2025-11-06,1645819,,,,
"Многостаен, 160m²","Тухла, Прокарва се",648000.0,EUR,False, продажба,многостаен,София,жк. Лозенец,,,,https://homes.bg/offer/apartament-za-prodazhba/mnogostaen-160m2-sofiya-zhk.-lozenec/as1645998,2.0,2025-11-06 18:04:13.337499,https://www.homes.bg/api/offers?currencyId=1&filterOrderBy=0&locationId=1&typeId=ApartmentSell&neighbourhoods%5B%5D=447,homes.bg,339,2025-11-06,1645998,,,,
"Гараж, 24m²","Тухла, Необзаведен, ТЕЦ",58000.0,EUR,False, продажба,,София,жк. Лозенец,,,,https://homes.bg/offer/apartament-za-prodazhba/garazh-24m2-sofiya-zhk.-lozenec/as1586385,1.0,2025-11-06 18:04:13.337509,https://www.homes.bg/api/offers?currencyId=1&filterOrderBy=0&locationId=1&typeId=ApartmentSell&neighbourhoods%5B%5D=447,homes.bg,339,2025-11-06,1586385,,,,
"Многостаен, 211m²","Тухла, Необзаведен, ТЕЦ",820930.0,EUR,False, продажба,многостаен,София,жк. Лозенец,,,,https://homes.bg/offer/apartament-za-prodazhba/mnogostaen-211m2-sofiya-zhk.-lozenec/as1655927,4.0,2025-11-06 18:04:13.337519,https://www.homes.bg/api/offers?currencyId=1&filterOrderBy=0&locationId=1&typeId=ApartmentSell&neighbourhoods%5B%5D=447,homes.bg,339,2025-11-06,1655927,,,,
"Тристаен, 105m²","Тухла, Необзаведен, ТЕЦ",397138.0,EUR,False, продажба,тристаен,София,жк. Лозенец,,,,https://homes.bg/offer/apartament-za-prodazhba/tristaen-105m2-sofiya-zhk.-lozenec/as1655926,4.0,2025-11-06 18:04:13.337530,https://www.homes.bg/api/offers?currencyId=1&filterOrderBy=0&locationId=1&typeId=ApartmentSell&neighbourhoods%5B%5D=447,homes.bg,339,2025-11-06,1655926,,,,
"Едностаен, 36m²","Тухла, Полуобзаведен, ТЕЦ",139000.0,EUR,False, продажба,едностаен,София,жк. Лозенец,,,,https://homes.bg/offer/apartament-za-prodazhba/ednostaen-36m2-sofiya-zhk.-lozenec/as1649565,8.0,2025-11-06 18:04:13.337540,https://www.homes.bg/api/offers?currencyId=1&filterOrderBy=0&locationId=1&typeId=ApartmentSell&neighbourhoods%5B%5D=447,homes.bg,339,2025-11-06,1649565,,,,
"Многостаен, 139m²","Тухла, Необзаведен, ТЕЦ",350000.0,EUR,False, продажба,многостаен,София,жк. Лозенец,,,,https://homes.bg/offer/apartament-za-prodazhba/mnogostaen-139m2-sofiya-zhk.-lozenec/as1645235,1.0,2025-11-06 18:04:13.337550,https://www.homes.bg/api/offers?currencyId=1&filterOrderBy=0&locationId=1&typeId=ApartmentSell&neighbourhoods%5B%5D=447,homes.bg,339,2025-11-06,1645235,,,,
"Тристаен, 91m²","Тухла, Полуобзаведен, Електричество",369000.0,EUR,False, продажба,тристаен,София,жк. Лозенец,,,,https://homes.bg/offer/apartament-za-prodazhba/tristaen-91m2-sofiya-zhk.-lozenec/as1596252,6.0,2025-11-06 18:04:13.337573,https://www.homes.bg/api/offers?currencyId=1&filterOrderBy=0&locationId=1&typeId=ApartmentSell&neighbourhoods%5B%5D=447,homes.bg,339,2025-11-06,1596252,,,,
"Многостаен, 178m²","Тухла, Обзаведен, Електричество",765000.0,EUR,False, продажба,многостаен,София,жк. Лозенец,,,,https://homes.bg/offer/apartament-za-prodazhba/mnogostaen-178m2-sofiya-zhk.-lozenec/as1655727,10.0,2025-11-06 18:04:13.337585,https://www.homes.bg/api/offers?currencyId=1&filterOrderBy=0&locationId=1&typeId=ApartmentSell&neighbourhoods%5B%5D=447,homes.bg,339,2025-11-06,1655727,,,,
"Многостаен, 178m²","Тухла, Обзаведен, Електричество",765000.0,EUR,False, продажба,многостаен,София,жк. Лозенец,,,,https://homes.bg/offer/apartament-za-prodazhba/mnogostaen-178m2-sofiya-zhk.-lozenec/as1655717,10.0,2025-11-06 18:04:13.337597,https://www.homes.bg/api/offers?currencyId=1&filterOrderBy=0&locationId=1&typeId=ApartmentSell&neighbourhoods%5B%5D=447,homes.bg,339,2025-11-06,1655717,,,,
"Тристаен, 112m²","Тухла, Прокарва се",447969.0,EUR,False, продажба,тристаен,София,жк. Лозенец,,,,https://homes.bg/offer/apartament-za-prodazhba/tristaen-112m2-sofiya-zhk.-lozenec/as1497811,2.0,2025-11-06 18:04:13.337606,https://www.homes.bg/api/offers?currencyId=1&filterOrderBy=0&locationId=1&typeId=ApartmentSell&neighbourhoods%5B%5D=447,homes.bg,339,2025-11-06,1497811,,,,
"Тристаен, 92m²","Тухла, Полуобзаведен, Прокарва се",390000.0,EUR,False, продажба,тристаен,София,жк. Лозенец,,,,https://homes.bg/offer/apartament-za-prodazhba/tristaen-92m2-sofiya-zhk.-lozenec/as1655845,10.0,2025-11-06 18:04:13.337618,https://www.homes.bg/api/offers?currencyId=1&filterOrderBy=0&locationId=1&typeId=ApartmentSell&neighbourhoods%5B%5D=447,homes.bg,339,2025-11-06,1655845,,,,
"Тристаен, 90m²","Тухла, Полуобзаведен, Прокарва се",390000.0,EUR,False, продажба,тристаен,София,жк. Лозенец,,,,https://homes.bg/offer/apartament-za-prodazhba/tristaen-90m2-sofiya-zhk.-lozenec/as1655846,10.0,2025-11-06 18:04:13.337629,https://www.homes.bg/api/offers?currencyId=1&filterOrderBy=0&locationId=1&typeId=ApartmentSell&neighbourhoods%5B%5D=447,homes.bg,339,2025-11-06,1655846,,,,
"Четиристаен, 210m²","Тухла, Обзаведен, ТЕЦ",615000.0,EUR,False, продажба,четиристаен,София,жк. Лозенец,,,,https://homes.bg/offer/apartament-za-prodazhba/chetiristaen-210m2-sofiya-zhk.-lozenec/as1650595,10.0,2025-11-06 18:04:13.337642,https://www.homes.bg/api/offers?currencyId=1&filterOrderBy=0&locationId=1&typeId=ApartmentSell&neighbourhoods%5B%5D=447,homes.bg,339,2025-11-06,1650595,,,,
"Мезонет, 190m²","Тухла, ТЕЦ",499000.0,EUR,False, продажба,мезонет,София,жк. Лозенец,,,,https://homes.bg/offer/apartament-za-prodazhba/mezonet-190m2-sofiya-zhk.-lozenec/as1654952,9.0,2025-11-06 18:04:13.337654,https://www.homes.bg/api/offers?currencyId=1&filterOrderBy=0&locationId=1&typeId=ApartmentSell&neighbourhoods%5B%5D=447,homes.bg,339,2025-11-06,1654952,,,,
"Гараж, 24m²",Тухла,90000.0,EUR,False, продажба,,София,жк. Лозенец,,,,https://homes.bg/offer/apartament-za-prodazhba/garazh-24m2-sofiya-zhk.-lozenec/as1640168,7.0,2025-11-06 18:04:13.337665,https://www.homes.bg/api/offers?currencyId=1&filterOrderBy=0&locationId=1&typeId=ApartmentSell&neighbourhoods%5B%5D=447,homes.bg,339,2025-11-06,1640168,,,,
"Гараж, 20m²",Панел,51200.0,EUR,False, продажба,,София,жк. Лозенец,,,,https://homes.bg/offer/apartament-za-prodazhba/garazh-20m2-sofiya-zhk.-lozenec/as1649597,4.0,2025-11-06 18:04:13.337675,https://www.homes.bg/api/offers?currencyId=1&filterOrderBy=0&locationId=1&typeId=ApartmentSell&neighbourhoods%5B%5D=447,homes.bg,339,2025-11-06,1649597,,,,
"Четиристаен, 224m²","Тухла, Обзаведен, Електричество",499990.0,EUR,False, продажба,четиристаен,София,жк. Лозенец,,,,https://homes.bg/offer/apartament-za-prodazhba/chetiristaen-224m2-sofiya-zhk.-lozenec/as1643087,6.0,2025-11-06 18:04:13.337686,https://www.homes.bg/api/offers?currencyId=1&filterOrderBy=0&locationId=1&typeId=ApartmentSell&neighbourhoods%5B%5D=447,homes.bg,339,2025-11-06,1643087,,,,
"Многостаен, 230m²","Тухла, Прокарва се",644615.0,EUR,False, продажба,многостаен,София,жк. Лозенец,,,,https://homes.bg/offer/apartament-za-prodazhba/mnogostaen-230m2-sofiya-zhk.-lozenec/as1631368,10.0,2025-11-06 18:04:13.337697,https://www.homes.bg/api/offers?currencyId=1&filterOrderBy=0&locationId=1&typeId=ApartmentSell&neighbourhoods%5B%5D=447,homes.bg,339,2025-11-06,1631368,,,,
"Многостаен, 323m²","Тухла, Прокарва се",625073.0,EUR,False, продажба,многостаен,София,жк. Лозенец,,,,https://homes.bg/offer/apartament-za-prodazhba/mnogostaen-323m2-sofiya-zhk.-lozenec/as1631362,10.0,2025-11-06 18:04:13.337709,https://www.homes.bg/api/offers?currencyId=1&filterOrderBy=0&locationId=1&typeId=ApartmentSell&neighbourhoods%5B%5D=447,homes.bg,339,2025-11-06,1631362,,,,
"Тристаен, 114m²","Тухла, Прокарва се",328723.0,EUR,False, продажба,тристаен,София,жк. Лозенец,,,,https://homes.bg/offer/apartament-za-prodazhba/tristaen-114m2-sofiya-zhk.-lozenec/as1631364,10.0,2025-11-06 18:04:13.337721,https://www.homes.bg/api/offers?currencyId=1&filterOrderBy=0&locationId=1&typeId=ApartmentSell&neighbourhoods%5B%5D=447,homes.bg,339,2025-11-06,1631364,,,,
"Тристаен, 114m²","Тухла, Прокарва се",335572.0,EUR,False, продажба,тристаен,София,жк. Лозенец,,,,https://homes.bg/offer/apartament-za-prodazhba/tristaen-114m2-sofiya-zhk.-lozenec/as1631365,10.0,2025-11-06 18:04:13.337732,https://www.homes.bg/api/offers?currencyId=1&filterOrderBy=0&locationId=1&typeId=ApartmentSell&neighbourhoods%5B%5D=447,homes.bg,339,2025-11-06,1631365,,,,
"Тристаен, 114m²","Тухла, Прокарва се",356117.0,EUR,False, продажба,тристаен,София,жк. Лозенец,,,,https://homes.bg/offer/apartament-za-prodazhba/tristaen-114m2-sofiya-zhk.-lozenec/as1631366,10.0,2025-11-06 18:04:13.337744,https://www.homes.bg/api/offers?currencyId=1&filterOrderBy=0&locationId=1&typeId=ApartmentSell&neighbourhoods%5B%5D=447,homes.bg,339,2025-11-06,1631366,,,,
"Тристаен, 121m²","Тухла, Прокарва се",358212.0,EUR,False, продажба,тристаен,София,жк. Лозенец,,,,https://homes.bg/offer/apartament-za-prodazhba/tristaen-121m2-sofiya-zhk.-lozenec/as1631363,10.0,2025-11-06 18:04:13.337755,https://www.homes.bg/api/offers?currencyId=1&filterOrderBy=0&locationId=1&typeId=ApartmentSell&neighbourhoods%5B%5D=447,homes.bg,339,2025-11-06,1631363,,,,
"Тристаен, 114m²","Тухла, Прокарва се",362965.0,EUR,False, продажба,тристаен,София,жк. Лозенец,,,,https://homes.bg/offer/apartament-za-prodazhba/tristaen-114m2-sofiya-zhk.-lozenec/as1631367,10.0,2025-11-06 18:04:13.337767,https://www.homes.bg/api/offers?currencyId=1&filterOrderBy=0&locationId=1&typeId=ApartmentSell&neighbourhoods%5B%5D=447,homes.bg,339,2025-11-06,1631367,,,,
"Тристаен, 110m²","Тухла, Обзаведен, ТЕЦ",269500.0,EUR,False, продажба,тристаен,София,жк. Лозенец,,,,https://homes.bg/offer/apartament-za-prodazhba/tristaen-110m2-sofiya-zhk.-lozenec/as1615191,8.0,2025-11-06 18:04:16.533300,https://www.homes.bg/api/offers?currencyId=1&filterOrderBy=0&locationId=1&typeId=ApartmentSell&neighbourhoods%5B%5D=447,homes.bg,339,2025-11-06,1615191,,,,
"Тристаен, 132m²","Тухла, Обзаведен, Локално отопление",444000.0,EUR,False, продажба,тристаен,София,жк. Лозенец,,,,https://homes.bg/offer/apartament-za-prodazhba/tristaen-132m2-sofiya-zhk.-lozenec/as1325778,10.0,2025-11-06 18:04:16.533421,https://www.homes.bg/api/offers?currencyId=1&filterOrderBy=0&locationId=1&typeId=ApartmentSell&neighbourhoods%5B%5D=447,homes.bg,339,2025-11-06,1325778,,,,
"Двустаен, 91m²","Тухла, Полуобзаведен, ТЕЦ",320000.0,EUR,False, продажба,двустаен,София,жк. Лозенец,,,,https://homes.bg/offer/apartament-za-prodazhba/dvustaen-91m2-sofiya-zhk.-lozenec/as1606644,10.0,2025-11-06 18:04:16.533442,https://www.homes.bg/api/offers?currencyId=1&filterOrderBy=0&locationId=1&typeId=ApartmentSell&neighbourhoods%5B%5D=447,homes.bg,339,2025-11-06,1606644,,,,
"Тристаен, 189m²","Тухла, Необзаведен, ТЕЦ",566790.0,EUR,False, продажба,тристаен,София,жк. Лозенец,,,,https://homes.bg/offer/apartament-za-prodazhba/tristaen-189m2-sofiya-zhk.-lozenec/as1653341,10.0,2025-11-06 18:04:16.533458,https://www.homes.bg/api/offers?currencyId=1&filterOrderBy=0&locationId=1&typeId=ApartmentSell&neighbourhoods%5B%5D=447,homes.bg,339,2025-11-06,1653341,,,,
"Четиристаен, 240m²","Тухла, Обзаведен, ТЕЦ",615000.0,EUR,False, продажба,четиристаен,София,жк. Лозенец,,,,https://homes.bg/offer/apartament-za-prodazhba/chetiristaen-240m2-sofiya-zhk.-lozenec/as1563572,10.0,2025-11-06 18:04:16.533472,https://www.homes.bg/api/offers?currencyId=1&filterOrderBy=0&locationId=1&typeId=ApartmentSell&neighbourhoods%5B%5D=447,homes.bg,339,2025-11-06,1563572,,,,
"Четиристаен, 260m²","Тухла, Необзаведен, ТЕЦ",0.0,EUR,False, продажба,четиристаен,София,жк. Лозенец,,,,https://homes.bg/offer/apartament-za-prodazhba/chetiristaen-260m2-sofiya-zhk.-lozenec/as1089183,1.0,2025-11-06 18:04:16.533483,https://www.homes.bg/api/offers?currencyId=1&filterOrderBy=0&locationId=1&typeId=ApartmentSell&neighbourhoods%5B%5D=447,homes.bg,339,2025-11-06,1089183,,,,
"Мезонет, 391m²","Тухла, Обзаведен, Електричество",1400000.0,EUR,False, продажба,мезонет,София,жк. Лозенец,,,,https://homes.bg/offer/apartament-za-prodazhba/mezonet-391m2-sofiya-zhk.-lozenec/as1652683,10.0,2025-11-06 18:04:16.533498,https://www.homes.bg/api/offers?currencyId=1&filterOrderBy=0&locationId=1&typeId=ApartmentSell&neighbourhoods%5B%5D=447,homes.bg,339,2025-11-06,1652683,,,,
"Мезонет, 227m²","Тухла, Обзаведен, Електричество",800000.0,EUR,False, продажба,мезонет,София,жк. Лозенец,,,,https://homes.bg/offer/apartament-za-prodazhba/mezonet-227m2-sofiya-zhk.-lozenec/as1652685,9.0,2025-11-06 18:04:16.533511,https://www.homes.bg/api/offers?currencyId=1&filterOrderBy=0&locationId=1&typeId=ApartmentSell&neighbourhoods%5B%5D=447,homes.bg,339,2025-11-06,1652685,,,,
"Тристаен, 112m²",Тухла,448000.0,EUR,False, продажба,тристаен,София,жк. Лозенец,,,,https://homes.bg/offer/apartament-za-prodazhba/tristaen-112m2-sofiya-zhk.-lozenec/as1652673,2.0,2025-11-06 18:04:16.533521,https://www.homes.bg/api/offers?currencyId=1&filterOrderBy=0&locationId=1&typeId=ApartmentSell&neighbourhoods%5B%5D=447,homes.bg,339,2025-11-06,1652673,,,,
"Тристаен, 115m²","Тухла, Необзаведен, Прокарва се",433000.0,EUR,False, продажба,тристаен,София,жк. Лозенец,,,,https://homes.bg/offer/apartament-za-prodazhba/tristaen-115m2-sofiya-zhk.-lozenec/as1578704,10.0,2025-11-06 18:04:16.533534,https://www.homes.bg/api/offers?currencyId=1&filterOrderBy=0&locationId=1&typeId=ApartmentSell&neighbourhoods%5B%5D=447,homes.bg,339,2025-11-06,1578704,,,,
"Тристаен, 92m²","Тухла, Необзаведен, Прокарва се",339000.0,EUR,False, продажба,тристаен,София,жк. Лозенец,,,,https://homes.bg/offer/apartament-za-prodazhba/tristaen-92m2-sofiya-zhk.-lozenec/as1578705,10.0,2025-11-06 18:04:16.533547,https://www.homes.bg/api/offers?currencyId=1&filterOrderBy=0&locationId=1&typeId=ApartmentSell&neighbourhoods%5B%5D=447,homes.bg,339,2025-11-06,1578705,,,,
"Двустаен, 67m²","Тухла, Необзаведен, Прокарва се",251000.0,EUR,False, продажба,двустаен,София,жк. Лозенец,,,,https://homes.bg/offer/apartament-za-prodazhba/dvustaen-67m2-sofiya-zhk.-lozenec/as1637965,8.0,2025-11-06 18:04:16.533580,https://www.homes.bg/api/offers?currencyId=1&filterOrderBy=0&locationId=1&typeId=ApartmentSell&neighbourhoods%5B%5D=447,homes.bg,339,2025-11-06,1637965,,,,
"Двустаен, 66m²","Тухла, Необзаведен, Прокарва се",243000.0,EUR,False, продажба,двустаен,София,жк. Лозенец,,,,https://homes.bg/offer/apartament-za-prodazhba/dvustaen-66m2-sofiya-zhk.-lozenec/as1637975,8.0,2025-11-06 18:04:16.533595,https://www.homes.bg/api/offers?currencyId=1&filterOrderBy=0&locationId=1&typeId=ApartmentSell&neighbourhoods%5B%5D=447,homes.bg,339,2025-11-06,1637975,,,,
"Тристаен, 92m²","Тухла, Необзаведен, Прокарва се",337000.0,EUR,False, продажба,тристаен,София,жк. Лозенец,,,,https://homes.bg/offer/apartament-za-prodazhba/tristaen-92m2-sofiya-zhk.-lozenec/as1637976,8.0,2025-11-06 18:04:16.533607,https://www.homes.bg/api/offers?currencyId=1&filterOrderBy=0&locationId=1&typeId=ApartmentSell&neighbourhoods%5B%5D=447,homes.bg,339,2025-11-06,1637976,,,,
"Тристаен, 123m²","Тухла, Необзаведен, Прокарва се",470000.0,EUR,False, продажба,тристаен,София,жк. Лозенец,,,,https://homes.bg/offer/apartament-za-prodazhba/tristaen-123m2-sofiya-zhk.-lozenec/as1637963,8.0,2025-11-06 18:04:16.533620,https://www.homes.bg/api/offers?currencyId=1&filterOrderBy=0&locationId=1&typeId=ApartmentSell&neighbourhoods%5B%5D=447,homes.bg,339,2025-11-06,1637963,,,,
"Многостаен, 182m²","Тухла, Необзаведен, Прокарва се",780000.0,EUR,False, продажба,многостаен,София,жк. Лозенец,,,,https://homes.bg/offer/apartament-za-prodazhba/mnogostaen-182m2-sofiya-zhk.-lozenec/as1578707,10.0,2025-11-06 18:04:16.533633,https://www.homes.bg/api/offers?currencyId=1&filterOrderBy=0&locationId=1&typeId=ApartmentSell&neighbourhoods%5B%5D=447,homes.bg,339,2025-11-06,1578707,,,,
"Тристаен, 121m²","Тухла, Необзаведен, Прокарва се",427000.0,EUR,False, продажба,тристаен,София,жк. Лозенец,,,,https://homes.bg/offer/apartament-za-prodazhba/tristaen-121m2-sofiya-zhk.-lozenec/as1637961,7.0,2025-11-06 18:04:16.533650,https://www.homes.bg/api/offers?currencyId=1&filterOrderBy=0&locationId=1&typeId=ApartmentSell&neighbourhoods%5B%5D=447,homes.bg,339,2025-11-06,1637961,,,,
"Многостаен, 182m²","Тухла, Необзаведен, Прокарва се",780000.0,EUR,False, продажба,многостаен,София,жк. Лозенец,,,,https://homes.bg/offer/apartament-za-prodazhba/mnogostaen-182m2-sofiya-zhk.-lozenec/as1637962,8.0,2025-11-06 18:04:16.533662,https://www.homes.bg/api/offers?currencyId=1&filterOrderBy=0&locationId=1&typeId=ApartmentSell&neighbourhoods%5B%5D=447,homes.bg,339,2025-11-06,1637962,,,,
"Двустаен, 68m²","Тухла, Необзаведен, Прокарва се",245000.0,EUR,False, продажба,двустаен,София,жк. Лозенец,,,,https://homes.bg/offer/apartament-za-prodazhba/dvustaen-68m2-sofiya-zhk.-lozenec/as1637971,8.0,2025-11-06 18:04:16.533675,https://www.homes.bg/api/offers?currencyId=1&filterOrderBy=0&locationId=1&typeId=ApartmentSell&neighbourhoods%5B%5D=447,homes.bg,339,2025-11-06,1637971,,,,
"Двустаен, 67m²","Тухла, Необзаведен, Прокарва се",245000.0,EUR,False, продажба,двустаен,София,жк. Лозенец,,,,https://homes.bg/offer/apartament-za-prodazhba/dvustaen-67m2-sofiya-zhk.-lozenec/as1637966,8.0,2025-11-06 18:04:16.533686,https://www.homes.bg/api/offers?currencyId=1&filterOrderBy=0&locationId=1&typeId=ApartmentSell&neighbourhoods%5B%5D=447,homes.bg,339,2025-11-06,1637966,,,,
"Двустаен, 67m²","Тухла, Необзаведен, Прокарва се",251000.0,EUR,False, продажба,двустаен,София,жк. Лозенец,,,,https://homes.bg/offer/apartament-za-prodazhba/dvustaen-67m2-sofiya-zhk.-lozenec/as1637967,8.0,2025-11-06 18:04:16.533698,https://www.homes.bg/api/offers?currencyId=1&filterOrderBy=0&locationId=1&typeId=ApartmentSell&neighbourhoods%5B%5D=447,homes.bg,339,2025-11-06,1637967,,,,
"Тристаен, 123m²","Тухла, Необзаведен, Прокарва се",470000.0,EUR,False, продажба,тристаен,София,жк. Лозенец,,,,https://homes.bg/offer/apartament-za-prodazhba/tristaen-123m2-sofiya-zhk.-lozenec/as1637510,8.0,2025-11-06 18:04:16.533710,https://www.homes.bg/api/offers?currencyId=1&filterOrderBy=0&locationId=1&typeId=ApartmentSell&neighbourhoods%5B%5D=447,homes.bg,339,2025-11-06,1637510,,,,
"Многостаен, 196m²","Тухла, Необзаведен, Прокарва се",885000.0,EUR,False, продажба,многостаен,София,жк. Лозенец,,,,https://homes.bg/offer/apartament-za-prodazhba/mnogostaen-196m2-sofiya-zhk.-lozenec/as1637969,8.0,2025-11-06 18:04:16.533721,https://www.homes.bg/api/offers?currencyId=1&filterOrderBy=0&locationId=1&typeId=ApartmentSell&neighbourhoods%5B%5D=447,homes.bg,339,2025-11-06,1637969,,,,
"Тристаен, 121m²","Тухла, Необзаведен, Прокарва се",427000.0,EUR,False, продажба,тристаен,София,жк. Лозенец,,,,https://homes.bg/offer/apartament-za-prodazhba/tristaen-121m2-sofiya-zhk.-lozenec/as1637970,8.0,2025-11-06 18:04:16.533733,https://www.homes.bg/api/offers?currencyId=1&filterOrderBy=0&locationId=1&typeId=ApartmentSell&neighbourhoods%5B%5D=447,homes.bg,339,2025-11-06,1637970,,,,
"Двустаен, 67m²","Тухла, Необзаведен, Прокарва се",245000.0,EUR,False, продажба,двустаен,София,жк. Лозенец,,,,https://homes.bg/offer/apartament-za-prodazhba/dvustaen-67m2-sofiya-zhk.-lozenec/as1637511,7.0,2025-11-06 18:04:16.533744,https://www.homes.bg/api/offers?currencyId=1&filterOrderBy=0&locationId=1&typeId=ApartmentSell&neighbourhoods%5B%5D=447,homes.bg,339,2025-11-06,1637511,,,,
"Тристаен, 119m²","Тухла, Необзаведен, Прокарва се",425000.0,EUR,False, продажба,тристаен,София,жк. Лозенец,,,,https://homes.bg/offer/apartament-za-prodazhba/tristaen-119m2-sofiya-zhk.-lozenec/as1637974,8.0,2025-11-06 18:04:16.533756,https://www.homes.bg/api/offers?currencyId=1&filterOrderBy=0&locationId=1&typeId=ApartmentSell&neighbourhoods%5B%5D=447,homes.bg,339,2025-11-06,1637974,,,,
"Тристаен, 123m²","Тухла, Необзаведен, Прокарва се",460000.0,EUR,False, продажба,тристаен,София,жк. Лозенец,,,,https://homes.bg/offer/apartament-za-prodazhba/tristaen-123m2-sofiya-zhk.-lozenec/as1637977,8.0,2025-11-06 18:04:16.533767,https://www.homes.bg/api/offers?currencyId=1&filterOrderBy=0&locationId=1&typeId=ApartmentSell&neighbourhoods%5B%5D=447,homes.bg,339,2025-11-06,1637977,,,,
"Многостаен, 196m²","Тухла, Необзаведен, Прокарва се",860000.0,EUR,False, продажба,многостаен,София,жк. Лозенец,,,,https://homes.bg/offer/apartament-za-prodazhba/mnogostaen-196m2-sofiya-zhk.-lozenec/as1578706,10.0,2025-11-06 18:04:16.533779,https://www.homes.bg/api/offers?currencyId=1&filterOrderBy=0&locationId=1&typeId=ApartmentSell&neighbourhoods%5B%5D=447,homes.bg,339,2025-11-06,1578706,,,,
"Многостаен, 381m²","Тухла, Необзаведен, Прокарва се",1.0,EUR,False, продажба,многостаен,София,жк. Лозенец,,,,https://homes.bg/offer/apartament-za-prodazhba/mnogostaen-381m2-sofiya-zhk.-lozenec/as1578708,10.0,2025-11-06 18:04:16.533791,https://www.homes.bg/api/offers?currencyId=1&filterOrderBy=0&locationId=1&typeId=ApartmentSell&neighbourhoods%5B%5D=447,homes.bg,339,2025-11-06,1578708,,,,
"Двустаен, 66m²","Тухла, Необзаведен, Прокарва се",245000.0,EUR,False, продажба,двустаен,София,жк. Лозенец,,,,https://homes.bg/offer/apartament-za-prodazhba/dvustaen-66m2-sofiya-zhk.-lozenec/as1637960,8.0,2025-11-06 18:04:16.533803,https://www.homes.bg/api/offers?currencyId=1&filterOrderBy=0&locationId=1&typeId=ApartmentSell&neighbourhoods%5B%5D=447,homes.bg,339,2025-11-06,1637960,,,,
"Многостаен, 183m²","Тухла, Необзаведен, Прокарва се",915000.0,EUR,False, продажба,многостаен,София,жк. Лозенец,,,,https://homes.bg/offer/apartament-za-prodazhba/mnogostaen-183m2-sofiya-zhk.-lozenec/as1637964,8.0,2025-11-06 18:04:16.533815,https://www.homes.bg/api/offers?currencyId=1&filterOrderBy=0&locationId=1&typeId=ApartmentSell&neighbourhoods%5B%5D=447,homes.bg,339,2025-11-06,1637964,,,,
"Тристаен, 110m²","Тухла, Необзаведен, Прокарва се",389000.0,EUR,False, продажба,тристаен,София,жк. Лозенец,,,,https://homes.bg/offer/apartament-za-prodazhba/tristaen-110m2-sofiya-zhk.-lozenec/as1637968,8.0,2025-11-06 18:04:16.533826,https://www.homes.bg/api/offers?currencyId=1&filterOrderBy=0&locationId=1&typeId=ApartmentSell&neighbourhoods%5B%5D=447,homes.bg,339,2025-11-06,1637968,,,,
"Тристаен, 123m²","Тухла, Необзаведен, Прокарва се",473000.0,EUR,False, продажба,тристаен,София,жк. Лозенец,,,,https://homes.bg/offer/apartament-za-prodazhba/tristaen-123m2-sofiya-zhk.-lozenec/as1637973,8.0,2025-11-06 18:04:16.533837,https://www.homes.bg/api/offers?currencyId=1&filterOrderBy=0&locationId=1&typeId=ApartmentSell&neighbourhoods%5B%5D=447,homes.bg,339,2025-11-06,1637973,,,,
"Четиристаен, 321m²","Тухла, Необзаведен, ТЕЦ",1549500.0,EUR,False, продажба,четиристаен,София,жк. Лозенец,,,,https://homes.bg/offer/apartament-za-prodazhba/chetiristaen-321m2-sofiya-zhk.-lozenec/as1652404,10.0,2025-11-06 18:04:16.533849,https://www.homes.bg/api/offers?currencyId=1&filterOrderBy=0&locationId=1&typeId=ApartmentSell&neighbourhoods%5B%5D=447,homes.bg,339,2025-11-06,1652404,,,,
"Тристаен, 189m²","Тухла, ТЕЦ",680148.0,EUR,False, продажба,тристаен,София,жк. Лозенец,,,,https://homes.bg/offer/apartament-za-prodazhba/tristaen-189m2-sofiya-zhk.-lozenec/as1610246,9.0,2025-11-06 18:04:16.533861,https://www.homes.bg/api/offers?currencyId=1&filterOrderBy=0&locationId=1&typeId=ApartmentSell&neighbourhoods%5B%5D=447,homes.bg,339,2025-11-06,1610246,,,,
"Тристаен, 82m²","ЕПК, Обзаведен, ТЕЦ",320000.0,EUR,False, продажба,тристаен,София,жк. Лозенец,,,,https://homes.bg/offer/apartament-za-prodazhba/tristaen-82m2-sofiya-zhk.-lozenec/as1634641,10.0,2025-11-06 18:04:16.533873,https://www.homes.bg/api/offers?currencyId=1&filterOrderBy=0&locationId=1&typeId=ApartmentSell&neighbourhoods%5B%5D=447,homes.bg,339,2025-11-06,1634641,,,,
"Тристаен, 145m²","Тухла, Полуобзаведен, ТЕЦ",500000.0,EUR,False, продажба,тристаен,София,жк. Лозенец,,,,https://homes.bg/offer/apartament-za-prodazhba/tristaen-145m2-sofiya-zhk.-lozenec/as1612216,10.0,2025-11-06 18:04:16.533885,https://www.homes.bg/api/offers?currencyId=1&filterOrderBy=0&locationId=1&typeId=ApartmentSell&neighbourhoods%5B%5D=447,homes.bg,339,2025-11-06,1612216,,,,
"Тристаен, 145m²","Тухла, Обзаведен, ТЕЦ",500000.0,EUR,False, продажба,тристаен,София,жк. Лозенец,,,,https://homes.bg/offer/apartament-za-prodazhba/tristaen-145m2-sofiya-zhk.-lozenec/as1651298,10.0,2025-11-06 18:04:16.533898,https://www.homes.bg/api/offers?currencyId=1&filterOrderBy=0&locationId=1&typeId=ApartmentSell&neighbourhoods%5B%5D=447,homes.bg,339,2025-11-06,1651298,,,,
"Мезонет, 253m²","Тухла, Обзаведен, Без отопление",499990.0,EUR,False, продажба,мезонет,София,жк. Лозенец,,,,https://homes.bg/offer/apartament-za-prodazhba/mezonet-253m2-sofiya-zhk.-lozenec/as1616523,10.0,2025-11-06 18:04:16.533913,https://www.homes.bg/api/offers?currencyId=1&filterOrderBy=0&locationId=1&typeId=ApartmentSell&neighbourhoods%5B%5D=447,homes.bg,339,2025-11-06,1616523,,,,
"Тристаен, 170m²","Тухла, Необзаведен",500000.0,EUR,False, продажба,тристаен,София,жк. Лозенец,,,,https://homes.bg/offer/apartament-za-prodazhba/tristaen-170m2-sofiya-zhk.-lozenec/as1650892,10.0,2025-11-06 18:04:16.533927,https://www.homes.bg/api/offers?currencyId=1&filterOrderBy=0&locationId=1&typeId=ApartmentSell&neighbourhoods%5B%5D=447,homes.bg,339,2025-11-06,1650892,,,,
"Четиристаен, 246m²","Тухла, Обзаведен, Локално отопление",0.0,EUR,False, продажба,четиристаен,София,жк. Лозенец,,,,https://homes.bg/offer/apartament-za-prodazhba/chetiristaen-246m2-sofiya-zhk.-lozenec/as853844,10.0,2025-11-06 18:04:16.533942,https://www.homes.bg/api/offers?currencyId=1&filterOrderBy=0&locationId=1&typeId=ApartmentSell&neighbourhoods%5B%5D=447,homes.bg,339,2025-11-06,853844,,,,
"Мезонет, 255m²","Тухла, Полуобзаведен, ТЕЦ",0.0,EUR,False, продажба,мезонет,София,жк. Лозенец,,,,https://homes.bg/offer/apartament-za-prodazhba/mezonet-255m2-sofiya-zhk.-lozenec/as829713,10.0,2025-11-06 18:04:16.533956,https://www.homes.bg/api/offers?currencyId=1&filterOrderBy=0&locationId=1&typeId=ApartmentSell&neighbourhoods%5B%5D=447,homes.bg,339,2025-11-06,829713,,,,
"Тристаен, 133m²","Тухла, Обзаведен, Локално отопление",532000.0,EUR,False, продажба,тристаен,София,жк. Лозенец,,,,https://homes.bg/offer/apartament-za-prodazhba/tristaen-133m2-sofiya-zhk.-lozenec/as1431151,10.0,2025-11-06 18:04:16.533969,https://www.homes.bg/api/offers?currencyId=1&filterOrderBy=0&locationId=1&typeId=ApartmentSell&neighbourhoods%5B%5D=447,homes.bg,339,2025-11-06,1431151,,,,
"Тристаен, 128m²","Необзаведен, Електричество",432500.0,EUR,False, продажба,тристаен,София,жк. Лозенец,,,,https://homes.bg/offer/apartament-za-prodazhba/tristaen-128m2-sofiya-zhk.-lozenec/as1581841,10.0,2025-11-06 18:04:16.533994,https://www.homes.bg/api/offers?currencyId=1&filterOrderBy=0&locationId=1&typeId=ApartmentSell&neighbourhoods%5B%5D=447,homes.bg,339,2025-11-06,1581841,,,,
"Тристаен, 111m²","ЕПК, Полуобзаведен, ТЕЦ",420000.0,EUR,False, продажба,тристаен,София,жк. Лозенец,,,,https://homes.bg/offer/apartament-za-prodazhba/tristaen-111m2-sofiya-zhk.-lozenec/as1640636,10.0,2025-11-06 18:04:16.534009,https://www.homes.bg/api/offers?currencyId=1&filterOrderBy=0&locationId=1&typeId=ApartmentSell&neighbourhoods%5B%5D=447,homes.bg,339,2025-11-06,1640636,,,,
"Тристаен, 88m²","Тухла, Необзаведен, Електричество",479999.0,EUR,False, продажба,тристаен,София,жк. Лозенец,,,,https://homes.bg/offer/apartament-za-prodazhba/tristaen-88m2-sofiya-zhk.-lozenec/as1648424,10.0,2025-11-06 18:04:16.534022,https://www.homes.bg/api/offers?currencyId=1&filterOrderBy=0&locationId=1&typeId=ApartmentSell&neighbourhoods%5B%5D=447,homes.bg,339,2025-11-06,1648424,,,,
"Тристаен, 201m²","Тухла, Необзаведен, ТЕЦ",603240.0,EUR,False, продажба,тристаен,София,жк. Лозенец,,,,https://homes.bg/offer/apartament-za-prodazhba/tristaen-201m2-sofiya-zhk.-lozenec/as1604148,10.0,2025-11-06 18:04:16.534036,https://www.homes.bg/api/offers?currencyId=1&filterOrderBy=0&locationId=1&typeId=ApartmentSell&neighbourhoods%5B%5D=447,homes.bg,339,2025-11-06,1604148,,,,
"Гараж, 44m²",Тухла,112000.0,EUR,False, продажба,,София,жк. Лозенец,,,,https://homes.bg/offer/apartament-za-prodazhba/garazh-44m2-sofiya-zhk.-lozenec/as1626716,5.0,2025-11-06 18:04:16.534049,https://www.homes.bg/api/offers?currencyId=1&filterOrderBy=0&locationId=1&typeId=ApartmentSell&neighbourhoods%5B%5D=447,homes.bg,339,2025-11-06,1626716,,,,
"Многостаен, 460m²","Тухла, Полуобзаведен, ТЕЦ",950000.0,EUR,False, продажба,многостаен,София,жк. Лозенец,,,,https://homes.bg/offer/apartament-za-prodazhba/mnogostaen-460m2-sofiya-zhk.-lozenec/as829711,4.0,2025-11-06 18:04:16.534062,https://www.homes.bg/api/offers?currencyId=1&filterOrderBy=0&locationId=1&typeId=ApartmentSell&neighbourhoods%5B%5D=447,homes.bg,339,2025-11-06,829711,,,,
"Тристаен, 131m²","Тухла, Необзаведен, Прокарва се",410000.0,EUR,False, продажба,тристаен,София,жк. Лозенец,,,,https://homes.bg/offer/apartament-za-prodazhba/tristaen-131m2-sofiya-zhk.-lozenec/as1637950,4.0,2025-11-06 18:04:16.534075,https://www.homes.bg/api/offers?currencyId=1&filterOrderBy=0&locationId=1&typeId=ApartmentSell&neighbourhoods%5B%5D=447,homes.bg,339,2025-11-06,1637950,,,,
"Тристаен, 111m²","Тухла, Прокарва се",530832.0,EUR,False, продажба,тристаен,София,жк. Лозенец,,,,https://homes.bg/offer/apartament-za-prodazhba/tristaen-111m2-sofiya-zhk.-lozenec/as1499029,2.0,2025-11-06 18:04:16.534085,https://www.homes.bg/api/offers?currencyId=1&filterOrderBy=0&locationId=1&typeId=ApartmentSell&neighbourhoods%5B%5D=447,homes.bg,339,2025-11-06,1499029,,,,
"Гараж, 33m²","Тухла, ТЕЦ",70000.0,EUR,False, продажба,,София,жк. Лозенец,,,,https://homes.bg/offer/apartament-za-prodazhba/garazh-33m2-sofiya-zhk.-lozenec/as1643718,1.0,2025-11-06 18:04:16.534097,https://www.homes.bg/api/offers?currencyId=1&filterOrderBy=0&locationId=1&typeId=ApartmentSell&neighbourhoods%5B%5D=447,homes.bg,339,2025-11-06,1643718,,,,
"Тристаен, 116m²","Тухла, Прокарва се",385000.0,EUR,False, продажба,тристаен,София,жк. Лозенец,,,,https://homes.bg/offer/apartament-za-prodazhba/tristaen-116m2-sofiya-zhk.-lozenec/as1623692,2.0,2025-11-06 18:04:16.534107,https://www.homes.bg/api/offers?currencyId=1&filterOrderBy=0&locationId=1&typeId=ApartmentSell&neighbourhoods%5B%5D=447,homes.bg,339,2025-11-06,1623692,,,,
"Двустаен, 68m²","Тухла, Прокарва се",223300.0,EUR,False, продажба,двустаен,София,жк. Лозенец,,,,https://homes.bg/offer/apartament-za-prodazhba/dvustaen-68m2-sofiya-zhk.-lozenec/as1623695,2.0,2025-11-06 18:04:16.534118,https://www.homes.bg/api/offers?currencyId=1&filterOrderBy=0&locationId=1&typeId=ApartmentSell&neighbourhoods%5B%5D=447,homes.bg,339,2025-11-06,1623695,,,,
"Двустаен, 67m²","Тухла, Прокарва се",223300.0,EUR,False, продажба,двустаен,София,жк. Лозенец,,,,https://homes.bg/offer/apartament-za-prodazhba/dvustaen-67m2-sofiya-zhk.-lozenec/as1623696,2.0,2025-11-06 18:04:16.534129,https://www.homes.bg/api/offers?currencyId=1&filterOrderBy=0&locationId=1&typeId=ApartmentSell&neighbourhoods%5B%5D=447,homes.bg,339,2025-11-06,1623696,,,,
"Тристаен, 111m²","Тухла, Прокарва се",358000.0,EUR,False, продажба,тристаен,София,жк. Лозенец,,,,https://homes.bg/offer/apartament-za-prodazhba/tristaen-111m2-sofiya-zhk.-lozenec/as1623699,2.0,2025-11-06 18:04:16.534140,https://www.homes.bg/api/offers?currencyId=1&filterOrderBy=0&locationId=1&typeId=ApartmentSell&neighbourhoods%5B%5D=447,homes.bg,339,2025-11-06,1623699,,,,
"Двустаен, 68m²","Тухла, Прокарва се",251000.0,EUR,False, продажба,двустаен,София,жк. Лозенец,,,,https://homes.bg/offer/apartament-za-prodazhba/dvustaen-68m2-sofiya-zhk.-lozenec/as1623703,2.0,2025-11-06 18:04:16.534151,https://www.homes.bg/api/offers?currencyId=1&filterOrderBy=0&locationId=1&typeId=ApartmentSell&neighbourhoods%5B%5D=447,homes.bg,339,2025-11-06,1623703,,,,
"Тристаен, 121m²","Тухла, Прокарва се",390000.0,EUR,False, продажба,тристаен,София,жк. Лозенец,,,,https://homes.bg/offer/apartament-za-prodazhba/tristaen-121m2-sofiya-zhk.-lozenec/as1623708,2.0,2025-11-06 18:04:16.534162,https://www.homes.bg/api/offers?currencyId=1&filterOrderBy=0&locationId=1&typeId=ApartmentSell&neighbourhoods%5B%5D=447,homes.bg,339,2025-11-06,1623708,,,,
"Тристаен, 123m²","Тухла, Прокарва се",424000.0,EUR,False, продажба,тристаен,София,жк. Лозенец,,,,https://homes.bg/offer/apartament-za-prodazhba/tristaen-123m2-sofiya-zhk.-lozenec/as1623620,2.0,2025-11-06 18:04:16.534173,https://www.homes.bg/api/offers?currencyId=1&filterOrderBy=0&locationId=1&typeId=ApartmentSell&neighbourhoods%5B%5D=447,homes.bg,339,2025-11-06,1623620,,,,
"Двустаен, 67m²","Тухла, Прокарва се",221300.0,EUR,False, продажба,двустаен,София,жк. Лозенец,,,,https://homes.bg/offer/apartament-za-prodazhba/dvustaen-67m2-sofiya-zhk.-lozenec/as1623624,2.0,2025-11-06 18:04:16.534183,https://www.homes.bg/api/offers?currencyId=1&filterOrderBy=0&locationId=1&typeId=ApartmentSell&neighbourhoods%5B%5D=447,homes.bg,339,2025-11-06,1623624,,,,
"Тристаен, 115m²","Тухла, Прокарва се",378000.0,EUR,False, продажба,тристаен,София,жк. Лозенец,,,,https://homes.bg/offer/apartament-za-prodazhba/tristaen-115m2-sofiya-zhk.-lozenec/as1623681,2.0,2025-11-06 18:04:16.534194,https://www.homes.bg/api/offers?currencyId=1&filterOrderBy=0&locationId=1&typeId=ApartmentSell&neighbourhoods%5B%5D=447,homes.bg,339,2025-11-06,1623681,,,,
"Тристаен, 118m²","Тухла, Прокарва се",381000.0,EUR,False, продажба,тристаен,София,жк. Лозенец,,,,https://homes.bg/offer/apartament-za-prodazhba/tristaen-118m2-sofiya-zhk.-lozenec/as1623682,2.0,2025-11-06 18:04:16.534205,https://www.homes.bg/api/offers?currencyId=1&filterOrderBy=0&locationId=1&typeId=ApartmentSell&neighbourhoods%5B%5D=447,homes.bg,339,2025-11-06,1623682,,,,
"Двустаен, 67m²","Тухла, Прокарва се",222300.0,EUR,False, продажба,двустаен,София,жк. Лозенец,,,,https://homes.bg/offer/apartament-za-prodazhba/dvustaen-67m2-sofiya-zhk.-lozenec/as1623684,2.0,2025-11-06 18:04:16.534215,https://www.homes.bg/api/offers?currencyId=1&filterOrderBy=0&locationId=1&typeId=ApartmentSell&neighbourhoods%5B%5D=447,homes.bg,339,2025-11-06,1623684,,,,
"Двустаен, 68m²","Тухла, Прокарва се",240500.0,EUR,False, продажба,двустаен,София,жк. Лозенец,,,,https://homes.bg/offer/apartament-za-prodazhba/dvustaen-68m2-sofiya-zhk.-lozenec/as1623250,2.0,2025-11-06 18:04:16.534225,https://www.homes.bg/api/offers?currencyId=1&filterOrderBy=0&locationId=1&typeId=ApartmentSell&neighbourhoods%5B%5D=447,homes.bg,339,2025-11-06,1623250,,,,
"Тристаен, 123m²","Тухла, Прокарва се",418000.0,EUR,False, продажба,тристаен,София,жк. Лозенец,,,,https://homes.bg/offer/apartament-za-prodazhba/tristaen-123m2-sofiya-zhk.-lozenec/as1623728,2.0,2025-11-06 18:04:16.534236,https://www.homes.bg/api/offers?currencyId=1&filterOrderBy=0&locationId=1&typeId=ApartmentSell&neighbourhoods%5B%5D=447,homes.bg,339,2025-11-06,1623728,,,,
"Тристаен, 123m²","Тухла, Прокарва се",409000.0,EUR,False, продажба,тристаен,София,жк. Лозенец,,,,https://homes.bg/offer/apartament-za-prodazhba/tristaen-123m2-sofiya-zhk.-lozenec/as1623730,2.0,2025-11-06 18:04:16.534246,https://www.homes.bg/api/offers?currencyId=1&filterOrderBy=0&locationId=1&typeId=ApartmentSell&neighbourhoods%5B%5D=447,homes.bg,339,2025-11-06,1623730,,,,
"Тристаен, 123m²","Тухла, Прокарва се",427000.0,EUR,False, продажба,тристаен,София,жк. Лозенец,,,,https://homes.bg/offer/apartament-za-prodazhba/tristaen-123m2-sofiya-zhk.-lozenec/as1623739,2.0,2025-11-06 18:04:16.534257,https://www.homes.bg/api/offers?currencyId=1&filterOrderBy=0&locationId=1&typeId=ApartmentSell&neighbourhoods%5B%5D=447,homes.bg,339,2025-11-06,1623739,,,,
"Двустаен, 68m²","Тухла, Прокарва се",234500.0,EUR,False, продажба,двустаен,София,жк. Лозенец,,,,https://homes.bg/offer/apartament-za-prodazhba/dvustaen-68m2-sofiya-zhk.-lozenec/as1623715,2.0,2025-11-06 18:04:16.534268,https://www.homes.bg/api/offers?currencyId=1&filterOrderBy=0&locationId=1&typeId=ApartmentSell&neighbourhoods%5B%5D=447,homes.bg,339,2025-11-06,1623715,,,,
"Двустаен, 68m²","Тухла, Прокарва се",235000.0,EUR,False, продажба,двустаен,София,жк. Лозенец,,,,https://homes.bg/offer/apartament-za-prodazhba/dvustaen-68m2-sofiya-zhk.-lozenec/as1623994,7.0,2025-11-06 18:04:16.534282,https://www.homes.bg/api/offers?currencyId=1&filterOrderBy=0&locationId=1&typeId=ApartmentSell&neighbourhoods%5B%5D=447,homes.bg,339,2025-11-06,1623994,,,,
"Тристаен, 115m²","Тухла, Прокарва се",388000.0,EUR,False, продажба,тристаен,София,жк. Лозенец,,,,https://homes.bg/offer/apartament-za-prodazhba/tristaen-115m2-sofiya-zhk.-lozenec/as1623996,7.0,2025-11-06 18:04:16.534294,https://www.homes.bg/api/offers?currencyId=1&filterOrderBy=0&locationId=1&typeId=ApartmentSell&neighbourhoods%5B%5D=447,homes.bg,339,2025-11-06,1623996,,,,
"Тристаен, 123m²","Тухла, Прокарва се",430000.0,EUR,False, продажба,тристаен,София,жк. Лозенец,,,,https://homes.bg/offer/apartament-za-prodazhba/tristaen-123m2-sofiya-zhk.-lozenec/as1623758,2.0,2025-11-06 18:04:16.534305,https://www.homes.bg/api/offers?currencyId=1&filterOrderBy=0&locationId=1&typeId=ApartmentSell&neighbourhoods%5B%5D=447,homes.bg,339,2025-11-06,1623758,,,,
"Многостаен, 182m²","Тухла, Прокарва се",730000.0,EUR,False, продажба,многостаен,София,жк. Лозенец,,,,https://homes.bg/offer/apartament-za-prodazhba/mnogostaen-182m2-sofiya-zhk.-lozenec/as1623759,2.0,2025-11-06 18:04:16.534316,https://www.homes.bg/api/offers?currencyId=1&filterOrderBy=0&locationId=1&typeId=ApartmentSell&neighbourhoods%5B%5D=447,homes.bg,339,2025-11-06,1623759,,,,
"Двустаен, 68m²","Тухла, Прокарва се",221300.0,EUR,False, продажба,двустаен,София,жк. Лозенец,,,,https://homes.bg/offer/apartament-za-prodazhba/dvustaen-68m2-sofiya-zhk.-lozenec/as1623828,2.0,2025-11-06 18:04:16.534326,https://www.homes.bg/api/offers?currencyId=1&filterOrderBy=0&locationId=1&typeId=ApartmentSell&neighbourhoods%5B%5D=447,homes.bg,339,2025-11-06,1623828,,,,
"Двустаен, 68m²","Тухла, Прокарва се",224300.0,EUR,False, продажба,двустаен,София,жк. Лозенец,,,,https://homes.bg/offer/apartament-za-prodazhba/dvustaen-68m2-sofiya-zhk.-lozenec/as1623838,2.0,2025-11-06 18:04:16.534337,https://www.homes.bg/api/offers?currencyId=1&filterOrderBy=0&locationId=1&typeId=ApartmentSell&neighbourhoods%5B%5D=447,homes.bg,339,2025-11-06,1623838,,,,
"Двустаен, 68m²","Тухла, Прокарва се",246000.0,EUR,False, продажба,двустаен,София,жк. Лозенец,,,,https://homes.bg/offer/apartament-za-prodazhba/dvustaen-68m2-sofiya-zhk.-lozenec/as1623623,2.0,2025-11-06 18:04:16.534347,https://www.homes.bg/api/offers?currencyId=1&filterOrderBy=0&locationId=1&typeId=ApartmentSell&neighbourhoods%5B%5D=447,homes.bg,339,2025-11-06,1623623,,,,
"Двустаен, 68m²","Тухла, Прокарва се",249000.0,EUR,False, продажба,двустаен,София,жк. Лозенец,,,,https://homes.bg/offer/apartament-za-prodazhba/dvustaen-68m2-sofiya-zhk.-lozenec/as1623674,2.0,2025-11-06 18:04:16.534357,https://www.homes.bg/api/offers?currencyId=1&filterOrderBy=0&locationId=1&typeId=ApartmentSell&neighbourhoods%5B%5D=447,homes.bg,339,2025-11-06,1623674,,,,
"Тристаен, 120m²","Тухла, Прокарва се",386000.0,EUR,False, продажба,тристаен,София,жк. Лозенец,,,,https://homes.bg/offer/apartament-za-prodazhba/tristaen-120m2-sofiya-zhk.-lozenec/as1623679,2.0,2025-11-06 18:04:16.534368,https://www.homes.bg/api/offers?currencyId=1&filterOrderBy=0&locationId=1&typeId=ApartmentSell&neighbourhoods%5B%5D=447,homes.bg,339,2025-11-06,1623679,,,,
"Двустаен, 67m²","Тухла, Прокарва се",224000.0,EUR,False, продажба,двустаен,София,жк. Лозенец,,,,https://homes.bg/offer/apartament-za-prodazhba/dvustaen-67m2-sofiya-zhk.-lozenec/as1623680,2.0,2025-11-06 18:04:16.534379,https://www.homes.bg/api/offers?currencyId=1&filterOrderBy=0&locationId=1&typeId=ApartmentSell&neighbourhoods%5B%5D=447,homes.bg,339,2025-11-06,1623680,,,,
"Тристаен, 119m²","Тухла, Прокарва се",384000.0,EUR,False, продажба,тристаен,София,жк. Лозенец,,,,https://homes.bg/offer/apartament-za-prodazhba/tristaen-119m2-sofiya-zhk.-lozenec/as1623683,2.0,2025-11-06 18:04:16.534390,https://www.homes.bg/api/offers?currencyId=1&filterOrderBy=0&locationId=1&typeId=ApartmentSell&neighbourhoods%5B%5D=447,homes.bg,339,2025-11-06,1623683,,,,
"Двустаен, 68m²","Тухла, Прокарва се",227500.0,EUR,False, продажба,двустаен,София,жк. Лозенец,,,,https://homes.bg/offer/apartament-za-prodazhba/dvustaen-68m2-sofiya-zhk.-lozenec/as1623686,2.0,2025-11-06 18:04:16.534400,https://www.homes.bg/api/offers?currencyId=1&filterOrderBy=0&locationId=1&typeId=ApartmentSell&neighbourhoods%5B%5D=447,homes.bg,339,2025-11-06,1623686,,,,
"Двустаен, 68m²","Тухла, Прокарва се",249000.0,EUR,False, продажба,двустаен,София,жк. Лозенец,,,,https://homes.bg/offer/apartament-za-prodazhba/dvustaen-68m2-sofiya-zhk.-lozenec/as1623689,2.0,2025-11-06 18:04:16.534411,https://www.homes.bg/api/offers?currencyId=1&filterOrderBy=0&locationId=1&typeId=ApartmentSell&neighbourhoods%5B%5D=447,homes.bg,339,2025-11-06,1623689,,,,
"Тристаен, 119m²","Тухла, Прокарва се",386000.0,EUR,False, продажба,тристаен,София,жк. Лозенец,,,,https://homes.bg/offer/apartament-za-prodazhba/tristaen-119m2-sofiya-zhk.-lozenec/as1623694,2.0,2025-11-06 18:04:16.534422,https://www.homes.bg/api/offers?currencyId=1&filterOrderBy=0&locationId=1&typeId=ApartmentSell&neighbourhoods%5B%5D=447,homes.bg,339,2025-11-06,1623694,,,,
"Тристаен, 92m²","Тухла, Прокарва се",341000.0,EUR,False, продажба,тристаен,София,жк. Лозенец,,,,https://homes.bg/offer/apartament-za-prodazhba/tristaen-92m2-sofiya-zhk.-lozenec/as1623698,2.0,2025-11-06 18:04:16.534432,https://www.homes.bg/api/offers?currencyId=1&filterOrderBy=0&locationId=1&typeId=ApartmentSell&neighbourhoods%5B%5D=447,homes.bg,339,2025-11-06,1623698,,,,
"Двустаен, 68m²","Тухла, Прокарва се",224600.0,EUR,False, продажба,двустаен,София,жк. Лозенец,,,,https://homes.bg/offer/apartament-za-prodazhba/dvustaen-68m2-sofiya-zhk.-lozenec/as1623701,2.0,2025-11-06 18:04:16.534442,https://www.homes.bg/api/offers?currencyId=1&filterOrderBy=0&locationId=1&typeId=ApartmentSell&neighbourhoods%5B%5D=447,homes.bg,339,2025-11-06,1623701,,,,
"Тристаен, 115m²","Тухла, Прокарва се",375000.0,EUR,False, продажба,тристаен,София,жк. Лозенец,,,,https://homes.bg/offer/apartament-za-prodazhba/tristaen-115m2-sofiya-zhk.-lozenec/as1623704,2.0,2025-11-06 18:04:16.534453,https://www.homes.bg/api/offers?currencyId=1&filterOrderBy=0&locationId=1&typeId=ApartmentSell&neighbourhoods%5B%5D=447,homes.bg,339,2025-11-06,1623704,,,,
"Тристаен, 120m²","Тухла, Прокарва се",377000.0,EUR,False, продажба,тристаен,София,жк. Лозенец,,,,https://homes.bg/offer/apartament-za-prodazhba/tristaen-120m2-sofiya-zhk.-lozenec/as1623705,2.0,2025-11-06 18:04:16.534464,https://www.homes.bg/api/offers?currencyId=1&filterOrderBy=0&locationId=1&typeId=ApartmentSell&neighbourhoods%5B%5D=447,homes.bg,339,2025-11-06,1623705,,,,
"Тристаен, 115m²","Тухла, Прокарва се",379000.0,EUR,False, продажба,тристаен,София,жк. Лозенец,,,,https://homes.bg/offer/apartament-za-prodazhba/tristaen-115m2-sofiya-zhk.-lozenec/as1623726,1.0,2025-11-06 18:04:16.534474,https://www.homes.bg/api/offers?currencyId=1&filterOrderBy=0&locationId=1&typeId=ApartmentSell&neighbourhoods%5B%5D=447,homes.bg,339,2025-11-06,1623726,,,,
"Тристаен, 123m²","Тухла, Прокарва се",406000.0,EUR,False, продажба,тристаен,София,жк. Лозенец,,,,https://homes.bg/offer/apartament-za-prodazhba/tristaen-123m2-sofiya-zhk.-lozenec/as1623727,2.0,2025-11-06 18:04:16.534484,https://www.homes.bg/api/offers?currencyId=1&filterOrderBy=0&locationId=1&typeId=ApartmentSell&neighbourhoods%5B%5D=447,homes.bg,339,2025-11-06,1623727,,,,
"Тристаен, 123m²","Тухла, Прокарва се",422000.0,EUR,False, продажба,тристаен,София,жк. Лозенец,,,,https://homes.bg/offer/apartament-za-prodazhba/tristaen-123m2-sofiya-zhk.-lozenec/as1623729,2.0,2025-11-06 18:04:16.534495,https://www.homes.bg/api/offers?currencyId=1&filterOrderBy=0&locationId=1&typeId=ApartmentSell&neighbourhoods%5B%5D=447,homes.bg,339,2025-11-06,1623729,,,,
"Тристаен, 123m²","Тухла, Прокарва се",418000.0,EUR,False, продажба,тристаен,София,жк. Лозенец,,,,https://homes.bg/offer/apartament-za-prodazhba/tristaen-123m2-sofiya-zhk.-lozenec/as1623732,2.0,2025-11-06 18:04:16.534506,https://www.homes.bg/api/offers?currencyId=1&filterOrderBy=0&locationId=1&typeId=ApartmentSell&neighbourhoods%5B%5D=447,homes.bg,339,2025-11-06,1623732,,,,
"Тристаен, 123m²","Тухла, Прокарва се",424000.0,EUR,False, продажба,тристаен,София,жк. Лозенец,,,,https://homes.bg/offer/apartament-za-prodazhba/tristaen-123m2-sofiya-zhk.-lozenec/as1623734,2.0,2025-11-06 18:04:16.534516,https://www.homes.bg/api/offers?currencyId=1&filterOrderBy=0&locationId=1&typeId=ApartmentSell&neighbourhoods%5B%5D=447,homes.bg,339,2025-11-06,1623734,,,,
"Тристаен, 123m²","Тухла, Прокарва се",421000.0,EUR,False, продажба,тристаен,София,жк. Лозенец,,,,https://homes.bg/offer/apartament-za-prodazhba/tristaen-123m2-sofiya-zhk.-lozenec/as1623736,2.0,2025-11-06 18:04:16.534526,https://www.homes.bg/api/offers?currencyId=1&filterOrderBy=0&locationId=1&typeId=ApartmentSell&neighbourhoods%5B%5D=447,homes.bg,339,2025-11-06,1623736,,,,
"Тристаен, 123m²","Тухла, Прокарва се",415000.0,EUR,False, продажба,тристаен,София,жк. Лозенец,,,,https://homes.bg/offer/apartament-za-prodazhba/tristaen-123m2-sofiya-zhk.-lozenec/as1623738,2.0,2025-11-06 18:04:16.534536,https://www.homes.bg/api/offers?currencyId=1&filterOrderBy=0&locationId=1&typeId=ApartmentSell&neighbourhoods%5B%5D=447,homes.bg,339,2025-11-06,1623738,,,,
"Двустаен, 68m²","Тухла, Прокарва се",224800.0,EUR,False, продажба,двустаен,София,жк. Лозенец,,,,https://homes.bg/offer/apartament-za-prodazhba/dvustaen-68m2-sofiya-zhk.-lozenec/as1623829,2.0,2025-11-06 18:04:16.534545,https://www.homes.bg/api/offers?currencyId=1&filterOrderBy=0&locationId=1&typeId=ApartmentSell&neighbourhoods%5B%5D=447,homes.bg,339,2025-11-06,1623829,,,,
"Двустаен, 68m²","Тухла, Прокарва се",222300.0,EUR,False, продажба,двустаен,София,жк. Лозенец,,,,https://homes.bg/offer/apartament-za-prodazhba/dvustaen-68m2-sofiya-zhk.-lozenec/as1623832,2.0,2025-11-06 18:04:16.534568,https://www.homes.bg/api/offers?currencyId=1&filterOrderBy=0&locationId=1&typeId=ApartmentSell&neighbourhoods%5B%5D=447,homes.bg,339,2025-11-06,1623832,,,,
"Двустаен, 68m²","Тухла, Прокарва се",226800.0,EUR,False, продажба,двустаен,София,жк. Лозенец,,,,https://homes.bg/offer/apartament-za-prodazhba/dvustaen-68m2-sofiya-zhk.-lozenec/as1623834,2.0,2025-11-06 18:04:16.534580,https://www.homes.bg/api/offers?currencyId=1&filterOrderBy=0&locationId=1&typeId=ApartmentSell&neighbourhoods%5B%5D=447,homes.bg,339,2025-11-06,1623834,,,,
"Двустаен, 67m²","Тухла, Прокарва се",223700.0,EUR,False, продажба,двустаен,София,жк. Лозенец,,,,https://homes.bg/offer/apartament-za-prodazhba/dvustaen-67m2-sofiya-zhk.-lozenec/as1623835,2.0,2025-11-06 18:04:16.534590,https://www.homes.bg/api/offers?currencyId=1&filterOrderBy=0&locationId=1&typeId=ApartmentSell&neighbourhoods%5B%5D=447,homes.bg,339,2025-11-06,1623835,,,,
"Двустаен, 68m²","Тухла, Прокарва се",233500.0,EUR,False, продажба,двустаен,София,жк. Лозенец,,,,https://homes.bg/offer/apartament-za-prodazhba/dvustaen-68m2-sofiya-zhk.-lozenec/as1623841,2.0,2025-11-06 18:04:16.534600,https://www.homes.bg/api/offers?currencyId=1&filterOrderBy=0&locationId=1&typeId=ApartmentSell&neighbourhoods%5B%5D=447,homes.bg,339,2025-11-06,1623841,,,,
"Многостаен, 196m²","Тухла, Прокарва се",885000.0,EUR,False, продажба,многостаен,София,жк. Лозенец,,,,https://homes.bg/offer/apartament-za-prodazhba/mnogostaen-196m2-sofiya-zhk.-lozenec/as1623765,2.0,2025-11-06 18:04:16.534611,https://www.homes.bg/api/offers?currencyId=1&filterOrderBy=0&locationId=1&typeId=ApartmentSell&neighbourhoods%5B%5D=447,homes.bg,339,2025-11-06,1623765,,,,
"Многостаен, 196m²","Тухла, Прокарва се",980000.0,EUR,False, продажба,многостаен,София,жк. Лозенец,,,,https://homes.bg/offer/apartament-za-prodazhba/mnogostaen-196m2-sofiya-zhk.-lozenec/as1623770,2.0,2025-11-06 18:04:16.534620,https://www.homes.bg/api/offers?currencyId=1&filterOrderBy=0&locationId=1&typeId=ApartmentSell&neighbourhoods%5B%5D=447,homes.bg,339,2025-11-06,1623770,,,,
"Двустаен, 67m²","Тухла, Прокарва се",220700.0,EUR,False, продажба,двустаен,София,жк. Лозенец,,,,https://homes.bg/offer/apartament-za-prodazhba/dvustaen-67m2-sofiya-zhk.-lozenec/as1623825,2.0,2025-11-06 18:04:19.740844,https://www.homes.bg/api/offers?currencyId=1&filterOrderBy=0&locationId=1&typeId=ApartmentSell&neighbourhoods%5B%5D=447,homes.bg,339,2025-11-06,1623825,,,,
"Тристаен, 115m²","Тухла, Прокарва се",364000.0,EUR,False, продажба,тристаен,София,жк. Лозенец,,,,https://homes.bg/offer/apartament-za-prodazhba/tristaen-115m2-sofiya-zhk.-lozenec/as1623827,2.0,2025-11-06 18:04:19.740978,https://www.homes.bg/api/offers?currencyId=1&filterOrderBy=0&locationId=1&typeId=ApartmentSell&neighbourhoods%5B%5D=447,homes.bg,339,2025-11-06,1623827,,,,
"Двустаен, 68m²","Тухла, Прокарва се",234000.0,EUR,False, продажба,двустаен,София,жк. Лозенец,,,,https://homes.bg/offer/apartament-za-prodazhba/dvustaen-68m2-sofiya-zhk.-lozenec/as1623990,7.0,2025-11-06 18:04:19.741020,https://www.homes.bg/api/offers?currencyId=1&filterOrderBy=0&locationId=1&typeId=ApartmentSell&neighbourhoods%5B%5D=447,homes.bg,339,2025-11-06,1623990,,,,
"Тристаен, 115m²","Тухла, Прокарва се",385000.0,EUR,False, продажба,тристаен,София,жк. Лозенец,,,,https://homes.bg/offer/apartament-za-prodazhba/tristaen-115m2-sofiya-zhk.-lozenec/as1623993,7.0,2025-11-06 18:04:19.741042,https://www.homes.bg/api/offers?currencyId=1&filterOrderBy=0&locationId=1&typeId=ApartmentSell&neighbourhoods%5B%5D=447,homes.bg,339,2025-11-06,1623993,,,,
"Двустаен, 68m²","Тухла, Прокарва се",229500.0,EUR,False, продажба,двустаен,София,жк. Лозенец,,,,https://homes.bg/offer/apartament-za-prodazhba/dvustaen-68m2-sofiya-zhk.-lozenec/as1623711,2.0,2025-11-06 18:04:19.741059,https://www.homes.bg/api/offers?currencyId=1&filterOrderBy=0&locationId=1&typeId=ApartmentSell&neighbourhoods%5B%5D=447,homes.bg,339,2025-11-06,1623711,,,,
"Тристаен, 92m²","Тухла, Прокарва се",312000.0,EUR,False, продажба,тристаен,София,жк. Лозенец,,,,https://homes.bg/offer/apartament-za-prodazhba/tristaen-92m2-sofiya-zhk.-lozenec/as1623712,2.0,2025-11-06 18:04:19.741074,https://www.homes.bg/api/offers?currencyId=1&filterOrderBy=0&locationId=1&typeId=ApartmentSell&neighbourhoods%5B%5D=447,homes.bg,339,2025-11-06,1623712,,,,
"Тристаен, 115m²","Тухла, Прокарва се",394000.0,EUR,False, продажба,тристаен,София,жк. Лозенец,,,,https://homes.bg/offer/apartament-za-prodazhba/tristaen-115m2-sofiya-zhk.-lozenec/as1623742,2.0,2025-11-06 18:04:19.741089,https://www.homes.bg/api/offers?currencyId=1&filterOrderBy=0&locationId=1&typeId=ApartmentSell&neighbourhoods%5B%5D=447,homes.bg,339,2025-11-06,1623742,,,,
"Тристаен, 123m²","Тухла, Прокарва се",427000.0,EUR,False, продажба,тристаен,София,жк. Лозенец,,,,https://homes.bg/offer/apartament-za-prodazhba/tristaen-123m2-sofiya-zhk.-lozenec/as1623743,2.0,2025-11-06 18:04:19.741103,https://www.homes.bg/api/offers?currencyId=1&filterOrderBy=0&locationId=1&typeId=ApartmentSell&neighbourhoods%5B%5D=447,homes.bg,339,2025-11-06,1623743,,,,
"Многостаен, 196m²","Тухла, Прокарва се",785000.0,EUR,False, продажба,многостаен,София,жк. Лозенец,,,,https://homes.bg/offer/apartament-za-prodazhba/mnogostaen-196m2-sofiya-zhk.-lozenec/as1623760,2.0,2025-11-06 18:04:19.741118,https://www.homes.bg/api/offers?currencyId=1&filterOrderBy=0&locationId=1&typeId=ApartmentSell&neighbourhoods%5B%5D=447,homes.bg,339,2025-11-06,1623760,,,,
"Многостаен, 182m²","Тухла, Прокарва се",780000.0,EUR,False, продажба,многостаен,София,жк. Лозенец,,,,https://homes.bg/offer/apartament-za-prodazhba/mnogostaen-182m2-sofiya-zhk.-lozenec/as1623762,2.0,2025-11-06 18:04:19.741131,https://www.homes.bg/api/offers?currencyId=1&filterOrderBy=0&locationId=1&typeId=ApartmentSell&neighbourhoods%5B%5D=447,homes.bg,339,2025-11-06,1623762,,,,
"Многостаен, 182m²","Тухла, Прокарва се",915000.0,EUR,False, продажба,многостаен,София,жк. Лозенец,,,,https://homes.bg/offer/apartament-za-prodazhba/mnogostaen-182m2-sofiya-zhk.-lozenec/as1623771,2.0,2025-11-06 18:04:19.741146,https://www.homes.bg/api/offers?currencyId=1&filterOrderBy=0&locationId=1&typeId=ApartmentSell&neighbourhoods%5B%5D=447,homes.bg,339,2025-11-06,1623771,,,,
"Двустаен, 68m²","Тухла, Прокарва се",223000.0,EUR,False, продажба,двустаен,София,жк. Лозенец,,,,https://homes.bg/offer/apartament-za-prodazhba/dvustaen-68m2-sofiya-zhk.-lozenec/as1623826,2.0,2025-11-06 18:04:19.741160,https://www.homes.bg/api/offers?currencyId=1&filterOrderBy=0&locationId=1&typeId=ApartmentSell&neighbourhoods%5B%5D=447,homes.bg,339,2025-11-06,1623826,,,,
"Тристаен, 115m²","Тухла, Прокарва се",377000.0,EUR,False, продажба,тристаен,София,жк. Лозенец,,,,https://homes.bg/offer/apartament-za-prodazhba/tristaen-115m2-sofiya-zhk.-lozenec/as1623713,2.0,2025-11-06 18:04:19.741175,https://www.homes.bg/api/offers?currencyId=1&filterOrderBy=0&locationId=1&typeId=ApartmentSell&neighbourhoods%5B%5D=447,homes.bg,339,2025-11-06,1623713,,,,
"Тристаен, 119m²","Тухла, Прокарва се",417000.0,EUR,False, продажба,тристаен,София,жк. Лозенец,,,,https://homes.bg/offer/apartament-za-prodazhba/tristaen-119m2-sofiya-zhk.-lozenec/as1635647,7.0,2025-11-06 18:04:19.741191,https://www.homes.bg/api/offers?currencyId=1&filterOrderBy=0&locationId=1&typeId=ApartmentSell&neighbourhoods%5B%5D=447,homes.bg,339,2025-11-06,1635647,,,,
"Двустаен, 68m²","Тухла, Прокарва се",234200.0,EUR,False, продажба,двустаен,София,жк. Лозенец,,,,https://homes.bg/offer/apartament-za-prodazhba/dvustaen-68m2-sofiya-zhk.-lozenec/as1623731,2.0,2025-11-06 18:04:19.741206,https://www.homes.bg/api/offers?currencyId=1&filterOrderBy=0&locationId=1&typeId=ApartmentSell&neighbourhoods%5B%5D=447,homes.bg,339,2025-11-06,1623731,,,,
"Тристаен, 123m²","Тухла, Прокарва се",418000.0,EUR,False, продажба,тристаен,София,жк. Лозенец,,,,https://homes.bg/offer/apartament-za-prodazhba/tristaen-123m2-sofiya-zhk.-lozenec/as1623740,2.0,2025-11-06 18:04:19.741220,https://www.homes.bg/api/offers?currencyId=1&filterOrderBy=0&locationId=1&typeId=ApartmentSell&neighbourhoods%5B%5D=447,homes.bg,339,2025-11-06,1623740,,,,
"Двустаен, 68m²","Тухла, Прокарва се",237200.0,EUR,False, продажба,двустаен,София,жк. Лозенец,,,,https://homes.bg/offer/apartament-za-prodazhba/dvustaen-68m2-sofiya-zhk.-lozenec/as1623741,2.0,2025-11-06 18:04:19.741236,https://www.homes.bg/api/offers?currencyId=1&filterOrderBy=0&locationId=1&typeId=ApartmentSell&neighbourhoods%5B%5D=447,homes.bg,339,2025-11-06,1623741,,,,
"Тристаен, 111m²","Тухла, Прокарва се",356000.0,EUR,False, продажба,тристаен,София,жк. Лозенец,,,,https://homes.bg/offer/apartament-za-prodazhba/tristaen-111m2-sofiya-zhk.-lozenec/as1623688,2.0,2025-11-06 18:04:19.741252,https://www.homes.bg/api/offers?currencyId=1&filterOrderBy=0&locationId=1&typeId=ApartmentSell&neighbourhoods%5B%5D=447,homes.bg,339,2025-11-06,1623688,,,,
"Тристаен, 121m²","Тухла, Прокарва се",388000.0,EUR,False, продажба,тристаен,София,жк. Лозенец,,,,https://homes.bg/offer/apartament-za-prodazhba/tristaen-121m2-sofiya-zhk.-lozenec/as1623693,2.0,2025-11-06 18:04:19.741267,https://www.homes.bg/api/offers?currencyId=1&filterOrderBy=0&locationId=1&typeId=ApartmentSell&neighbourhoods%5B%5D=447,homes.bg,339,2025-11-06,1623693,,,,
"Двустаен, 67m²","Тухла, Прокарва се",223300.0,EUR,False, продажба,двустаен,София,жк. Лозенец,,,,https://homes.bg/offer/apartament-za-prodazhba/dvustaen-67m2-sofiya-zhk.-lozenec/as1623697,2.0,2025-11-06 18:04:19.741282,https://www.homes.bg/api/offers?currencyId=1&filterOrderBy=0&locationId=1&typeId=ApartmentSell&neighbourhoods%5B%5D=447,homes.bg,339,2025-11-06,1623697,,,,
"Тристаен, 123m²","Тухла, Прокарва се",405000.0,EUR,False, продажба,тристаен,София,жк. Лозенец,,,,https://homes.bg/offer/apartament-za-prodazhba/tristaen-123m2-sofiya-zhk.-lozenec/as1623706,2.0,2025-11-06 18:04:19.741297,https://www.homes.bg/api/offers?currencyId=1&filterOrderBy=0&locationId=1&typeId=ApartmentSell&neighbourhoods%5B%5D=447,homes.bg,339,2025-11-06,1623706,,,,
"Двустаен, 67m²","Тухла, Прокарва се",224300.0,EUR,False, продажба,двустаен,София,жк. Лозенец,,,,https://homes.bg/offer/apartament-za-prodazhba/dvustaen-67m2-sofiya-zhk.-lozenec/as1623707,2.0,2025-11-06 18:04:19.741310,https://www.homes.bg/api/offers?currencyId=1&filterOrderBy=0&locationId=1&typeId=ApartmentSell&neighbourhoods%5B%5D=447,homes.bg,339,2025-11-06,1623707,,,,
"Тристаен, 123m²","Тухла, Прокарва се",427000.0,EUR,False, продажба,тристаен,София,жк. Лозенец,,,,https://homes.bg/offer/apartament-za-prodazhba/tristaen-123m2-sofiya-zhk.-lozenec/as1623621,2.0,2025-11-06 18:04:19.741325,https://www.homes.bg/api/offers?currencyId=1&filterOrderBy=0&locationId=1&typeId=ApartmentSell&neighbourhoods%5B%5D=447,homes.bg,339,2025-11-06,1623621,,,,
"Двустаен, 68m²","Тухла, Прокарва се",244000.0,EUR,False, продажба,двустаен,София,жк. Лозенец,,,,https://homes.bg/offer/apartament-za-prodazhba/dvustaen-68m2-sofiya-zhk.-lozenec/as1623675,2.0,2025-11-06 18:04:19.741338,https://www.homes.bg/api/offers?currencyId=1&filterOrderBy=0&locationId=1&typeId=ApartmentSell&neighbourhoods%5B%5D=447,homes.bg,339,2025-11-06,1623675,,,,
"Двустаен, 67m²","Тухла, Прокарва се",245000.0,EUR,False, продажба,двустаен,София,жк. Лозенец,,,,https://homes.bg/offer/apartament-za-prodazhba/dvustaen-67m2-sofiya-zhk.-lozenec/as1623678,2.0,2025-11-06 18:04:19.741352,https://www.homes.bg/api/offers?currencyId=1&filterOrderBy=0&locationId=1&typeId=ApartmentSell&neighbourhoods%5B%5D=447,homes.bg,339,2025-11-06,1623678,,,,
"Тристаен, 92m²","Тухла, Прокарва се",308000.0,EUR,False, продажба,тристаен,София,жк. Лозенец,,,,https://homes.bg/offer/apartament-za-prodazhba/tristaen-92m2-sofiya-zhk.-lozenec/as1623687,2.0,2025-11-06 18:04:19.741366,https://www.homes.bg/api/offers?currencyId=1&filterOrderBy=0&locationId=1&typeId=ApartmentSell&neighbourhoods%5B%5D=447,homes.bg,339,2025-11-06,1623687,,,,
"Двустаен, 68m²","Тухла, Прокарва се",225000.0,EUR,False, продажба,двустаен,София,жк. Лозенец,,,,https://homes.bg/offer/apartament-za-prodazhba/dvustaen-68m2-sofiya-zhk.-lozenec/as1622568,2.0,2025-11-06 18:04:19.741379,https://www.homes.bg/api/offers?currencyId=1&filterOrderBy=0&locationId=1&typeId=ApartmentSell&neighbourhoods%5B%5D=447,homes.bg,339,2025-11-06,1622568,,,,
"Двустаен, 68m²","Тухла, Прокарва се",222600.0,EUR,False, продажба,двустаен,София,жк. Лозенец,,,,https://homes.bg/offer/apartament-za-prodazhba/dvustaen-68m2-sofiya-zhk.-lozenec/as1623830,2.0,2025-11-06 18:04:19.741393,https://www.homes.bg/api/offers?currencyId=1&filterOrderBy=0&locationId=1&typeId=ApartmentSell&neighbourhoods%5B%5D=447,homes.bg,339,2025-11-06,1623830,,,,
"Двустаен, 68m²","Тухла, Прокарва се",226000.0,EUR,False, продажба,двустаен,София,жк. Лозенец,,,,https://homes.bg/offer/apartament-za-prodazhba/dvustaen-68m2-sofiya-zhk.-lozenec/as1623836,2.0,2025-11-06 18:04:19.741407,https://www.homes.bg/api/offers?currencyId=1&filterOrderBy=0&locationId=1&typeId=ApartmentSell&neighbourhoods%5B%5D=447,homes.bg,339,2025-11-06,1623836,,,,
"Тристаен, 115m²","Тухла, Прокарва се",370000.0,EUR,False, продажба,тристаен,София,жк. Лозенец,,,,https://homes.bg/offer/apartament-za-prodazhba/tristaen-115m2-sofiya-zhk.-lozenec/as1623837,2.0,2025-11-06 18:04:19.741421,https://www.homes.bg/api/offers?currencyId=1&filterOrderBy=0&locationId=1&typeId=ApartmentSell&neighbourhoods%5B%5D=447,homes.bg,339,2025-11-06,1623837,,,,
"Двустаен, 68m²","Тухла, Прокарва се",236500.0,EUR,False, продажба,двустаен,София,жк. Лозенец,,,,https://homes.bg/offer/apartament-za-prodazhba/dvustaen-68m2-sofiya-zhk.-lozenec/as1623995,7.0,2025-11-06 18:04:19.741437,https://www.homes.bg/api/offers?currencyId=1&filterOrderBy=0&locationId=1&typeId=ApartmentSell&neighbourhoods%5B%5D=447,homes.bg,339,2025-11-06,1623995,,,,
"Тристаен, 115m²","Тухла, Прокарва се",394000.0,EUR,False, продажба,тристаен,София,жк. Лозенец,,,,https://homes.bg/offer/apartament-za-prodazhba/tristaen-115m2-sofiya-zhk.-lozenec/as1623998,7.0,2025-11-06 18:04:19.741453,https://www.homes.bg/api/offers?currencyId=1&filterOrderBy=0&locationId=1&typeId=ApartmentSell&neighbourhoods%5B%5D=447,homes.bg,339,2025-11-06,1623998,,,,
"Тристаен, 115m²","Тухла, Прокарва се",403000.0,EUR,False, продажба,тристаен,София,жк. Лозенец,,,,https://homes.bg/offer/apartament-za-prodazhba/tristaen-115m2-sofiya-zhk.-lozenec/as1623622,2.0,2025-11-06 18:04:19.741468,https://www.homes.bg/api/offers?currencyId=1&filterOrderBy=0&locationId=1&typeId=ApartmentSell&neighbourhoods%5B%5D=447,homes.bg,339,2025-11-06,1623622,,,,
"Тристаен, 115m²","Тухла, Прокарва се",408000.0,EUR,False, продажба,тристаен,София,жк. Лозенец,,,,https://homes.bg/offer/apartament-za-prodazhba/tristaen-115m2-sofiya-zhk.-lozenec/as1623676,2.0,2025-11-06 18:04:19.741482,https://www.homes.bg/api/offers?currencyId=1&filterOrderBy=0&locationId=1&typeId=ApartmentSell&neighbourhoods%5B%5D=447,homes.bg,339,2025-11-06,1623676,,,,
"Тристаен, 119m²","Тухла, Прокарва се",410000.0,EUR,False, продажба,тристаен,София,жк. Лозенец,,,,https://homes.bg/offer/apartament-za-prodazhba/tristaen-119m2-sofiya-zhk.-lozenec/as1623677,2.0,2025-11-06 18:04:19.741496,https://www.homes.bg/api/offers?currencyId=1&filterOrderBy=0&locationId=1&typeId=ApartmentSell&neighbourhoods%5B%5D=447,homes.bg,339,2025-11-06,1623677,,,,
"Двустаен, 67m²","Тухла, Прокарва се",222300.0,EUR,False, продажба,двустаен,София,жк. Лозенец,,,,https://homes.bg/offer/apartament-za-prodazhba/dvustaen-67m2-sofiya-zhk.-lozenec/as1623685,2.0,2025-11-06 18:04:19.741509,https://www.homes.bg/api/offers?currencyId=1&filterOrderBy=0&locationId=1&typeId=ApartmentSell&neighbourhoods%5B%5D=447,homes.bg,339,2025-11-06,1623685,,,,
"Двустаен, 68m²","Тухла, Прокарва се",250000.0,EUR,False, продажба,двустаен,София,жк. Лозенец,,,,https://homes.bg/offer/apartament-za-prodazhba/dvustaen-68m2-sofiya-zhk.-lozenec/as1623690,2.0,2025-11-06 18:04:19.741523,https://www.homes.bg/api/offers?currencyId=1&filterOrderBy=0&locationId=1&typeId=ApartmentSell&neighbourhoods%5B%5D=447,homes.bg,339,2025-11-06,1623690,,,,
"Тристаен, 123m²","Тухла, Прокарва се",403000.0,EUR,False, продажба,тристаен,София,жк. Лозенец,,,,https://homes.bg/offer/apartament-za-prodazhba/tristaen-123m2-sofiya-zhk.-lozenec/as1623691,2.0,2025-11-06 18:04:19.741537,https://www.homes.bg/api/offers?currencyId=1&filterOrderBy=0&locationId=1&typeId=ApartmentSell&neighbourhoods%5B%5D=447,homes.bg,339,2025-11-06,1623691,,,,
"Двустаен, 68m²","Тухла, Прокарва се",223800.0,EUR,False, продажба,двустаен,София,жк. Лозенец,,,,https://homes.bg/offer/apartament-za-prodazhba/dvustaen-68m2-sofiya-zhk.-lozenec/as1623700,2.0,2025-11-06 18:04:19.741551,https://www.homes.bg/api/offers?currencyId=1&filterOrderBy=0&locationId=1&typeId=ApartmentSell&neighbourhoods%5B%5D=447,homes.bg,339,2025-11-06,1623700,,,,
"Двустаен, 68m²","Тухла, Прокарва се",227000.0,EUR,False, продажба,двустаен,София,жк. Лозенец,,,,https://homes.bg/offer/apartament-za-prodazhba/dvustaen-68m2-sofiya-zhk.-lozenec/as1623702,2.0,2025-11-06 18:04:19.741594,https://www.homes.bg/api/offers?currencyId=1&filterOrderBy=0&locationId=1&typeId=ApartmentSell&neighbourhoods%5B%5D=447,homes.bg,339,2025-11-06,1623702,,,,
"Тристаен, 118m²","Тухла, Прокарва се",386000.0,EUR,False, продажба,тристаен,София,жк. Лозенец,,,,https://homes.bg/offer/apartament-za-prodazhba/tristaen-118m2-sofiya-zhk.-lozenec/as1623709,2.0,2025-11-06 18:04:19.741610,https://www.homes.bg/api/offers?currencyId=1&filterOrderBy=0&locationId=1&typeId=ApartmentSell&neighbourhoods%5B%5D=447,homes.bg,339,2025-11-06,1623709,,,,
"Тристаен, 123m²","Тухла, Прокарва се",433000.0,EUR,False, продажба,тристаен,София,жк. Лозенец,,,,https://homes.bg/offer/apartament-za-prodazhba/tristaen-123m2-sofiya-zhk.-lozenec/as1623744,1.0,2025-11-06 18:04:19.741624,https://www.homes.bg/api/offers?currencyId=1&filterOrderBy=0&locationId=1&typeId=ApartmentSell&neighbourhoods%5B%5D=447,homes.bg,339,2025-11-06,1623744,,,,
"Двустаен, 68m²","Тухла, Прокарва се",238200.0,EUR,False, продажба,двустаен,София,жк. Лозенец,,,,https://homes.bg/offer/apartament-za-prodazhba/dvustaen-68m2-sofiya-zhk.-lozenec/as1623756,2.0,2025-11-06 18:04:19.741638,https://www.homes.bg/api/offers?currencyId=1&filterOrderBy=0&locationId=1&typeId=ApartmentSell&neighbourhoods%5B%5D=447,homes.bg,339,2025-11-06,1623756,,,,
"Тристаен, 115m²","Тухла, Прокарва се",397000.0,EUR,False, продажба,тристаен,София,жк. Лозенец,,,,https://homes.bg/offer/apartament-za-prodazhba/tristaen-115m2-sofiya-zhk.-lozenec/as1623757,2.0,2025-11-06 18:04:19.741652,https://www.homes.bg/api/offers?currencyId=1&filterOrderBy=0&locationId=1&typeId=ApartmentSell&neighbourhoods%5B%5D=447,homes.bg,339,2025-11-06,1623757,,,,
"Многостаен, 182m²","Тухла, Прокарва се",730000.0,EUR,False, продажба,многостаен,София,жк. Лозенец,,,,https://homes.bg/offer/apartament-za-prodazhba/mnogostaen-182m2-sofiya-zhk.-lozenec/as1623761,2.0,2025-11-06 18:04:19.741666,https://www.homes.bg/api/offers?currencyId=1&filterOrderBy=0&locationId=1&typeId=ApartmentSell&neighbourhoods%5B%5D=447,homes.bg,339,2025-11-06,1623761,,,,
"Многостаен, 197m²","Тухла, Прокарва се",785000.0,EUR,False, продажба,многостаен,София,жк. Лозенец,,,,https://homes.bg/offer/apartament-za-prodazhba/mnogostaen-197m2-sofiya-zhk.-lozenec/as1623763,2.0,2025-11-06 18:04:19.741680,https://www.homes.bg/api/offers?currencyId=1&filterOrderBy=0&locationId=1&typeId=ApartmentSell&neighbourhoods%5B%5D=447,homes.bg,339,2025-11-06,1623763,,,,
"Многостаен, 182m²","Тухла, Прокарва се",820000.0,EUR,False, продажба,многостаен,София,жк. Лозенец,,,,https://homes.bg/offer/apartament-za-prodazhba/mnogostaen-182m2-sofiya-zhk.-lozenec/as1623764,2.0,2025-11-06 18:04:19.741693,https://www.homes.bg/api/offers?currencyId=1&filterOrderBy=0&locationId=1&typeId=ApartmentSell&neighbourhoods%5B%5D=447,homes.bg,339,2025-11-06,1623764,,,,
"Многостаен, 182m²","Тухла, Прокарва се",820000.0,EUR,False, продажба,многостаен,София,жк. Лозенец,,,,https://homes.bg/offer/apartament-za-prodazhba/mnogostaen-182m2-sofiya-zhk.-lozenec/as1623766,2.0,2025-11-06 18:04:19.741707,https://www.homes.bg/api/offers?currencyId=1&filterOrderBy=0&locationId=1&typeId=ApartmentSell&neighbourhoods%5B%5D=447,homes.bg,339,2025-11-06,1623766,,,,
"Многостаен, 197m²","Тухла, Прокарва се",885000.0,EUR,False, продажба,многостаен,София,жк. Лозенец,,,,https://homes.bg/offer/apartament-za-prodazhba/mnogostaen-197m2-sofiya-zhk.-lozenec/as1623767,2.0,2025-11-06 18:04:19.741720,https://www.homes.bg/api/offers?currencyId=1&filterOrderBy=0&locationId=1&typeId=ApartmentSell&neighbourhoods%5B%5D=447,homes.bg,339,2025-11-06,1623767,,,,
"Многостаен, 182m²","Тухла, Прокарва се",910000.0,EUR,False, продажба,многостаен,София,жк. Лозенец,,,,https://homes.bg/offer/apartament-za-prodazhba/mnogostaen-182m2-sofiya-zhk.-lozenec/as1623768,2.0,2025-11-06 18:04:19.741733,https://www.homes.bg/api/offers?currencyId=1&filterOrderBy=0&locationId=1&typeId=ApartmentSell&neighbourhoods%5B%5D=447,homes.bg,339,2025-11-06,1623768,,,,
"Многостаен, 196m²","Тухла, Прокарва се",980000.0,EUR,False, продажба,многостаен,София,жк. Лозенец,,,,https://homes.bg/offer/apartament-za-prodazhba/mnogostaen-196m2-sofiya-zhk.-lozenec/as1623769,2.0,2025-11-06 18:04:19.741745,https://www.homes.bg/api/offers?currencyId=1&filterOrderBy=0&locationId=1&typeId=ApartmentSell&neighbourhoods%5B%5D=447,homes.bg,339,2025-11-06,1623769,,,,
"Тристаен, 115m²","Тухла, Прокарва се",366000.0,EUR,False, продажба,тристаен,София,жк. Лозенец,,,,https://homes.bg/offer/apartament-za-prodazhba/tristaen-115m2-sofiya-zhk.-lozenec/as1623831,2.0,2025-11-06 18:04:19.741758,https://www.homes.bg/api/offers?currencyId=1&filterOrderBy=0&locationId=1&typeId=ApartmentSell&neighbourhoods%5B%5D=447,homes.bg,339,2025-11-06,1623831,,,,
"Двустаен, 67m²","Тухла, Прокарва се",222700.0,EUR,False, продажба,двустаен,София,жк. Лозенец,,,,https://homes.bg/offer/apartament-za-prodazhba/dvustaen-67m2-sofiya-zhk.-lozenec/as1623833,2.0,2025-11-06 18:04:19.741771,https://www.homes.bg/api/offers?currencyId=1&filterOrderBy=0&locationId=1&typeId=ApartmentSell&neighbourhoods%5B%5D=447,homes.bg,339,2025-11-06,1623833,,,,
"Двустаен, 68m²","Тухла, Прокарва се",227800.0,EUR,False, продажба,двустаен,София,жк. Лозенец,,,,https://homes.bg/offer/apartament-za-prodazhba/dvustaen-68m2-sofiya-zhk.-lozenec/as1623839,2.0,2025-11-06 18:04:19.741785,https://www.homes.bg/api/offers?currencyId=1&filterOrderBy=0&locationId=1&typeId=ApartmentSell&neighbourhoods%5B%5D=447,homes.bg,339,2025-11-06,1623839,,,,
"Двустаен, 68m²","Тухла, Прокарва се",225600.0,EUR,False, продажба,двустаен,София,жк. Лозенец,,,,https://homes.bg/offer/apartament-za-prodazhba/dvustaen-68m2-sofiya-zhk.-lozenec/as1623840,2.0,2025-11-06 18:04:19.741798,https://www.homes.bg/api/offers?currencyId=1&filterOrderBy=0&locationId=1&typeId=ApartmentSell&neighbourhoods%5B%5D=447,homes.bg,339,2025-11-06,1623840,,,,
"Двустаен, 68m²","Тухла, Прокарва се",236500.0,EUR,False, продажба,двустаен,София,жк. Лозенец,,,,https://homes.bg/offer/apartament-za-prodazhba/dvustaen-68m2-sofiya-zhk.-lozenec/as1623733,2.0,2025-11-06 18:04:19.741812,https://www.homes.bg/api/offers?currencyId=1&filterOrderBy=0&locationId=1&typeId=ApartmentSell&neighbourhoods%5B%5D=447,homes.bg,339,2025-11-06,1623733,,,,
"Двустаен, 68m²","Тухла, Прокарва се",235000.0,EUR,False, продажба,двустаен,София,жк. Лозенец,,,,https://homes.bg/offer/apartament-za-prodazhba/dvustaen-68m2-sofiya-zhk.-lozenec/as1623735,2.0,2025-11-06 18:04:19.741825,https://www.homes.bg/api/offers?currencyId=1&filterOrderBy=0&locationId=1&typeId=ApartmentSell&neighbourhoods%5B%5D=447,homes.bg,339,2025-11-06,1623735,,,,
"Двустаен, 68m²","Тухла, Прокарва се",237500.0,EUR,False, продажба,двустаен,София,жк. Лозенец,,,,https://homes.bg/offer/apartament-za-prodazhba/dvustaen-68m2-sofiya-zhk.-lozenec/as1623737,2.0,2025-11-06 18:04:19.741839,https://www.homes.bg/api/offers?currencyId=1&filterOrderBy=0&locationId=1&typeId=ApartmentSell&neighbourhoods%5B%5D=447,homes.bg,339,2025-11-06,1623737,,,,
"Двустаен, 68m²","Тухла, Прокарва се",235500.0,EUR,False, продажба,двустаен,София,жк. Лозенец,,,,https://homes.bg/offer/apartament-za-prodazhba/dvustaen-68m2-sofiya-zhk.-lozenec/as1623992,7.0,2025-11-06 18:04:19.741856,https://www.homes.bg/api/offers?currencyId=1&filterOrderBy=0&locationId=1&typeId=ApartmentSell&neighbourhoods%5B%5D=447,homes.bg,339,2025-11-06,1623992,,,,
"Двустаен, 67m²","Тухла, Прокарва се",224300.0,EUR,False, продажба,двустаен,София,жк. Лозенец,,,,https://homes.bg/offer/apartament-za-prodazhba/dvustaen-67m2-sofiya-zhk.-lozenec/as1623710,2.0,2025-11-06 18:04:19.741870,https://www.homes.bg/api/offers?currencyId=1&filterOrderBy=0&locationId=1&typeId=ApartmentSell&neighbourhoods%5B%5D=447,homes.bg,339,2025-11-06,1623710,,,,
"Четиристаен, 120m²","ЕПК, Полуобзаведен, ТЕЦ",426990.0,EUR,False, продажба,четиристаен,София,жк. Лозенец,,,,https://homes.bg/offer/apartament-za-prodazhba/chetiristaen-120m2-sofiya-zhk.-lozenec/as1638055,10.0,2025-11-06 18:04:19.741889,https://www.homes.bg/api/offers?currencyId=1&filterOrderBy=0&locationId=1&typeId=ApartmentSell&neighbourhoods%5B%5D=447,homes.bg,339,2025-11-06,1638055,,,,
"Тристаен, 112m²","Тухла, Прокарва се",448000.0,EUR,False, продажба,тристаен,София,жк. Лозенец,,,,https://homes.bg/offer/apartament-za-prodazhba/tristaen-112m2-sofiya-zhk.-lozenec/as1637076,8.0,2025-11-06 18:04:19.741906,https://www.homes.bg/api/offers?currencyId=1&filterOrderBy=0&locationId=1&typeId=ApartmentSell&neighbourhoods%5B%5D=447,homes.bg,339,2025-11-06,1637076,,,,
"Тристаен, 81m²","Тухла, Необзаведен, Електричество",297000.0,EUR,False, продажба,тристаен,София,жк. Лозенец,,,,https://homes.bg/offer/apartament-za-prodazhba/tristaen-81m2-sofiya-zhk.-lozenec/as1646615,10.0,2025-11-06 18:04:19.741925,https://www.homes.bg/api/offers?currencyId=1&filterOrderBy=0&locationId=1&typeId=ApartmentSell&neighbourhoods%5B%5D=447,homes.bg,339,2025-11-06,1646615,,,,
"Многостаен, 236m²",Тухла,650000.0,EUR,False, продажба,многостаен,София,жк. Лозенец,,,,https://homes.bg/offer/apartament-za-prodazhba/mnogostaen-236m2-sofiya-zhk.-lozenec/as1629251,10.0,2025-11-06 18:04:19.741943,https://www.homes.bg/api/offers?currencyId=1&filterOrderBy=0&locationId=1&typeId=ApartmentSell&neighbourhoods%5B%5D=447,homes.bg,339,2025-11-06,1629251,,,,
"Двустаен, 55m²","Тухла, Обзаведен, ТЕЦ",255000.0,EUR,False, продажба,двустаен,София,жк. Лозенец,,,,https://homes.bg/offer/apartament-za-prodazhba/dvustaen-55m2-sofiya-zhk.-lozenec/as1645999,10.0,2025-11-06 18:04:19.741960,https://www.homes.bg/api/offers?currencyId=1&filterOrderBy=0&locationId=1&typeId=ApartmentSell&neighbourhoods%5B%5D=447,homes.bg,339,2025-11-06,1645999,,,,
"Двустаен, 100m²","Тухла, Обзаведен, Електричество",339000.0,EUR,False, продажба,двустаен,София,жк. Лозенец,,,,https://homes.bg/offer/apartament-za-prodazhba/dvustaen-100m2-sofiya-zhk.-lozenec/as1646153,10.0,2025-11-06 18:04:19.741975,https://www.homes.bg/api/offers?currencyId=1&filterOrderBy=0&locationId=1&typeId=ApartmentSell&neighbourhoods%5B%5D=447,homes.bg,339,2025-11-06,1646153,,,,
"Тристаен, 118m²","Тухла, ТЕЦ",414000.0,EUR,False, продажба,тристаен,София,жк. Лозенец,,,,https://homes.bg/offer/apartament-za-prodazhba/tristaen-118m2-sofiya-zhk.-lozenec/as1605067,8.0,2025-11-06 18:04:19.741988,https://www.homes.bg/api/offers?currencyId=1&filterOrderBy=0&locationId=1&typeId=ApartmentSell&neighbourhoods%5B%5D=447,homes.bg,339,2025-11-06,1605067,,,,
"Гараж, 25m²","Тухла, Необзаведен, Електричество",75000.0,EUR,False, продажба,,София,жк. Лозенец,,,,https://homes.bg/offer/apartament-za-prodazhba/garazh-25m2-sofiya-zhk.-lozenec/as1605363,2.0,2025-11-06 18:04:19.742001,https://www.homes.bg/api/offers?currencyId=1&filterOrderBy=0&locationId=1&typeId=ApartmentSell&neighbourhoods%5B%5D=447,homes.bg,339,2025-11-06,1605363,,,,
"Двустаен, 100m²","Тухла, Обзаведен, Електричество",339000.0,EUR,False, продажба,двустаен,София,жк. Лозенец,,,,https://homes.bg/offer/apartament-za-prodazhba/dvustaen-100m2-sofiya-zhk.-lozenec/as1645851,10.0,2025-11-06 18:04:19.742017,https://www.homes.bg/api/offers?currencyId=1&filterOrderBy=0&locationId=1&typeId=ApartmentSell&neighbourhoods%5B%5D=447,homes.bg,339,2025-11-06,1645851,,,,
"Многостаен, 117m²","Тухла, Обзаведен, Електричество",385000.0,EUR,False, продажба,многостаен,София,жк. Лозенец,,,,https://homes.bg/offer/apartament-za-prodazhba/mnogostaen-117m2-sofiya-zhk.-lozenec/as1644556,10.0,2025-11-06 18:04:19.742030,https://www.homes.bg/api/offers?currencyId=1&filterOrderBy=0&locationId=1&typeId=ApartmentSell&neighbourhoods%5B%5D=447,homes.bg,339,2025-11-06,1644556,,,,
"Едностаен, 44m²","Тухла, Обзаведен, Електричество",112000.0,EUR,False, продажба,едностаен,София,жк. Лозенец,,,,https://homes.bg/offer/apartament-za-prodazhba/ednostaen-44m2-sofiya-zhk.-lozenec/as1644305,5.0,2025-11-06 18:04:19.742043,https://www.homes.bg/api/offers?currencyId=1&filterOrderBy=0&locationId=1&typeId=ApartmentSell&neighbourhoods%5B%5D=447,homes.bg,339,2025-11-06,1644305,,,,
"Тристаен, 102m²","ЕПК, Полуобзаведен, ТЕЦ",480000.0,EUR,False, продажба,тристаен,София,жк. Лозенец,,,,https://homes.bg/offer/apartament-za-prodazhba/tristaen-102m2-sofiya-zhk.-lozenec/as1632411,10.0,2025-11-06 18:04:19.742058,https://www.homes.bg/api/offers?currencyId=1&filterOrderBy=0&locationId=1&typeId=ApartmentSell&neighbourhoods%5B%5D=447,homes.bg,339,2025-11-06,1632411,,,,
"Четиристаен, 183m²","Тухла, Необзаведен, Локално отопление",380000.0,EUR,False, продажба,четиристаен,София,жк. Лозенец,,,,https://homes.bg/offer/apartament-za-prodazhba/chetiristaen-183m2-sofiya-zhk.-lozenec/as1611772,9.0,2025-11-06 18:04:19.742072,https://www.homes.bg/api/offers?currencyId=1&filterOrderBy=0&locationId=1&typeId=ApartmentSell&neighbourhoods%5B%5D=447,homes.bg,339,2025-11-06,1611772,,,,
"Двустаен, 63m²","Тухла, Необзаведен, ТЕЦ",283000.0,EUR,False, продажба,двустаен,София,жк. Лозенец,,,,https://homes.bg/offer/apartament-za-prodazhba/dvustaen-63m2-sofiya-zhk.-lozenec/as1643736,10.0,2025-11-06 18:04:19.742087,https://www.homes.bg/api/offers?currencyId=1&filterOrderBy=0&locationId=1&typeId=ApartmentSell&neighbourhoods%5B%5D=447,homes.bg,339,2025-11-06,1643736,,,,
"Четиристаен, 181m²","Необзаведен, Електричество",1049280.0,EUR,False, продажба,четиристаен,София,жк. Лозенец,,,,https://homes.bg/offer/apartament-za-prodazhba/chetiristaen-181m2-sofiya-zhk.-lozenec/as1513254,10.0,2025-11-06 18:04:19.742102,https://www.homes.bg/api/offers?currencyId=1&filterOrderBy=0&locationId=1&typeId=ApartmentSell&neighbourhoods%5B%5D=447,homes.bg,339,2025-11-06,1513254,,,,
"Тристаен, 124m²","Тухла, Необзаведен, Електричество",404215.0,EUR,False, продажба,тристаен,София,жк. Лозенец,,,,https://homes.bg/offer/apartament-za-prodazhba/tristaen-124m2-sofiya-zhk.-lozenec/as1618889,4.0,2025-11-06 18:04:19.742114,https://www.homes.bg/api/offers?currencyId=1&filterOrderBy=0&locationId=1&typeId=ApartmentSell&neighbourhoods%5B%5D=447,homes.bg,339,2025-11-06,1618889,,,,
"Четиристаен, 178m²","Тухла, Обзаведен, Локално отопление",831900.0,EUR,False, продажба,четиристаен,София,жк. Лозенец,,,,https://homes.bg/offer/apartament-za-prodazhba/chetiristaen-178m2-sofiya-zhk.-lozenec/as1609723,10.0,2025-11-06 18:04:19.742130,https://www.homes.bg/api/offers?currencyId=1&filterOrderBy=0&locationId=1&typeId=ApartmentSell&neighbourhoods%5B%5D=447,homes.bg,339,2025-11-06,1609723,,,,
"Четиристаен, 150m²",Тухла,0.0,EUR,False, продажба,четиристаен,София,жк. Лозенец,,,,https://homes.bg/offer/apartament-za-prodazhba/chetiristaen-150m2-sofiya-zhk.-lozenec/as1604629,10.0,2025-11-06 18:04:19.742146,https://www.homes.bg/api/offers?currencyId=1&filterOrderBy=0&locationId=1&typeId=ApartmentSell&neighbourhoods%5B%5D=447,homes.bg,339,2025-11-06,1604629,,,,
"Тристаен, 168m²","Тухла, Полуобзаведен, Локално отопление",550000.0,EUR,False, продажба,тристаен,София,жк. Лозенец,,,,https://homes.bg/offer/apartament-za-prodazhba/tristaen-168m2-sofiya-zhk.-lozenec/as829710,10.0,2025-11-06 18:04:19.742161,https://www.homes.bg/api/offers?currencyId=1&filterOrderBy=0&locationId=1&typeId=ApartmentSell&neighbourhoods%5B%5D=447,homes.bg,339,2025-11-06,829710,,,,
"Тристаен, 201m²","Тухла, Необзаведен, ТЕЦ",723900.0,EUR,False, продажба,тристаен,София,жк. Лозенец,,,,https://homes.bg/offer/apartament-za-prodazhba/tristaen-201m2-sofiya-zhk.-lozenec/as1619848,10.0,2025-11-06 18:04:19.742176,https://www.homes.bg/api/offers?currencyId=1&filterOrderBy=0&locationId=1&typeId=ApartmentSell&neighbourhoods%5B%5D=447,homes.bg,339,2025-11-06,1619848,,,,
"Многостаен, 150m²","Тухла, Необзаведен, ТЕЦ",479668.0,EUR,False, продажба,многостаен,София,жк. Лозенец,,,,https://homes.bg/offer/apartament-za-prodazhba/mnogostaen-150m2-sofiya-zhk.-lozenec/as1638573,10.0,2025-11-06 18:04:19.742190,https://www.homes.bg/api/offers?currencyId=1&filterOrderBy=0&locationId=1&typeId=ApartmentSell&neighbourhoods%5B%5D=447,homes.bg,339,2025-11-06,1638573,,,,
"Тристаен, 90m²","Тухла, Необзаведен, ТЕЦ",423000.0,EUR,False, продажба,тристаен,София,жк. Лозенец,,,,https://homes.bg/offer/apartament-za-prodazhba/tristaen-90m2-sofiya-zhk.-lozenec/as1638571,10.0,2025-11-06 18:04:19.742203,https://www.homes.bg/api/offers?currencyId=1&filterOrderBy=0&locationId=1&typeId=ApartmentSell&neighbourhoods%5B%5D=447,homes.bg,339,2025-11-06,1638571,,,,
"Многостаен, 233m²",Тухла,532740.0,EUR,False, продажба,многостаен,София,жк. Лозенец,,,,https://homes.bg/offer/apartament-za-prodazhba/mnogostaen-233m2-sofiya-zhk.-lozenec/as1606821,2.0,2025-11-06 18:04:19.742215,https://www.homes.bg/api/offers?currencyId=1&filterOrderBy=0&locationId=1&typeId=ApartmentSell&neighbourhoods%5B%5D=447,homes.bg,339,2025-11-06,1606821,,,,
"Тристаен, 139m²","Тухла, Полуобзаведен",552960.0,EUR,False, продажба,тристаен,София,жк. Лозенец,,,,https://homes.bg/offer/apartament-za-prodazhba/tristaen-139m2-sofiya-zhk.-lozenec/as1569746,7.0,2025-11-06 18:04:19.742228,https://www.homes.bg/api/offers?currencyId=1&filterOrderBy=0&locationId=1&typeId=ApartmentSell&neighbourhoods%5B%5D=447,homes.bg,339,2025-11-06,1569746,,,,
"Тристаен, 155m²","Тухла, Необзаведен, ТЕЦ",530138.0,EUR,False, продажба,тристаен,София,жк. Лозенец,,,,https://homes.bg/offer/apartament-za-prodazhba/tristaen-155m2-sofiya-zhk.-lozenec/as1460744,6.0,2025-11-06 18:04:19.742240,https://www.homes.bg/api/offers?currencyId=1&filterOrderBy=0&locationId=1&typeId=ApartmentSell&neighbourhoods%5B%5D=447,homes.bg,339,2025-11-06,1460744,,,,
"Четиристаен, 208m²","Тухла, Необзаведен, ТЕЦ",715276.0,EUR,False, продажба,четиристаен,София,жк. Лозенец,,,,https://homes.bg/offer/apartament-za-prodazhba/chetiristaen-208m2-sofiya-zhk.-lozenec/as1460743,5.0,2025-11-06 18:04:19.742253,https://www.homes.bg/api/offers?currencyId=1&filterOrderBy=0&locationId=1&typeId=ApartmentSell&neighbourhoods%5B%5D=447,homes.bg,339,2025-11-06,1460743,,,,
"Многостаен, 258m²","Тухла, Необзаведен, Електричество",850000.0,EUR,False, продажба,многостаен,София,жк. Лозенец,,,,https://homes.bg/offer/apartament-za-prodazhba/mnogostaen-258m2-sofiya-zhk.-lozenec/as1636163,10.0,2025-11-06 18:04:19.742268,https://www.homes.bg/api/offers?currencyId=1&filterOrderBy=0&locationId=1&typeId=ApartmentSell&neighbourhoods%5B%5D=447,homes.bg,339,2025-11-06,1636163,,,,
"Четиристаен, 129m²",Обзаведен,307700.0,EUR,False, продажба,четиристаен,София,жк. Лозенец,,,,https://homes.bg/offer/apartament-za-prodazhba/chetiristaen-129m2-sofiya-zhk.-lozenec/as1565860,10.0,2025-11-06 18:04:19.742283,https://www.homes.bg/api/offers?currencyId=1&filterOrderBy=0&locationId=1&typeId=ApartmentSell&neighbourhoods%5B%5D=447,homes.bg,339,2025-11-06,1565860,,,,
"Тристаен, 85m²",Обзаведен,268000.0,EUR,False, продажба,тристаен,София,жк. Лозенец,,,,https://homes.bg/offer/apartament-za-prodazhba/tristaen-85m2-sofiya-zhk.-lozenec/as1634678,9.0,2025-11-06 18:04:19.742296,https://www.homes.bg/api/offers?currencyId=1&filterOrderBy=0&locationId=1&typeId=ApartmentSell&neighbourhoods%5B%5D=447,homes.bg,339,2025-11-06,1634678,,,,
"Тристаен, 80m²",Обзаведен,330000.0,EUR,False, продажба,тристаен,София,жк. Лозенец,,,,https://homes.bg/offer/apartament-za-prodazhba/tristaen-80m2-sofiya-zhk.-lozenec/as1634816,10.0,2025-11-06 18:04:19.742310,https://www.homes.bg/api/offers?currencyId=1&filterOrderBy=0&locationId=1&typeId=ApartmentSell&neighbourhoods%5B%5D=447,homes.bg,339,2025-11-06,1634816,,,,
"Тристаен, 101m²",Обзаведен,480000.0,EUR,False, продажба,тристаен,София,жк. Лозенец,,,,https://homes.bg/offer/apartament-za-prodazhba/tristaen-101m2-sofiya-zhk.-lozenec/as1631335,10.0,2025-11-06 18:04:19.742325,https://www.homes.bg/api/offers?currencyId=1&filterOrderBy=0&locationId=1&typeId=ApartmentSell&neighbourhoods%5B%5D=447,homes.bg,339,2025-11-06,1631335,,,,
"Тристаен, 85m²","Тухла, ТЕЦ",350000.0,EUR,False, продажба,тристаен,София,жк. Лозенец,,,,https://homes.bg/offer/apartament-za-prodazhba/tristaen-85m2-sofiya-zhk.-lozenec/as1630105,10.0,2025-11-06 18:04:19.742340,https://www.homes.bg/api/offers?currencyId=1&filterOrderBy=0&locationId=1&typeId=ApartmentSell&neighbourhoods%5B%5D=447,homes.bg,339,2025-11-06,1630105,,,,
"Четиристаен, 253m²",Необзаведен,870677.0,EUR,False, продажба,четиристаен,София,жк. Лозенец,,,,https://homes.bg/offer/apartament-za-prodazhba/chetiristaen-253m2-sofiya-zhk.-lozenec/as1451340,1.0,2025-11-06 18:04:19.742350,https://www.homes.bg/api/offers?currencyId=1&filterOrderBy=0&locationId=1&typeId=ApartmentSell&neighbourhoods%5B%5D=447,homes.bg,339,2025-11-06,1451340,,,,
"Четиристаен, 253m²",Необзаведен,870677.0,EUR,False, продажба,четиристаен,София,жк. Лозенец,,,,https://homes.bg/offer/apartament-za-prodazhba/chetiristaen-253m2-sofiya-zhk.-lozenec/as1451342,1.0,2025-11-06 18:04:19.742360,https://www.homes.bg/api/offers?currencyId=1&filterOrderBy=0&locationId=1&typeId=ApartmentSell&neighbourhoods%5B%5D=447,homes.bg,339,2025-11-06,1451342,,,,
"Тристаен, 222m²",Необзаведен,762137.0,EUR,False, продажба,тристаен,София,жк. Лозенец,,,,https://homes.bg/offer/apartament-za-prodazhba/tristaen-222m2-sofiya-zhk.-lozenec/as1451339,1.0,2025-11-06 18:04:19.742371,https://www.homes.bg/api/offers?currencyId=1&filterOrderBy=0&locationId=1&typeId=ApartmentSell&neighbourhoods%5B%5D=447,homes.bg,339,2025-11-06,1451339,,,,
"Четиристаен, 208m²",Необзаведен,715276.0,EUR,False, продажба,четиристаен,София,жк. Лозенец,,,,https://homes.bg/offer/apartament-za-prodazhba/chetiristaen-208m2-sofiya-zhk.-lozenec/as1451335,1.0,2025-11-06 18:04:19.742381,https://www.homes.bg/api/offers?currencyId=1&filterOrderBy=0&locationId=1&typeId=ApartmentSell&neighbourhoods%5B%5D=447,homes.bg,339,2025-11-06,1451335,,,,
"Тристаен, 222m²",Необзаведен,762137.0,EUR,False, продажба,тристаен,София,жк. Лозенец,,,,https://homes.bg/offer/apartament-za-prodazhba/tristaen-222m2-sofiya-zhk.-lozenec/as1451328,1.0,2025-11-06 18:04:19.742391,https://www.homes.bg/api/offers?currencyId=1&filterOrderBy=0&locationId=1&typeId=ApartmentSell&neighbourhoods%5B%5D=447,homes.bg,339,2025-11-06,1451328,,,,
"Тристаен, 222m²",Необзаведен,762137.0,EUR,False, продажба,тристаен,София,жк. Лозенец,,,,https://homes.bg/offer/apartament-za-prodazhba/tristaen-222m2-sofiya-zhk.-lozenec/as1451341,1.0,2025-11-06 18:04:19.742401,https://www.homes.bg/api/offers?currencyId=1&filterOrderBy=0&locationId=1&typeId=ApartmentSell&neighbourhoods%5B%5D=447,homes.bg,339,2025-11-06,1451341,,,,
"Тристаен, 123m²",Необзаведен,437953.0,EUR,False, продажба,тристаен,София,жк. Лозенец,,,,https://homes.bg/offer/apartament-za-prodazhba/tristaen-123m2-sofiya-zhk.-lozenec/as1451330,1.0,2025-11-06 18:04:19.742411,https://www.homes.bg/api/offers?currencyId=1&filterOrderBy=0&locationId=1&typeId=ApartmentSell&neighbourhoods%5B%5D=447,homes.bg,339,2025-11-06,1451330,,,,
"Тристаен, 173m²",Необзаведен,595918.0,EUR,False, продажба,тристаен,София,жк. Лозенец,,,,https://homes.bg/offer/apartament-za-prodazhba/tristaen-173m2-sofiya-zhk.-lozenec/as1451333,1.0,2025-11-06 18:04:19.742421,https://www.homes.bg/api/offers?currencyId=1&filterOrderBy=0&locationId=1&typeId=ApartmentSell&neighbourhoods%5B%5D=447,homes.bg,339,2025-11-06,1451333,,,,
"Тристаен, 154m²",Необзаведен,530138.0,EUR,False, продажба,тристаен,София,жк. Лозенец,,,,https://homes.bg/offer/apartament-za-prodazhba/tristaen-154m2-sofiya-zhk.-lozenec/as1451334,1.0,2025-11-06 18:04:22.534437,https://www.homes.bg/api/offers?currencyId=1&filterOrderBy=0&locationId=1&typeId=ApartmentSell&neighbourhoods%5B%5D=447,homes.bg,339,2025-11-06,1451334,,,,
"Тристаен, 133m²","Тухла, Необзаведен, Локално отопление",437000.0,EUR,False, продажба,тристаен,София,жк. Лозенец,,,,https://homes.bg/offer/apartament-za-prodazhba/tristaen-133m2-sofiya-zhk.-lozenec/as1555417,2.0,2025-11-06 18:04:22.534505,https://www.homes.bg/api/offers?currencyId=1&filterOrderBy=0&locationId=1&typeId=ApartmentSell&neighbourhoods%5B%5D=447,homes.bg,339,2025-11-06,1555417,,,,
"Тристаен, 76m²","Тухла, Обзаведен, ТЕЦ",367000.0,EUR,False, продажба,тристаен,София,жк. Лозенец,,,,https://homes.bg/offer/apartament-za-prodazhba/tristaen-76m2-sofiya-zhk.-lozenec/as1446721,3.0,2025-11-06 18:04:22.534524,https://www.homes.bg/api/offers?currencyId=1&filterOrderBy=0&locationId=1&typeId=ApartmentSell&neighbourhoods%5B%5D=447,homes.bg,339,2025-11-06,1446721,,,,
"Гараж, 13m²",Тухла,35000.0,EUR,False, продажба,,София,жк. Лозенец,,,,https://homes.bg/offer/apartament-za-prodazhba/garazh-13m2-sofiya-zhk.-lozenec/as1627253,2.0,2025-11-06 18:04:22.534538,https://www.homes.bg/api/offers?currencyId=1&filterOrderBy=0&locationId=1&typeId=ApartmentSell&neighbourhoods%5B%5D=447,homes.bg,339,2025-11-06,1627253,,,,
"Мезонет, 174m²","Тухла, Обзаведен, Електричество",525000.0,EUR,False, продажба,мезонет,София,жк. Лозенец,,,,https://homes.bg/offer/apartament-za-prodazhba/mezonet-174m2-sofiya-zhk.-lozenec/as1624661,10.0,2025-11-06 18:04:22.534554,https://www.homes.bg/api/offers?currencyId=1&filterOrderBy=0&locationId=1&typeId=ApartmentSell&neighbourhoods%5B%5D=447,homes.bg,339,2025-11-06,1624661,,,,
"Тристаен, 83m²",Обзаведен,400000.0,EUR,False, продажба,тристаен,София,жк. Лозенец,,,,https://homes.bg/offer/apartament-za-prodazhba/tristaen-83m2-sofiya-zhk.-lozenec/as1365856,7.0,2025-11-06 18:04:22.534612,https://www.homes.bg/api/offers?currencyId=1&filterOrderBy=0&locationId=1&typeId=ApartmentSell&neighbourhoods%5B%5D=447,homes.bg,339,2025-11-06,1365856,,,,
"Тристаен, 253m²",Тухла,870677.0,EUR,False, продажба,тристаен,София,жк. Лозенец,,,,https://homes.bg/offer/apartament-za-prodazhba/tristaen-253m2-sofiya-zhk.-lozenec/as1465271,2.0,2025-11-06 18:04:22.534633,https://www.homes.bg/api/offers?currencyId=1&filterOrderBy=0&locationId=1&typeId=ApartmentSell&neighbourhoods%5B%5D=447,homes.bg,339,2025-11-06,1465271,,,,
"Тристаен, 132m²","Тухла, Необзаведен",437953.0,EUR,False, продажба,тристаен,София,жк. Лозенец,,,,https://homes.bg/offer/apartament-za-prodazhba/tristaen-132m2-sofiya-zhk.-lozenec/as1540486,1.0,2025-11-06 18:04:22.534646,https://www.homes.bg/api/offers?currencyId=1&filterOrderBy=0&locationId=1&typeId=ApartmentSell&neighbourhoods%5B%5D=447,homes.bg,339,2025-11-06,1540486,,,,
"Тристаен, 221m²",Тухла,762137.0,EUR,False, продажба,тристаен,София,жк. Лозенец,,,,https://homes.bg/offer/apartament-za-prodazhba/tristaen-221m2-sofiya-zhk.-lozenec/as1465272,2.0,2025-11-06 18:04:22.534658,https://www.homes.bg/api/offers?currencyId=1&filterOrderBy=0&locationId=1&typeId=ApartmentSell&neighbourhoods%5B%5D=447,homes.bg,339,2025-11-06,1465272,,,,
"Тристаен, 154m²",Тухла,530138.0,EUR,False, продажба,тристаен,София,жк. Лозенец,,,,https://homes.bg/offer/apartament-za-prodazhba/tristaen-154m2-sofiya-zhk.-lozenec/as1465276,2.0,2025-11-06 18:04:22.534669,https://www.homes.bg/api/offers?currencyId=1&filterOrderBy=0&locationId=1&typeId=ApartmentSell&neighbourhoods%5B%5D=447,homes.bg,339,2025-11-06,1465276,,,,
"Тристаен, 173m²",Тухла,595918.0,EUR,False, продажба,тристаен,София,жк. Лозенец,,,,https://homes.bg/offer/apartament-za-prodazhba/tristaen-173m2-sofiya-zhk.-lozenec/as1465277,2.0,2025-11-06 18:04:22.534680,https://www.homes.bg/api/offers?currencyId=1&filterOrderBy=0&locationId=1&typeId=ApartmentSell&neighbourhoods%5B%5D=447,homes.bg,339,2025-11-06,1465277,,,,
"Двустаен, 253m²",Тухла,870677.0,EUR,False, продажба,двустаен,София,жк. Лозенец,,,,https://homes.bg/offer/apartament-za-prodazhba/dvustaen-253m2-sofiya-zhk.-lozenec/as1464974,2.0,2025-11-06 18:04:22.534690,https://www.homes.bg/api/offers?currencyId=1&filterOrderBy=0&locationId=1&typeId=ApartmentSell&neighbourhoods%5B%5D=447,homes.bg,339,2025-11-06,1464974,,,,
"Тристаен, 221m²",Тухла,762137.0,EUR,False, продажба,тристаен,София,жк. Лозенец,,,,https://homes.bg/offer/apartament-za-prodazhba/tristaen-221m2-sofiya-zhk.-lozenec/as1464975,2.0,2025-11-06 18:04:22.534700,https://www.homes.bg/api/offers?currencyId=1&filterOrderBy=0&locationId=1&typeId=ApartmentSell&neighbourhoods%5B%5D=447,homes.bg,339,2025-11-06,1464975,,,,
"Тристаен, 221m²",Тухла,762137.0,EUR,False, продажба,тристаен,София,жк. Лозенец,,,,https://homes.bg/offer/apartament-za-prodazhba/tristaen-221m2-sofiya-zhk.-lozenec/as1465274,2.0,2025-11-06 18:04:22.534711,https://www.homes.bg/api/offers?currencyId=1&filterOrderBy=0&locationId=1&typeId=ApartmentSell&neighbourhoods%5B%5D=447,homes.bg,339,2025-11-06,1465274,,,,
"Тристаен, 132m²","Тухла, Обзаведен, Локално отопление",460000.0,EUR,False, продажба,тристаен,София,жк. Лозенец,,,,https://homes.bg/offer/apartament-za-prodazhba/tristaen-132m2-sofiya-zhk.-lozenec/as1559301,10.0,2025-11-06 18:04:22.534725,https://www.homes.bg/api/offers?currencyId=1&filterOrderBy=0&locationId=1&typeId=ApartmentSell&neighbourhoods%5B%5D=447,homes.bg,339,2025-11-06,1559301,,,,
"Четиристаен, 143m²","Тухла, Необзаведен, ТЕЦ",615000.0,EUR,False, продажба,четиристаен,София,жк. Лозенец,,,,https://homes.bg/offer/apartament-za-prodazhba/chetiristaen-143m2-sofiya-zhk.-lozenec/as1607821,10.0,2025-11-06 18:04:22.534738,https://www.homes.bg/api/offers?currencyId=1&filterOrderBy=0&locationId=1&typeId=ApartmentSell&neighbourhoods%5B%5D=447,homes.bg,339,2025-11-06,1607821,,,,
"Тристаен, 112m²","Тухла, Необзаведен, Електричество",530832.0,EUR,False, продажба,тристаен,София,жк. Лозенец,,,,https://homes.bg/offer/apartament-za-prodazhba/tristaen-112m2-sofiya-zhk.-lozenec/as1540279,10.0,2025-11-06 18:04:22.534752,https://www.homes.bg/api/offers?currencyId=1&filterOrderBy=0&locationId=1&typeId=ApartmentSell&neighbourhoods%5B%5D=447,homes.bg,339,2025-11-06,1540279,,,,
"Тристаен, 132m²","Тухла, Необзаведен, Електричество",450000.0,EUR,False, продажба,тристаен,София,жк. Лозенец,,,,https://homes.bg/offer/apartament-za-prodazhba/tristaen-132m2-sofiya-zhk.-lozenec/as1561404,10.0,2025-11-06 18:04:22.534765,https://www.homes.bg/api/offers?currencyId=1&filterOrderBy=0&locationId=1&typeId=ApartmentSell&neighbourhoods%5B%5D=447,homes.bg,339,2025-11-06,1561404,,,,
"Тристаен, 136m²","Тухла, Обзаведен, Електричество",408000.0,EUR,False, продажба,тристаен,София,жк. Лозенец,,,,https://homes.bg/offer/apartament-za-prodazhba/tristaen-136m2-sofiya-zhk.-lozenec/as1484872,10.0,2025-11-06 18:04:22.534779,https://www.homes.bg/api/offers?currencyId=1&filterOrderBy=0&locationId=1&typeId=ApartmentSell&neighbourhoods%5B%5D=447,homes.bg,339,2025-11-06,1484872,,,,
"Четиристаен, 125m²",Тухла,492210.0,EUR,False, продажба,четиристаен,София,жк. Лозенец,,,,https://homes.bg/offer/apartament-za-prodazhba/chetiristaen-125m2-sofiya-zhk.-lozenec/as1589572,5.0,2025-11-06 18:04:22.534791,https://www.homes.bg/api/offers?currencyId=1&filterOrderBy=0&locationId=1&typeId=ApartmentSell&neighbourhoods%5B%5D=447,homes.bg,339,2025-11-06,1589572,,,,
"Четиристаен, 132m²","Тухла, Обзаведен, Локално отопление",500000.0,EUR,False, продажба,четиристаен,София,жк. Лозенец,,,,https://homes.bg/offer/apartament-za-prodazhba/chetiristaen-132m2-sofiya-zhk.-lozenec/as1222330,0.0,2025-11-06 18:04:22.534801,https://www.homes.bg/api/offers?currencyId=1&filterOrderBy=0&locationId=1&typeId=ApartmentSell&neighbourhoods%5B%5D=447,homes.bg,339,2025-11-06,1222330,,,,
"Четиристаен, 170m²","Тухла, Обзаведен, Електричество",486000.0,EUR,False, продажба,четиристаен,София,жк. Лозенец,,,,https://homes.bg/offer/apartament-za-prodazhba/chetiristaen-170m2-sofiya-zhk.-lozenec/as1587467,10.0,2025-11-06 18:04:22.534815,https://www.homes.bg/api/offers?currencyId=1&filterOrderBy=0&locationId=1&typeId=ApartmentSell&neighbourhoods%5B%5D=447,homes.bg,339,2025-11-06,1587467,,,,
"Четиристаен, 100m²","Тухла, Необзаведен, Локално отопление",482000.0,EUR,False, продажба,четиристаен,София,жк. Лозенец,,,,https://homes.bg/offer/apartament-za-prodazhba/chetiristaen-100m2-sofiya-zhk.-lozenec/as1359018,1.0,2025-11-06 18:04:22.534825,https://www.homes.bg/api/offers?currencyId=1&filterOrderBy=0&locationId=1&typeId=ApartmentSell&neighbourhoods%5B%5D=447,homes.bg,339,2025-11-06,1359018,,,,
"Четиристаен, 183m²",Тухла,317000.0,EUR,False, продажба,четиристаен,София,жк. Лозенец,,,,https://homes.bg/offer/apartament-za-prodazhba/chetiristaen-183m2-sofiya-zhk.-lozenec/as1412179,4.0,2025-11-06 18:04:22.534836,https://www.homes.bg/api/offers?currencyId=1&filterOrderBy=0&locationId=1&typeId=ApartmentSell&neighbourhoods%5B%5D=447,homes.bg,339,2025-11-06,1412179,,,,
"Гараж, 20m²",Тухла,29900.0,EUR,False, продажба,,София,жк. Лозенец,,,,https://homes.bg/offer/apartament-za-prodazhba/garazh-20m2-sofiya-zhk.-lozenec/as1516127,9.0,2025-11-06 18:04:22.534852,https://www.homes.bg/api/offers?currencyId=1&filterOrderBy=0&locationId=1&typeId=ApartmentSell&neighbourhoods%5B%5D=447,homes.bg,339,2025-11-06,1516127,,,,
"Тристаен, 100m²","Тухла, Необзаведен, ТЕЦ",345000.0,EUR,False, продажба,тристаен,София,жк. Лозенец,,,,https://homes.bg/offer/apartament-za-prodazhba/tristaen-100m2-sofiya-zhk.-lozenec/as1453174,7.0,2025-11-06 18:04:22.534866,https://www.homes.bg/api/offers?currencyId=1&filterOrderBy=0&locationId=1&typeId=ApartmentSell&neighbourhoods%5B%5D=447,homes.bg,339,2025-11-06,1453174,,,,
"Двустаен, 72m²","Тухла, Обзаведен",280000.0,EUR,False, продажба,двустаен,София,жк. Лозенец,,,,https://homes.bg/offer/apartament-za-prodazhba/dvustaen-72m2-sofiya-zhk.-lozenec/as1472586,10.0,2025-11-06 18:04:22.534880,https://www.homes.bg/api/offers?currencyId=1&filterOrderBy=0&locationId=1&typeId=ApartmentSell&neighbourhoods%5B%5D=447,homes.bg,339,2025-11-06,1472586,,,,
"Мезонет, 150m²","Тухла, Обзаведен, ТЕЦ",500000.0,EUR,False, продажба,мезонет,София,жк. Лозенец,,,,https://homes.bg/offer/apartament-za-prodazhba/mezonet-150m2-sofiya-zhk.-lozenec/as1222314,0.0,2025-11-06 18:04:22.534890,https://www.homes.bg/api/offers?currencyId=1&filterOrderBy=0&locationId=1&typeId=ApartmentSell&neighbourhoods%5B%5D=447,homes.bg,339,2025-11-06,1222314,,,,
"Тристаен, 100m²","Тухла, Обзаведен",350000.0,EUR,False, продажба,тристаен,София,жк. Лозенец,,,,https://homes.bg/offer/apartament-za-prodazhba/tristaen-100m2-sofiya-zhk.-lozenec/as1481661,0.0,2025-11-06 18:04:22.534900,https://www.homes.bg/api/offers?currencyId=1&filterOrderBy=0&locationId=1&typeId=ApartmentSell&neighbourhoods%5B%5D=447,homes.bg,339,2025-11-06,1481661,,,,
"Тристаен, 116m²","Тухла, Обзаведен",334000.0,EUR,False, продажба,тристаен,София,жк. Лозенец,,,,https://homes.bg/offer/apartament-za-prodazhba/tristaen-116m2-sofiya-zhk.-lozenec/as1591401,7.0,2025-11-06 18:04:22.534913,https://www.homes.bg/api/offers?currencyId=1&filterOrderBy=0&locationId=1&typeId=ApartmentSell&neighbourhoods%5B%5D=447,homes.bg,339,2025-11-06,1591401,,,,
"Двустаен, 64m²","Тухла, Необзаведен",253000.0,EUR,False, продажба,двустаен,София,жк. Лозенец,,,,https://homes.bg/offer/apartament-za-prodazhba/dvustaen-64m2-sofiya-zhk.-lozenec/as1599839,6.0,2025-11-06 18:04:22.534925,https://www.homes.bg/api/offers?currencyId=1&filterOrderBy=0&locationId=1&typeId=ApartmentSell&neighbourhoods%5B%5D=447,homes.bg,339,2025-11-06,1599839,,,,
"Тристаен, 132m²","Тухла, Необзаведен, ТЕЦ",399000.0,EUR,False, продажба,тристаен,София,жк. Лозенец,,,,https://homes.bg/offer/apartament-za-prodazhba/tristaen-132m2-sofiya-zhk.-lozenec/as1571472,3.0,2025-11-06 18:04:22.534936,https://www.homes.bg/api/offers?currencyId=1&filterOrderBy=0&locationId=1&typeId=ApartmentSell&neighbourhoods%5B%5D=447,homes.bg,339,2025-11-06,1571472,,,,
"Многостаен, 136m²","Тухла, Обзаведен",419000.0,EUR,False, продажба,многостаен,София,жк. Лозенец,,,,https://homes.bg/offer/apartament-za-prodazhba/mnogostaen-136m2-sofiya-zhk.-lozenec/as1568954,7.0,2025-11-06 18:04:22.534950,https://www.homes.bg/api/offers?currencyId=1&filterOrderBy=0&locationId=1&typeId=ApartmentSell&neighbourhoods%5B%5D=447,homes.bg,339,2025-11-06,1568954,,,,
"Тристаен, 109m²","Тухла, Необзаведен",440000.0,EUR,False, продажба,тристаен,София,жк. Лозенец,,,,https://homes.bg/offer/apartament-za-prodazhba/tristaen-109m2-sofiya-zhk.-lozenec/as1644151,2.0,2025-11-06 18:04:22.534961,https://www.homes.bg/api/offers?currencyId=1&filterOrderBy=0&locationId=1&typeId=ApartmentSell&neighbourhoods%5B%5D=447,homes.bg,339,2025-11-06,1644151,,,,
"Тристаен, 138m²",Необзаведен,550000.0,EUR,False, продажба,тристаен,София,жк. Лозенец,,,,https://homes.bg/offer/apartament-za-prodazhba/tristaen-138m2-sofiya-zhk.-lozenec/as1644152,2.0,2025-11-06 18:04:22.534973,https://www.homes.bg/api/offers?currencyId=1&filterOrderBy=0&locationId=1&typeId=ApartmentSell&neighbourhoods%5B%5D=447,homes.bg,339,2025-11-06,1644152,,,,
"Ателие/Таван, 36m²","Тухла, Необзаведен",77000.0,EUR,False, продажба,,София,жк. Лозенец,,,,https://homes.bg/offer/apartament-za-prodazhba/atelie/tavan-36m2-sofiya-zhk.-lozenec/as1571887,0.0,2025-11-06 18:04:22.534983,https://www.homes.bg/api/offers?currencyId=1&filterOrderBy=0&locationId=1&typeId=ApartmentSell&neighbourhoods%5B%5D=447,homes.bg,339,2025-11-06,1571887,,,,
"Тристаен, 85m²","Тухла, Необзаведен",252000.0,EUR,False, продажба,тристаен,София,жк. Лозенец,,,,https://homes.bg/offer/apartament-za-prodazhba/tristaen-85m2-sofiya-zhk.-lozenec/as1578492,7.0,2025-11-06 18:04:22.534995,https://www.homes.bg/api/offers?currencyId=1&filterOrderBy=0&locationId=1&typeId=ApartmentSell&neighbourhoods%5B%5D=447,homes.bg,339,2025-11-06,1578492,,,,
"Тристаен, 150m²","Тухла, Необзаведен",375000.0,EUR,False, продажба,тристаен,София,жк. Лозенец,,,,https://homes.bg/offer/apartament-za-prodazhba/tristaen-150m2-sofiya-zhk.-lozenec/as1602865,5.0,2025-11-06 18:04:22.535007,https://www.homes.bg/api/offers?currencyId=1&filterOrderBy=0&locationId=1&typeId=ApartmentSell&neighbourhoods%5B%5D=447,homes.bg,339,2025-11-06,1602865,,,,
"Многостаен, 240m²",Необзаведен,950000.0,EUR,False, продажба,многостаен,София,жк. Лозенец,,,,https://homes.bg/offer/apartament-za-prodazhba/mnogostaen-240m2-sofiya-zhk.-lozenec/as1643956,4.0,2025-11-06 18:04:22.535019,https://www.homes.bg/api/offers?currencyId=1&filterOrderBy=0&locationId=1&typeId=ApartmentSell&neighbourhoods%5B%5D=447,homes.bg,339,2025-11-06,1643956,,,,
